 819 819
 578 578
 951 951
 181 181
 578 578
 951 951
 181 181
 579 579
 951 951
 183 183
 583 583
 948 948
 193 191
 607 603
 931 933
 252 243
 735 717
 760 791
 712 645
 800 893
 623 373
 916 913
 301 311
 821 836
 573 535
 954 970
 171 112
 554 389
 964 927
 136 265
 459 760
 968 711
 119 801
 410 621
 943 918
 208 295
 643 811
 895 598
 365 937
 904 229
 337 689
 872 835
 436 536
 959 970
 153 114
 506 394
 975 931
 96 250
 337 732
 871 766
 437 700
 960 820
 151 577
 501 952
 975 178
 95 571
 336 956
 870 165
 442 539
 962 969
 142 116
 476 401
 973 937
 103 231
 361 693
 899 830
 353 550
 891 965
 379 131
 918 445
 293 963
 808 138
 606 464
 931 970
 249 113
 729 391
 770 929
 690 257
 834 745
 539 741
 969 748
 117 735
 403 760
 938 712
 225 800
 681 624
 848 915
 504 302
 975 822
 95 571
 336 955
 870 166
 441 540
 961 969
 145 118
 485 407
 974 941
 98 216
 346 660
 883 875
