 609 725
 691 578
 620 707
 683 600
 627 696
 678 614
 633 687
 674 623
 638 681
 670 630
 641 676
 667 635
 644 672
 665 639
 646 669
 663 642
 648 666
 662 645
 649 664
 660 647
 650 662
 659 648
 651 661
 659 650
 652 660
 658 651
 653 659
 657 652
 653 658
 657 652
 654 658
 657 653
 654 657
 656 653
 654 657
 656 654
 654 657
 656 654
 654 656
 656 654
 655 656
 656 654
 655 656
 656 655
 655 656
 656 655
 655 656
 655 655
 655 656
 655 655
 655 655
 655 655
 655 655
 655 655
 655 655
 655 655
 655 655
 655 655
 655 655
 655 655
 655 655
 655 655
 655 655
 655 655
 655 655
 655 655
 655 655
 655 655
 655 655
 655 655
 655 655
 655 655
 655 655
 655 655
 655 655
 655 655
 655 655
 655 655
 655 655
 655 655
 655 655
 655 655
 655 655
 655 655
 655 655
 655 655
 655 655
 655 655
 655 655
 655 655
 655 655
 655 655
 655 655
 655 655
 655 655
 655 655
 655 655
 655 655
 655 655
 655 655
