 4 0
 4 0
 15 1
 15 1
 50 3
 50 3
 99 12
 99 12
 5 40
 5 40
 18 95
 18 95
 55 18
 55 18
 73 59
 73 59
 58 95
 58 95
 52 17
 52 17
 56 57
 56 57
 59 97
 59 97
 57 11
 57 11
 58 40
 58 40
 56 95
 56 95
 56 20
 56 20
 58 62
 58 62
 58 93
 58 93
 58 26
 58 26
 56 75
 56 75
 57 73
 57 73
 58 78
 58 78
 56 69
 56 69
 56 85
 56 85
 57 50
 57 50
 57 99
 57 99
 56 5
 56 5
 59 18
 59 18
 56 59
 56 59
 56 95
 56 95
 57 18
 57 18
 56 58
 56 58
 58 96
 58 96
 57 14
 57 14
 56 47
 56 47
 58 98
 58 98
 56 7
 56 7
 57 24
 57 24
 57 73
 57 73
 58 79
 58 79
 56 66
 56 66
 57 88
 57 88
 56 41
 56 41
 57 95
 57 95
 55 18
 55 18
 57 58
 57 58
 56 96
 56 96
 58 15
 58 15
 55 51
 55 51
 58 99
 58 99
 57 5
 57 5
 57 19
 57 19
 57 60
 57 60
 56 95
 56 95
 57 20
 57 20
 56 63
 56 63
 58 92
 58 92
 58 30
 58 30
 57 84
 57 84
 58 54
 58 54
 54 98
 54 98
 58 7
 58 7
 57 27
 57 27
 58 77
 58 77
 55 69
 55 69
 57 84
 57 84
 57 54
 57 53
 56 98
 56 98
 58 7
 58 7
 56 25
 56 25
 58 73
 58 73
 57 77
 57 77
 57 70
 57 70
 56 83
 56 83
 57 56
 57 56
 55 97
 55 97
 59 10
 59 10
 57 36
 57 36
 56 91
 56 91
 58 33
 58 33
 57 88
 57 88
 56 43
 56 43
 56 97
 56 97
 59 12
 59 12
 57 41
 57 41
 56 96
 56 96
 58 16
 58 16
 57 53
 57 53
 57 98
 57 98
 59 6
 59 6
 55 23
 55 23
 59 70
 59 70
 56 84
 56 84
 58 54
 58 54
 56 98
 56 98
 56 8
 56 8
 58 28
 58 28
 58 79
 58 79
 57 65
 57 65
 59 90
 59 90
 57 37
 57 37
 55 92
 55 92
 61 29
 61 29
 55 82
 55 82
 58 59
 58 59
 57 95
 57 95
 54 18
 54 18
 59 57
 59 57
 56 97
 56 97
 59 12
 59 12
 57 43
 57 43
 57 97
 57 97
 56 12
 56 12
 58 43
 58 43
 57 97
 57 97
 58 12
 58 12
 57 43
 57 43
 56 97
 56 97
 57 13
 57 13
 58 44
 58 44
 56 97
 56 97
 56 11
 56 11
 58 38
 58 38
 56 93
 56 93
 57 26
 57 26
 55 75
 55 75
 58 74
 58 74
 57 76
 57 76
 58 71
 58 71
 56 81
 56 81
 57 61
 57 61
 58 94
 58 94
 56 22
 56 22
 56 68
 56 68
 57 86
 57 86
 56 48
 56 48
 57 99
 57 99
 57 6
 57 6
 57 21
 57 21
 56 65
 56 65
 57 90
 57 90
 58 37
 58 37
 56 92
 56 92
 56 28
 56 28
 55 80
 55 80
 59 62
 59 62
 57 93
 57 93
 57 26
 57 26
 56 76
 56 76
 58 72
 58 72
 56 79
 56 79
 57 65
 57 65
 56 89
 56 89
 56 38
 56 38
 58 93
 58 93
 58 27
 58 27
 58 77
 58 77
 58 70
 58 70
 57 83
 57 83
 57 56
 57 56
 58 97
 58 98
 56 10
 56 10
 58 34
 58 34
 57 89
 57 89
 57 39
 57 39
 57 94
 57 94
 58 24
 58 24
 57 71
 57 71
 57 81
 57 81
 57 62
 57 62
 58 93
 58 93
 55 24
 55 25
 57 73
 57 73
 58 78
 58 78
 55 68
 55 68
 59 85
 59 85
 56 49
 56 49
 56 99
 56 99
 58 5
 58 5
 57 19
 57 19
 56 61
 56 61
 56 94
 56 94
 57 21
 57 21
 58 66
 58 66
 57 88
 57 88
 57 41
 57 41
 55 96
 55 96
 58 16
 58 16
 58 54
 58 54
 58 98
 58 98
 56 8
 56 8
 58 28
 58 28
 58 80
 58 80
 56 64
 56 64
 57 91
 57 91
 55 33
 55 33
 60 87
 60 87
 56 44
 56 44
 56 97
 56 97
 57 11
 57 11
 58 37
 58 37
 57 92
 57 92
 57 28
 57 28
 57 80
 57 80
 58 63
 58 63
 56 92
 56 92
 57 29
 57 29
 56 81
 56 81
 56 61
 56 61
 56 94
 56 94
 58 22
 58 22
 57 67
 57 68
 56 87
 56 87
 58 46
 58 46
 58 98
 58 98
 56 8
 56 8
 58 28
 58 28
 58 79
 58 79
 57 66
 57 66
 56 89
 56 89
 57 39
 57 39
 57 94
 57 94
 57 24
 57 24
 58 72
 58 72
 58 80
 58 80
 57 63
 57 63
 55 92
 55 92
 56 29
 56 29
 56 82
 56 82
 59 59
 59 59
 56 96
 56 96
 55 16
 55 16
 59 52
 59 52
 56 98
 56 99
 56 6
 56 6
 58 21
 58 21
 57 66
 57 66
 58 88
 58 88
 56 41
 56 41
 57 96
 57 96
 58 16
 58 16
 56 53
 56 53
 55 98
 55 98
 58 6
 58 6
 57 24
 57 24
 56 72
 56 72
 56 80
 56 80
 58 62
 58 62
 57 93
 57 93
 57 26
 57 26
 56 76
 56 76
 58 71
 58 71
 58 81
 58 81
 57 60
 57 60
 57 95
 57 95
 58 20
 58 20
 57 63
 57 63
 56 92
 56 92
 57 29
 57 29
 58 81
 58 81
 56 61
 56 61
 57 94
 57 94
 59 23
 59 23
 58 70
 58 70
 58 83
 58 83
 56 54
 56 54
 56 98
 56 98
 56 8
 56 8
 57 29
 57 29
 56 81
 56 81
 57 60
 57 60
 56 95
 56 95
 58 19
 58 19
 56 62
 56 62
 57 93
 57 93
 59 24
 59 24
 56 73
 56 73
 57 78
 57 78
 57 67
 57 67
 57 87
 57 87
 56 45
 56 45
 56 98
 56 98
 58 8
 58 8
 57 30
 57 30
 57 82
 57 82
 57 58
 57 58
 57 96
 57 96
 57 14
 57 14
 57 47
 57 47
 56 99
 56 98
 57 6
 57 6
 57 22
 57 22
 58 68
 58 68
 55 86
 55 86
 59 47
 59 47
 59 98
 59 98
 55 6
 55 6
 58 23
 58 23
 55 69
 55 69
 58 84
 58 84
 56 53
 56 53
 58 98
 58 98
 56 6
 56 6
 57 22
 57 22
 58 68
 58 68
 58 86
 58 86
 57 47
 57 48
 56 99
 56 99
 58 6
 58 6
 56 22
 56 22
 57 67
 57 67
 57 87
 57 87
 56 43
 56 44
 56 97
 56 97
 58 11
 58 11
 56 40
 56 40
 58 94
 58 95
 56 20
 56 20
 56 64
 56 64
 56 91
 56 91
 58 34
 58 34
 57 88
 57 88
 57 42
 57 42
 56 96
 56 96
 57 15
 57 15
 56 51
 56 51
 57 99
 57 99
 57 5
 57 5
 55 19
 55 19
 57 60
 57 60
 57 94
 57 94
 58 21
 58 21
 57 65
 57 65
 57 90
 57 90
 56 34
 56 34
 57 89
 57 89
 57 38
 57 39
 58 93
 58 93
 57 24
 57 24
 57 72
 57 72
 56 80
 56 80
 57 64
 57 64
 56 91
 56 91
 57 33
 57 33
 58 88
 58 88
 58 43
 58 43
 58 97
 58 97
 55 13
 55 13
 57 43
 57 43
 58 97
 58 97
 58 12
 58 12
 56 41
 56 41
 58 96
 58 96
 57 16
 57 16
 58 53
 58 53
 57 98
 57 98
 57 6
 57 6
 58 24
 58 24
 56 72
 56 71
 58 81
 58 81
 57 62
 57 62
 57 93
 57 93
 59 25
 59 25
 56 75
 56 75
 58 74
 58 75
 56 75
 56 75
 57 74
 57 74
 59 76
 59 76
 55 71
 55 71
 56 81
 56 81
 58 62
 58 62
 57 93
 57 93
 58 25
 58 25
 57 73
 57 73
 56 77
 56 77
 58 69
 58 70
 59 84
 59 84
 55 54
 55 54
 56 98
 56 98
 58 7
 58 7
 57 27
 57 27
 56 77
 56 77
 56 69
 56 69
 57 84
 57 84
 57 53
 57 53
 58 98
 58 98
 58 6
 58 6
 58 23
 58 23
 57 69
 57 69
 57 84
 57 84
 58 54
 58 54
 57 98
 57 98
 57 7
 57 7
 56 26
 56 26
 58 76
 58 76
 57 73
 57 73
 57 78
 57 78
 57 67
 57 67
 56 87
 56 87
 57 45
 57 45
 58 98
 58 98
 57 8
 57 8
 57 29
 57 29
 57 81
 57 81
 55 61
 55 61
 58 94
 58 94
 57 21
 57 21
 56 66
 56 66
 57 89
 57 89
 58 40
 58 40
 57 95
 57 95
 56 20
 56 20
 55 63
 55 63
 58 92
 58 92
 57 28
 57 28
 57 79
 57 79
 57 65
 57 65
 56 90
 56 90
 57 36
 57 36
 58 91
 58 91
 56 34
 56 34
 57 88
 57 88
 57 41
 57 41
 57 96
 57 96
 57 16
 57 16
 56 54
 56 54
 59 98
 59 98
 56 7
 56 7
 57 26
 57 26
 58 75
 58 75
 57 73
 57 73
 57 77
 57 77
 56 70
 56 70
 57 84
 57 84
 55 54
 55 54
 57 98
 57 98
 58 8
 58 8
 57 28
 57 28
 59 80
 59 80
 56 64
 56 64
 57 91
 57 91
 57 32
 57 32
 56 85
 56 86
 57 49
 57 49
 56 99
 56 99
 57 5
 57 5
 57 19
 57 19
 58 60
 58 60
 56 95
 56 95
 57 19
 57 20
 57 62
 57 62
 58 93
 58 93
 55 25
 55 25
 56 75
 56 75
 57 74
 57 74
 57 76
 57 76
 58 72
 58 72
 57 80
 57 80
 56 64
 56 64
 57 91
 57 91
 56 32
 56 32
 56 86
 56 86
 57 47
 57 47
 57 98
 57 98
 58 6
 58 6
 58 23
 58 23
 56 69
 56 69
 58 84
 58 84
 58 52
 58 52
 56 99
 56 99
 56 5
 56 5
 56 20
 56 20
 58 62
 58 62
 58 93
 58 93
 58 27
 58 27
 58 78
 58 78
 56 67
 56 67
 57 87
 57 87
 59 45
 59 45
 55 98
 55 98
 57 8
 57 8
 56 31
 56 31
 58 84
 58 84
 56 53
 56 53
 57 98
 57 98
 56 6
 56 6
 56 23
 56 23
 59 70
 59 70
 58 82
 58 82
 58 58
 58 58
 56 96
 56 96
 57 14
 57 14
 55 47
 55 47
 59 98
 59 98
 55 7
 55 6
 57 24
 57 24
 56 72
 56 72
 57 80
 57 80
 57 64
 57 64
 57 91
 57 91
 56 32
 56 32
 58 87
 58 87
 57 46
 57 46
 58 98
 58 98
 57 7
 57 7
 55 27
 55 27
 57 78
 57 78
 58 67
 58 67
 57 88
 57 88
 57 43
 57 43
 58 97
 58 97
 56 12
 56 12
 56 43
 56 43
 57 97
 57 97
 57 12
 57 12
 55 43
 55 43
 58 97
 58 97
 57 13
 57 13
 56 45
 56 45
 57 98
 57 98
 57 9
 57 9
 58 32
 58 32
 57 86
 57 86
 55 47
 55 47
 58 98
 58 99
 56 6
 56 6
 56 22
 56 22
 57 68
 57 69
 58 85
 58 85
 59 50
 59 50
 58 99
 58 99
 56 5
 56 5
 58 18
 58 18
 57 59
 57 59
 57 95
 57 95
 56 17
 56 17
 58 56
 58 56
 56 97
 56 97
 55 11
 55 11
 58 37
 58 37
 56 93
 56 93
 55 27
 55 27
 57 78
 57 78
 56 67
 56 67
 55 87
 55 88
 57 43
 57 43
 57 97
 57 97
 56 12
 56 12
 58 41
 58 41
 59 96
 59 96
 57 16
 57 16
 58 52
 58 52
 56 99
 56 99
 59 6
 59 6
 56 22
 56 22
 58 67
 58 67
 58 88
 58 88
 57 43
 57 43
 58 97
 58 97
 56 13
 56 13
 58 45
 58 45
 56 98
 56 98
 58 9
 58 9
 57 31
 57 31
 57 85
 57 85
 56 51
 56 51
 57 99
 57 99
 57 5
 57 5
 55 19
 55 19
 58 61
 58 61
 57 94
 57 94
 58 22
 58 22
 58 68
 58 68
 55 86
 55 86
 58 48
 58 48
 55 99
 55 99
 58 5
 58 5
 58 20
 58 20
 58 63
 58 63
 56 92
 56 92
 58 30
 58 30
 57 83
 57 83
 56 56
 56 56
 58 97
 58 97
 58 10
 58 10
 56 36
 56 36
 58 91
 58 92
 58 31
 58 31
 55 84
 55 84
 58 53
 58 53
 58 98
 58 98
 58 6
 58 6
 56 23
 56 23
 57 71
 57 71
 58 82
 58 82
 57 59
 57 59
 58 95
 58 95
 56 17
 56 17
 57 55
 57 55
 57 98
 57 98
 57 9
 57 9
 58 33
 58 33
 55 87
 55 87
 59 45
 59 45
 57 98
 57 98
 57 9
 57 9
 58 33
 58 33
 56 87
 56 87
 56 45
 56 45
 57 98
 57 98
 56 9
 56 9
 58 33
 58 33
 57 87
 57 87
 57 45
 57 45
 58 98
 58 98
 56 9
 56 9
 58 31
 58 31
 58 85
 58 85
 57 52
 57 52
 55 99
 55 99
 58 5
 58 5
 56 20
 56 20
 57 63
 57 63
 57 92
 57 92
 56 28
 56 28
 58 79
 58 79
 57 65
 57 65
 58 90
 58 90
 56 35
 56 35
 57 90
 57 90
 57 35
 57 35
 56 89
 56 89
 57 38
 57 38
 58 93
 58 93
 55 26
 55 26
 58 77
 58 77
 57 71
 57 71
 57 82
 57 82
 59 59
 59 59
 57 96
 57 96
 56 16
 56 16
 58 54
 58 54
 55 98
 55 98
 57 8
 57 8
 57 28
 57 28
 57 80
 57 80
 56 64
 56 64
 56 91
 56 91
 56 31
 56 31
 57 85
 57 85
 57 50
 57 50
 56 99
 56 99
 57 5
 57 5
 57 18
 57 18
 57 58
 57 58
 55 96
 55 96
 57 15
 57 15
 56 51
 56 51
 57 99
 57 99
 58 5
 58 5
 57 20
 57 20
 57 63
 57 63
 57 92
 57 92
 58 28
 58 28
 56 79
 56 79
 56 65
 56 65
 57 90
 57 90
 58 37
 58 37
 56 92
 56 92
 56 30
 56 30
 57 82
 57 82
 57 57
 57 57
 57 97
 57 97
 57 13
 57 13
 56 45
 56 45
 56 98
 56 98
 57 9
 57 9
 57 32
 57 32
 57 85
 57 85
 55 50
 55 50
 57 99
 57 99
 59 5
 59 5
 58 19
 58 19
 57 60
 57 60
 55 95
 55 95
 58 20
 58 20
 55 63
 55 63
 56 92
 56 92
 58 30
 58 30
 58 83
 58 82
 55 57
 55 57
 56 97
 56 97
 57 12
 57 12
 57 42
 57 42
 57 96
 57 96
 57 15
 57 15
 56 49
 56 49
 59 99
 59 99
 57 5
 57 5
 57 18
 57 18
 57 59
 57 59
 56 95
 56 95
 57 17
 57 17
 56 56
 56 56
 58 97
 58 97
 58 11
 58 11
 57 39
 57 39
 57 94
 57 94
 57 22
 57 22
 55 69
 55 69
 58 85
 58 85
 57 50
 57 50
 57 99
 57 99
 58 5
 58 5
 56 18
 56 18
 56 59
 56 59
 56 96
 56 96
 57 16
 57 16
 57 54
 57 53
 58 98
 58 98
 55 7
 55 7
 58 25
 58 25
 59 74
 59 74
 56 77
 56 77
 58 70
 58 70
 58 83
 58 83
 55 56
 55 56
 56 97
 56 97
 59 11
 59 11
 58 39
 58 39
 56 94
 56 94
 57 23
 57 23
 58 70
 58 70
 56 83
 56 83
 58 55
 58 55
 58 98
 58 98
 57 8
 57 8
 57 30
 57 30
 58 82
 58 82
 58 58
 58 58
 55 96
 55 96
 59 14
 59 14
 56 47
 56 47
 57 98
 57 98
 56 6
 56 6
 55 23
 55 23
 58 71
 58 71
 57 82
 57 82
 56 58
 56 58
 60 96
 60 96
 56 15
 56 15
 56 50
 56 50
 57 99
 57 99
 57 5
 57 5
 57 18
 57 18
 58 59
 58 59
 56 96
 56 96
 58 16
 58 16
 55 52
 55 52
 57 99
 57 99
 58 5
 58 5
 56 20
 56 20
 55 64
 55 64
 59 91
 59 91
 58 33
 58 33
 55 87
 55 88
 56 43
 56 43
 57 97
 57 97
 56 12
 56 12
 58 41
 58 41
 56 95
 56 95
 57 17
 57 17
 56 56
 56 56
 57 97
 57 97
 59 11
 59 11
 55 39
 55 39
 55 94
 55 94
 59 24
 59 24
 56 71
 56 71
 59 81
 59 81
 57 61
 57 61
 58 94
 58 94
 56 21
 56 21
 56 66
 56 66
 58 88
 58 88
 56 41
 56 41
 55 96
 55 96
 57 17
 57 17
 58 55
 58 55
 56 98
 56 98
 58 8
 58 9
 57 31
 57 31
 57 84
 57 84
 58 53
 58 53
 56 98
 56 98
 58 6
 58 6
 56 23
 56 23
 57 70
 57 70
 57 83
 57 83
 56 55
 56 55
 56 98
 56 98
 57 9
 57 9
 57 31
 57 31
 58 85
 58 85
 57 50
 57 50
 57 99
 57 99
 57 5
 57 5
 57 18
 57 18
 57 59
 57 59
 57 96
 57 96
 57 17
 57 17
 56 55
 56 55
 57 98
 57 98
 57 8
 57 8
 56 30
 56 30
 58 83
 58 83
 56 55
 56 55
 58 98
 58 98
 57 8
 57 8
 56 31
 56 31
 57 84
 57 84
 58 53
 58 53
 56 98
 56 98
 56 6
 56 6
 57 24
 57 24
 57 71
 57 71
 56 81
 56 81
 57 60
 57 60
 56 94
 56 94
 58 21
 58 21
 56 65
 56 65
 59 89
 59 89
 58 37
 58 37
 57 92
 57 92
 58 28
 58 28
 57 79
 57 79
 57 65
 57 65
 59 90
 59 90
 56 34
 56 34
 59 89
 59 89
 57 38
 57 38
 56 93
 56 93
 58 25
 58 25
 57 74
 57 74
 59 77
 59 77
 56 71
 56 71
 56 82
 56 82
 57 59
 57 59
 58 95
 58 95
 56 17
 56 17
 57 56
 57 56
 57 97
 57 97
 58 10
 58 10
 57 35
 57 35
 57 90
 57 90
 58 34
 58 34
 57 89
 57 89
 57 39
 57 39
 58 94
 58 94
 58 23
 58 23
 55 71
 55 71
 58 82
 58 82
 58 59
 58 59
 58 96
 58 96
 55 16
 55 16
 56 54
 56 54
 56 98
 56 98
 58 7
 58 7
 58 25
 58 25
 57 74
 57 74
 57 77
 57 77
 57 71
 57 71
 58 82
 58 82
 56 59
 56 59
 56 96
 56 95
 57 17
 57 17
 56 56
 56 56
 56 98
 56 97
 57 10
 57 10
 57 35
 57 35
 55 89
 55 89
 58 38
 58 37
 58 93
 58 93
 57 27
 57 27
 56 78
 56 78
 56 67
 56 67
 60 87
 60 87
 54 44
 54 44
 58 98
 58 97
 57 9
 57 9
 57 34
 57 34
 56 89
 56 89
 58 40
 58 40
 56 95
 56 95
 58 20
 58 20
 56 63
 56 63
 57 93
 57 93
 56 27
 56 27
 57 78
 57 78
 55 67
 55 67
 57 87
 57 87
 57 43
 57 43
 57 97
 57 97
 57 11
 57 11
 57 40
 57 40
 56 95
 56 95
 57 21
 57 21
 58 65
 58 65
 56 90
 56 90
 57 35
 57 35
 56 90
 56 90
 58 37
 58 37
 58 92
 58 92
 56 29
 56 29
 57 82
 57 81
 58 60
 58 60
 58 95
 58 95
 56 18
 56 18
 57 59
 57 59
 57 96
 57 96
 57 17
 57 17
 56 55
 56 55
 59 98
 59 98
 57 9
 57 9
 57 32
 57 32
 57 86
 57 86
 56 47
 56 47
 57 98
 57 98
 56 6
 56 6
 57 23
 57 23
 57 69
 57 69
 57 84
 57 84
 56 53
 56 53
 57 98
 57 98
 57 6
 57 6
 56 22
 56 22
 56 68
 56 68
 55 86
 55 86
 57 48
 57 48
 59 99
 59 99
 57 5
 57 5
 57 20
 57 20
 58 62
 58 63
 56 93
 56 93
 57 27
 57 27
 57 78
 57 78
 56 67
 56 67
 56 87
 56 87
 58 45
 58 45
 58 98
 58 98
 57 9
 57 9
 56 32
 56 32
 59 85
 59 85
 56 49
 56 49
 56 99
 56 99
 57 5
 57 5
 57 19
 57 19
 58 60
 58 60
 57 95
 57 95
 57 19
 57 19
 56 60
 56 60
 56 95
 56 95
 56 19
 56 19
 58 61
 58 61
 56 94
 56 94
 57 21
 57 21
 58 66
 58 66
 56 89
 56 88
 56 40
 56 40
 57 95
 57 95
 58 19
 58 19
 57 61
 57 61
 57 94
 57 94
 57 22
 57 22
 58 69
 58 69
 56 85
 56 85
 57 50
 57 50
 57 99
 57 99
 56 5
 56 5
 56 18
 56 18
 57 59
 57 59
 58 95
 58 95
 59 18
 59 17
 55 57
 55 57
 58 97
 58 97
 56 12
 56 12
 57 42
 57 42
 57 97
 57 96
 58 13
 58 13
 56 45
 56 45
 56 98
 56 98
 59 8
 59 8
 57 29
 57 29
 56 82
 56 82
 57 58
 57 58
 57 96
 57 96
 57 15
 57 15
 58 50
 58 50
 55 99
 55 99
 56 5
 56 5
