 4 4
 4 4
 15 15
 15 15
 50 50
 50 50
 99 99
 98 99
 4 5
 2 5
 32 18
 10 18
 82 55
 36 55
 92 73
 42 73
 100 58
 13 58
 70 52
 99 52
 82 56
 65 56
 27 59
 38 59
 70 57
 87 57
 97 58
 11 58
 70 56
 84 56
 15 56
 39 56
 23 58
 35 58
 5 58
 51 58
 42 58
 23 58
 53 56
 98 56
 31 57
 62 57
 95 58
 90 58
 86 56
 45 56
 50 56
 91 56
 39 57
 3 57
 30 57
 2 57
 59 56
 61 56
 62 59
 26 59
 57 56
 19 56
 32 56
 88 56
 76 57
 42 57
 76 56
 75 56
 64 58
 17 58
 2 57
 63 57
 99 56
 42 56
 8 58
 4 58
 9 56
 3 56
 12 57
 13 57
 76 57
 96 57
 1 58
 55 58
 98 56
 67 56
 55 57
 98 57
 19 56
 22 56
 83 57
 13 57
 29 55
 24 55
 34 57
 57 57
 86 56
 97 56
 93 58
 88 58
 46 55
 68 55
 99 58
 7 58
 46 57
 9 57
 25 57
 79 57
 54 57
 22 57
 14 56
 77 56
 50 57
 86 57
 94 56
 52 56
 92 58
 90 58
 55 58
 97 58
 15 57
 9 57
 11 58
 35 58
 96 54
 0 54
 70 58
 98 58
 23 57
 32 57
 71 58
 100 58
 55 55
 14 55
 63 57
 19 57
 97 57
 74 57
 28 56
 87 56
 93 58
 93 58
 70 56
 60 56
 95 58
 15 58
 94 57
 93 57
 23 57
 90 57
 37 56
 94 56
 99 57
 51 57
 93 55
 91 55
 30 59
 64 59
 98 57
 67 57
 80 56
 40 56
 81 58
 32 58
 98 57
 98 57
 6 56
 32 56
 97 56
 85 56
 31 59
 90 59
 49 57
 94 57
 90 56
 96 56
 76 58
 90 58
 13 57
 9 57
 75 57
 98 57
 95 59
 1 59
 77 55
 16 55
 35 59
 12 59
 77 56
 97 56
 11 58
 66 58
 9 56
 4 56
 22 56
 90 56
 60 58
 96 58
 26 58
 99 58
 39 57
 87 57
 30 59
 37 59
 99 57
 98 57
 71 55
 39 55
 97 61
 99 61
 79 55
 65 55
 74 58
 9 58
 82 57
 15 57
 17 54
 38 54
 98 59
 26 59
 86 56
 30 56
 64 59
 18 59
 2 57
 28 57
 3 57
 36 57
 83 56
 95 56
 68 58
 6 58
 94 57
 50 57
 84 58
 39 58
 31 57
 75 57
 92 56
 14 56
 87 57
 88 57
 82 58
 35 58
 15 56
 96 56
 9 56
 53 56
 41 58
 14 58
 77 56
 52 56
 41 57
 83 57
 42 55
 22 55
 41 58
 55 58
 30 57
 91 57
 37 58
 62 58
 96 56
 63 56
 83 57
 94 57
 15 58
 98 58
 27 56
 13 56
 17 56
 90 56
 7 57
 35 57
 99 56
 39 56
 50 57
 12 57
 93 57
 35 57
 50 57
 10 57
 54 56
 37 56
 8 57
 9 57
 81 58
 41 58
 53 56
 41 56
 10 56
 9 56
 70 55
 73 55
 95 59
 24 59
 2 57
 39 57
 28 57
 27 57
 76 56
 38 56
 84 58
 62 58
 36 56
 66 56
 85 57
 18 57
 8 56
 98 56
 70 56
 80 56
 14 58
 15 58
 96 58
 73 58
 98 58
 97 58
 55 58
 59 58
 9 57
 92 57
 32 57
 49 57
 11 58
 3 58
 79 56
 88 56
 64 58
 83 58
 37 57
 94 57
 95 57
 84 57
 89 57
 85 57
 59 58
 46 58
 3 57
 41 57
 6 57
 11 57
 47 57
 54 57
 9 58
 8 58
 94 55
 51 55
 68 57
 56 57
 98 58
 99 58
 12 55
 16 55
 87 59
 26 59
 98 56
 19 56
 41 56
 23 56
 49 58
 75 58
 35 57
 89 57
 18 56
 12 56
 39 56
 8 56
 13 57
 42 57
 28 58
 34 58
 99 57
 50 57
 15 57
 72 57
 44 55
 72 55
 94 58
 6 58
 94 58
 55 58
 31 58
 79 58
 90 56
 57 56
 51 58
 98 58
 95 58
 17 58
 77 56
 37 56
 97 57
 98 57
 59 55
 83 55
 95 60
 73 60
 80 56
 9 56
 81 56
 86 56
 86 57
 19 57
 31 58
 95 58
 82 57
 26 57
 18 57
 96 57
 92 57
 93 57
 63 58
 11 58
 23 56
 7 56
 92 57
 83 57
 59 56
 64 56
 61 56
 47 56
 81 56
 85 56
 11 58
 77 58
 10 57
 43 57
 9 56
 5 56
 4 58
 61 58
 57 58
 43 58
 18 56
 31 56
 98 58
 90 58
 82 58
 90 58
 58 57
 95 57
 6 56
 44 56
 98 57
 98 57
 84 57
 26 57
 39 57
 94 57
 98 58
 92 58
 44 58
 6 58
 98 57
 62 57
 93 55
 70 55
 13 56
 86 56
 22 56
 49 56
 92 59
 53 59
 54 56
 98 56
 83 55
 37 55
 84 59
 72 59
 8 56
 96 56
 31 56
 23 56
 83 58
 29 58
 37 57
 14 57
 81 58
 53 58
 15 56
 72 56
 65 57
 82 57
 91 58
 72 58
 96 56
 11 56
 87 55
 57 55
 33 58
 23 58
 93 57
 33 57
 80 56
 88 56
 74 56
 98 56
 8 58
 89 58
 95 57
 17 57
 84 57
 89 57
 7 56
 52 56
 10 58
 99 58
 67 58
 53 58
 99 57
 57 57
 77 57
 75 57
 24 58
 54 58
 43 57
 54 57
 65 56
 44 56
 49 57
 95 57
 55 58
 36 58
 98 56
 64 56
 66 57
 64 57
 71 59
 24 59
 61 58
 17 58
 76 58
 95 58
 74 56
 73 56
 14 56
 6 56
 40 56
 43 56
 98 57
 84 57
 48 56
 85 56
 20 57
 37 57
 88 56
 13 56
 13 58
 95 58
 88 56
 91 56
 92 57
 44 57
 49 59
 3 59
 66 56
 98 56
 26 57
 65 57
 98 57
 91 57
 51 57
 71 57
 22 56
 98 56
 91 56
 24 56
 97 58
 88 58
 57 57
 31 57
 88 57
 42 57
 81 57
 19 57
 44 57
 79 57
 87 57
 80 57
 18 57
 23 57
 97 56
 77 56
 80 57
 26 57
 97 57
 9 57
 31 58
 2 58
 10 55
 88 55
 66 59
 6 59
 23 59
 28 59
 50 55
 35 55
 76 58
 88 58
 14 55
 99 55
 13 58
 59 58
 88 56
 78 56
 76 58
 10 58
 35 56
 33 56
 53 57
 53 57
 25 58
 67 58
 61 58
 97 58
 97 57
 19 57
 91 56
 9 56
 68 58
 95 58
 24 56
 11 56
 36 57
 4 57
 91 57
 32 57
 46 56
 10 56
 21 56
 58 56
 97 58
 37 58
 73 56
 59 56
 1 58
 67 58
 36 56
 31 56
 12 56
 61 56
 99 56
 45 56
 37 58
 75 58
 73 57
 76 57
 10 57
 88 57
 41 56
 99 56
 74 57
 92 57
 12 56
 29 56
 98 57
 42 57
 40 57
 87 57
 6 55
 44 55
 24 57
 32 57
 58 57
 8 57
 89 58
 34 58
 97 57
 38 57
 48 57
 15 57
 83 56
 9 56
 62 57
 32 57
 50 57
 33 57
 26 58
 85 58
 55 57
 72 57
 26 57
 19 57
 97 56
 99 56
 10 57
 81 57
 93 56
 26 56
 31 57
 45 57
 17 58
 26 58
 64 58
 1 58
 69 58
 64 58
 88 55
 92 55
 91 57
 86 57
 53 58
 60 58
 81 58
 65 58
 1 56
 66 56
 99 58
 9 58
 95 57
 99 57
 77 58
 7 58
 9 57
 12 57
 27 57
 59 57
 35 58
 21 58
 18 56
 24 56
 42 58
 60 58
 99 57
 31 57
 96 57
 19 57
 98 59
 2 59
 96 56
 100 56
 25 58
 12 58
 41 56
 97 56
 9 57
 32 57
 58 59
 44 59
 99 55
 43 55
 57 56
 36 56
 16 58
 51 58
 10 57
 28 57
 98 58
 7 58
 35 57
 43 57
 23 56
 18 56
 51 58
 31 58
 9 59
 23 59
 99 55
 56 55
 42 56
 98 56
 30 58
 90 58
 97 57
 10 57
 48 56
 97 56
 38 56
 12 56
 49 57
 10 57
 29 57
 69 57
 70 58
 11 58
 11 58
 94 58
 43 58
 98 58
 4 57
 92 57
 82 57
 53 57
 30 58
 42 58
 97 57
 29 57
 76 57
 99 57
 81 56
 96 56
 86 58
 71 58
 38 57
 24 57
 40 57
 45 57
 84 57
 81 57
 97 56
 55 56
 99 57
 49 57
 87 58
 41 58
 80 57
 35 57
 56 57
 62 57
 30 57
 82 57
 81 55
 93 55
 37 58
 87 58
 18 57
 12 57
 48 56
 94 56
 42 57
 10 57
 5 58
 35 58
 40 57
 9 57
 99 56
 14 56
 51 55
 53 55
 6 58
 8 58
 5 57
 95 57
 80 57
 90 57
 47 57
 14 57
 17 56
 68 56
 24 57
 49 57
 98 58
 67 58
 11 56
 12 56
 34 57
 98 57
 55 57
 94 57
 90 57
 39 57
 94 57
 99 57
 71 56
 13 56
 75 59
 21 59
 45 56
 36 56
 95 57
 77 57
 9 58
 19 58
 97 57
 28 57
 99 57
 96 57
 81 56
 82 56
 59 57
 24 57
 76 55
 83 55
 49 57
 70 57
 53 58
 94 58
 11 57
 99 57
 93 59
 95 59
 73 56
 93 56
 99 57
 34 57
 53 57
 87 57
 86 56
 72 56
 11 57
 76 57
 57 56
 64 56
 91 57
 32 57
 88 57
 44 57
 72 58
 90 58
 54 56
 84 56
 97 57
 22 57
 32 57
 95 57
 4 58
 55 58
 97 55
 47 55
 10 56
 7 56
 67 57
 62 57
 98 57
 36 57
 94 58
 84 58
 12 57
 24 57
 97 56
 9 56
 2 57
 21 57
 89 56
 61 56
 42 56
 79 56
 66 57
 22 57
 37 57
 32 57
 100 58
 44 58
 46 58
 67 58
 44 56
 64 56
 94 58
 6 58
 72 58
 94 58
 97 56
 66 56
 93 56
 45 56
 12 56
 62 56
 87 58
 91 58
 6 58
 38 58
 66 58
 95 58
 53 58
 99 58
 78 56
 4 56
 41 57
 87 57
 74 59
 26 59
 98 55
 94 55
 86 57
 94 57
 68 56
 39 56
 9 58
 30 58
 59 56
 49 56
 96 57
 91 57
 76 56
 75 56
 100 56
 45 56
 34 59
 34 59
 60 58
 98 58
 95 58
 96 58
 38 56
 52 56
 49 57
 34 57
 34 55
 96 55
 22 59
 96 59
 95 55
 24 55
 68 57
 72 57
 42 56
 59 56
 32 57
 92 57
 85 57
 50 57
 73 57
 96 57
 97 56
 84 56
 26 58
 29 58
 11 57
 42 57
 84 58
 18 58
 20 57
 9 57
 16 55
 93 55
 81 57
 12 57
 22 58
 100 58
 96 57
 45 57
 99 57
 16 57
 91 58
 23 58
 99 56
 34 56
 37 56
 50 56
 70 57
 45 57
 14 57
 97 57
 95 55
 7 55
 37 58
 71 58
 98 57
 97 57
 8 56
 96 56
 11 57
 94 57
 31 57
 64 57
 13 58
 4 58
 60 57
 81 57
 67 55
 35 55
 4 58
 4 58
 84 56
 97 56
 40 56
 99 56
 85 57
 48 57
 89 58
 33 58
 66 59
 86 59
 7 58
 10 58
 67 56
 24 56
 16 58
 27 58
 84 57
 88 57
 90 57
 91 57
 93 56
 43 56
 96 58
 95 58
 47 56
 70 56
 76 55
 42 55
 34 58
 48 58
 60 56
 13 56
 28 55
 95 55
 8 57
 69 57
 21 56
 35 56
 45 55
 70 55
 14 57
 85 57
 88 57
 61 57
 23 56
 67 56
 88 58
 86 58
 7 59
 32 59
 60 57
 35 57
 36 58
 19 58
 98 56
 6 56
 90 59
 81 59
 96 56
 98 56
 94 58
 67 58
 60 58
 70 58
 16 57
 95 57
 18 58
 13 58
 83 56
 24 56
 74 58
 8 58
 9 56
 64 56
 82 58
 91 58
 92 57
 51 57
 8 57
 27 57
 8 56
 40 56
 46 57
 94 57
 10 57
 77 57
 85 55
 98 55
 28 58
 6 58
 54 57
 15 57
 98 58
 83 58
 17 58
 91 58
 90 55
 94 55
 93 58
 98 58
 6 55
 67 55
 4 58
 86 58
 5 58
 6 58
 32 58
 63 58
 89 56
 24 56
 77 58
 44 58
 94 57
 50 57
 83 56
 7 56
 29 58
 96 58
 75 58
 68 58
 55 56
 23 56
 35 58
 7 58
 81 58
 27 58
 82 55
 86 55
 88 58
 23 58
 24 58
 4 58
 77 58
 97 58
 19 56
 86 56
 11 57
 61 57
 93 58
 81 58
 75 57
 70 57
 33 58
 83 58
 18 56
 37 56
 38 57
 89 57
 24 57
 95 57
 11 57
 99 57
 99 58
 95 58
 77 55
 66 55
 99 59
 17 59
 74 57
 42 57
 83 57
 77 57
 10 58
 77 58
 26 56
 76 56
 47 56
 7 56
 95 57
 14 57
 77 56
 83 56
 22 58
 8 58
 81 57
 87 57
 42 57
 97 57
 3 58
 81 58
 97 56
 97 56
 73 58
 63 58
 28 58
 93 58
 50 57
 38 57
 72 55
 84 55
 34 58
 94 58
 98 56
 84 56
 95 57
 70 57
 94 57
 98 57
 69 56
 25 56
 64 58
 79 58
 77 57
 93 57
 65 58
 90 58
 85 56
 47 56
 29 57
 24 57
 36 57
 2 57
 91 56
 87 56
 21 57
 49 57
 38 58
 91 58
 2 55
 75 55
 94 58
 97 58
 96 57
 41 57
 22 57
 16 57
 82 59
 81 59
 4 57
 89 57
 42 56
 82 56
 93 58
 77 58
 99 55
 88 55
 84 57
 68 57
 84 57
 58 57
 81 57
 71 57
 91 56
 42 56
 56 56
 19 56
 25 56
 89 56
 92 57
 5 57
 94 57
 50 57
 39 56
 63 56
 72 57
 90 57
 17 57
 14 57
 50 57
 17 57
 98 55
 13 55
 67 57
 93 57
 83 56
 72 56
 40 57
 90 57
 15 58
 56 58
 44 57
 91 57
 96 57
 3 57
 93 57
 59 57
 47 58
 28 58
 92 56
 11 56
 56 56
 87 56
 22 57
 12 57
 37 58
 25 58
 99 56
 22 56
 61 56
 9 56
 90 57
 58 57
 44 57
 24 57
 70 57
 16 57
 95 57
 12 57
 65 56
 15 56
 97 56
 91 56
 98 57
 5 57
 84 57
 89 57
 49 57
 86 57
 64 55
 71 55
 39 57
 73 57
 47 59
 85 59
 9 58
 96 58
 16 57
 57 57
 72 55
 86 55
 22 58
 88 58
 76 55
 14 55
 69 56
 62 56
 24 58
 43 58
 25 58
 85 58
 98 55
 18 55
 88 56
 97 56
 96 57
 73 57
 82 57
 91 57
 68 57
 98 57
 88 57
 30 57
 5 56
 96 56
 72 59
 25 59
 79 57
 8 57
 19 57
 100 57
 89 57
 96 57
 96 56
 18 56
 76 57
 59 57
 79 56
 30 56
 39 58
 98 58
 99 58
 13 58
 94 57
 75 57
 45 57
 80 57
 2 57
 80 57
 2 55
 46 55
 73 58
 83 58
 59 57
 79 57
 9 57
 7 57
 94 58
 97 58
 3 56
 20 56
 97 56
 91 56
 65 56
 65 56
 63 57
 58 57
 94 57
 96 57
 29 58
 54 58
 15 55
 91 55
 96 58
 61 58
 29 59
 46 59
 8 56
 26 56
 66 58
 65 58
 45 58
 81 58
 7 55
 26 55
 91 56
 78 56
 95 59
 81 59
 99 58
 10 58
 4 56
 80 56
 92 57
 48 57
 96 58
 72 58
 36 56
 74 56
 97 58
 88 58
 92 58
 11 58
 74 57
 97 57
 25 57
 79 57
 20 58
 15 58
 97 58
 12 58
 7 55
 57 55
 14 59
 93 59
 88 56
 44 56
 44 57
 95 57
 98 56
 55 56
 15 55
 80 55
 72 58
 99 58
 58 57
 27 57
 18 56
 6 56
 37 60
 73 60
 96 56
 98 56
 87 56
 55 56
 22 57
 67 57
 72 57
 87 57
 25 57
 56 57
 97 58
 97 58
 98 56
 4 56
 99 58
 78 58
 99 55
 6 55
 14 57
 96 57
 76 58
 99 58
 13 56
 59 56
 94 55
 95 55
 81 59
 86 59
 7 58
 89 58
 6 55
 30 55
 15 56
 76 56
 2 57
 85 57
 24 56
 8 56
 98 58
 62 58
 95 56
 54 56
 85 57
 57 57
 42 56
 46 56
 20 57
 6 57
 79 59
 49 59
 13 55
 57 55
 88 55
 81 55
 64 59
 67 59
 98 56
 14 56
 86 59
 97 59
 97 57
 95 57
 71 58
 20 58
 98 56
 45 56
 21 56
 7 56
 43 58
 88 58
 7 56
 10 56
 41 55
 31 55
 100 57
 68 57
 75 58
 53 58
 25 56
 60 56
 62 58
 40 58
 78 57
 72 57
 94 57
 97 57
 97 58
 80 58
 12 56
 77 56
 69 58
 5 58
 96 56
 41 56
 17 57
 45 57
 62 57
 84 57
 85 56
 91 56
 99 56
 10 56
 47 57
 86 57
 11 57
 14 57
 99 58
 62 58
 77 57
 3 57
 99 57
 73 57
 31 57
 25 57
 18 57
 21 57
 21 57
 64 57
 25 57
 93 57
 82 57
 74 57
 98 56
 50 56
 42 57
 23 57
 27 57
 28 57
 59 56
 74 56
 39 58
 20 58
 58 56
 58 56
 54 58
 98 58
 18 57
 18 57
 96 56
 90 56
 66 57
 93 57
 99 58
 57 58
 52 56
 21 56
 76 56
 85 56
 98 57
 87 57
 94 57
 99 57
 68 56
 12 56
 80 57
 77 57
 74 56
 43 56
 58 58
 63 58
 84 56
 88 56
 45 59
 32 59
 67 58
 77 58
 41 57
 97 57
 6 58
 13 58
 98 57
 96 57
 86 57
 89 57
 41 59
 49 59
 35 56
 59 56
 74 59
 96 59
 18 57
 84 57
 48 56
 75 56
 97 58
 20 58
 83 57
 47 57
 98 59
 91 59
 60 56
 54 56
 57 56
 89 56
 44 57
 78 57
 38 58
 40 58
 36 56
 39 56
 9 57
 96 57
 18 57
 39 57
 25 58
 94 58
 22 57
 86 57
 84 57
 59 57
 33 58
 75 58
 24 57
 16 57
 44 57
 65 57
 31 58
 42 58
 89 58
 48 58
 97 55
 92 55
 92 58
 36 58
 93 58
 56 58
 22 58
 84 58
 23 55
 36 55
 74 56
 59 56
 95 56
 97 56
 34 58
 77 58
 65 58
 93 58
 63 57
 54 57
 53 57
 69 57
 69 57
 9 57
 68 58
 38 58
 83 56
 96 56
 64 56
 50 56
 60 57
 7 57
 21 56
 91 56
 6 56
 43 56
 99 57
 95 57
 100 57
 66 57
 52 55
 11 55
 6 58
 42 58
 22 58
 68 58
 98 57
 58 57
 48 56
 71 56
 79 56
 61 56
 10 60
 87 60
 67 54
 12 54
 9 58
 89 58
 97 57
 47 57
 29 57
 47 57
 60 56
 95 56
 55 58
 64 58
 34 56
 30 56
 24 58
 94 58
 93 56
 17 56
 70 57
 70 57
 6 56
 15 56
 16 57
 17 57
 43 55
 63 55
 72 57
 97 57
 8 57
 85 57
 95 57
 52 57
 71 57
 98 57
 51 57
 89 57
 43 56
 37 56
 98 57
 94 57
 10 58
 52 58
 7 56
 24 56
 1 57
 22 57
 72 56
 9 56
 88 58
 70 58
 27 58
 46 58
 17 56
 93 56
 86 57
 14 57
 98 58
 97 58
 56 58
 40 58
 5 56
 34 56
 40 57
 59 57
 88 57
 43 57
 98 57
 68 57
 77 56
 57 56
 78 59
 15 59
 66 57
 27 57
 26 57
 96 57
 46 57
 82 57
 86 56
 93 56
 97 57
 31 57
 49 56
 83 56
 95 57
 70 57
 46 57
 24 57
 48 57
 50 57
 26 56
 83 56
 22 57
 10 57
 25 57
 99 57
 98 56
 53 56
 35 56
 49 56
 88 55
 97 55
 53 57
 13 57
 84 59
 97 59
 98 57
 96 57
 31 57
 84 57
 1 58
 9 58
 71 56
 38 56
 4 57
 97 57
 50 57
 34 57
 4 56
 32 56
 90 56
 26 56
 98 58
 92 58
 88 58
 83 58
 92 57
 13 57
 10 56
 31 56
 59 59
 35 59
 20 56
 92 56
 4 56
 47 56
 86 57
 33 57
 16 57
 90 57
 74 58
 29 58
 19 57
 89 57
 69 57
 96 57
 65 56
 34 56
 10 56
 98 56
 85 56
 88 56
 69 58
 9 58
 27 56
 91 56
 90 57
 81 57
 97 58
 90 58
 85 56
 29 56
 7 56
 3 56
 14 57
 95 57
 75 58
 82 58
 68 57
 97 57
 82 57
 73 57
 95 57
 9 57
 28 58
 23 58
 48 56
 2 56
 61 57
 89 57
 70 57
 10 57
 58 56
 53 56
 7 56
 32 56
 96 57
 14 57
 54 58
 27 58
 39 59
 72 59
 95 55
 97 55
 99 58
 25 58
 29 56
 84 56
 94 57
 97 57
 14 57
 55 57
 64 58
 3 58
 17 56
 30 56
 39 56
 82 56
 95 59
 19 59
 91 57
 100 57
 10 56
 9 56
 29 57
 86 57
 29 57
 14 57
 32 57
 30 57
 69 58
 93 58
 27 55
 99 55
 56 56
 25 56
