 4 4
 4 4
 15 15
 15 15
 50 50
 50 50
 99 99
 99 98
 5 4
 5 2
 18 32
 18 10
 55 82
 55 36
 73 92
 73 42
 58 100
 58 13
 52 70
 52 99
 56 82
 56 65
 59 27
 59 38
 57 70
 57 87
 58 97
 58 11
 56 70
 56 84
 56 15
 56 39
 58 23
 58 35
 58 5
 58 51
 58 42
 58 23
 56 53
 56 98
 57 31
 57 62
 58 95
 58 90
 56 86
 56 45
 56 50
 56 91
 57 39
 57 3
 57 30
 57 2
 56 59
 56 61
 59 62
 59 26
 56 57
 56 19
 56 32
 56 88
 57 76
 57 42
 56 76
 56 75
 58 64
 58 17
 57 2
 57 63
 56 99
 56 42
 58 8
 58 4
 56 9
 56 3
 57 12
 57 13
 57 76
 57 96
 58 1
 58 55
 56 98
 56 67
 57 55
 57 98
 56 19
 56 22
 57 83
 57 13
 55 29
 55 24
 57 34
 57 57
 56 86
 56 97
 58 93
 58 88
 55 46
 55 68
 58 99
 58 7
 57 46
 57 9
 57 25
 57 79
 57 54
 57 22
 56 14
 56 77
 57 50
 57 86
 56 94
 56 52
 58 92
 58 90
 58 55
 58 97
 57 15
 57 9
 58 11
 58 35
 54 96
 54 0
 58 70
 58 98
 57 23
 57 32
 58 71
 58 100
 55 55
 55 14
 57 63
 57 19
 57 97
 57 74
 56 28
 56 87
 58 93
 58 93
 56 70
 56 60
 58 95
 58 15
 57 94
 57 93
 57 23
 57 90
 56 37
 56 94
 57 99
 57 51
 55 93
 55 91
 59 30
 59 64
 57 98
 57 67
 56 80
 56 40
 58 81
 58 32
 57 98
 57 98
 56 6
 56 32
 56 97
 56 85
 59 31
 59 90
 57 49
 57 94
 56 90
 56 96
 58 76
 58 90
 57 13
 57 9
 57 75
 57 98
 59 95
 59 1
 55 77
 55 16
 59 35
 59 12
 56 77
 56 97
 58 11
 58 66
 56 9
 56 4
 56 22
 56 90
 58 60
 58 96
 58 26
 58 99
 57 39
 57 87
 59 30
 59 37
 57 99
 57 98
 55 71
 55 39
 61 97
 61 99
 55 79
 55 65
 58 74
 58 9
 57 82
 57 15
 54 17
 54 38
 59 98
 59 26
 56 86
 56 30
 59 64
 59 18
 57 2
 57 28
 57 3
 57 36
 56 83
 56 95
 58 68
 58 6
 57 94
 57 50
 58 84
 58 39
 57 31
 57 75
 56 92
 56 14
 57 87
 57 88
 58 82
 58 35
 56 15
 56 96
 56 9
 56 53
 58 41
 58 14
 56 77
 56 52
 57 41
 57 83
 55 42
 55 22
 58 41
 58 55
 57 30
 57 91
 58 37
 58 62
 56 96
 56 63
 57 83
 57 94
 58 15
 58 98
 56 27
 56 13
 56 17
 56 90
 57 7
 57 35
 56 99
 56 39
 57 50
 57 12
 57 93
 57 35
 57 50
 57 10
 56 54
 56 37
 57 8
 57 9
 58 81
 58 41
 56 53
 56 41
 56 10
 56 9
 55 70
 55 73
 59 95
 59 24
 57 2
 57 39
 57 28
 57 27
 56 76
 56 38
 58 84
 58 62
 56 36
 56 66
 57 85
 57 18
 56 8
 56 98
 56 70
 56 80
 58 14
 58 15
 58 96
 58 73
 58 98
 58 97
 58 55
 58 59
 57 9
 57 92
 57 32
 57 49
 58 11
 58 3
 56 79
 56 88
 58 64
 58 83
 57 37
 57 94
 57 95
 57 84
 57 89
 57 85
 58 59
 58 46
 57 3
 57 41
 57 6
 57 11
 57 47
 57 54
 58 9
 58 8
 55 94
 55 51
 57 68
 57 56
 58 98
 58 99
 55 12
 55 16
 59 87
 59 26
 56 98
 56 19
 56 41
 56 23
 58 49
 58 75
 57 35
 57 89
 56 18
 56 12
 56 39
 56 8
 57 13
 57 42
 58 28
 58 34
 57 99
 57 50
 57 15
 57 72
 55 44
 55 72
 58 94
 58 6
 58 94
 58 55
 58 31
 58 79
 56 90
 56 57
 58 51
 58 98
 58 95
 58 17
 56 77
 56 37
 57 97
 57 98
 55 59
 55 83
 60 95
 60 73
 56 80
 56 9
 56 81
 56 86
 57 86
 57 19
 58 31
 58 95
 57 82
 57 26
 57 18
 57 96
 57 92
 57 93
 58 63
 58 11
 56 23
 56 7
 57 92
 57 83
 56 59
 56 64
 56 61
 56 47
 56 81
 56 85
 58 11
 58 77
 57 10
 57 43
 56 9
 56 5
 58 4
 58 61
 58 57
 58 43
 56 18
 56 31
 58 98
 58 90
 58 82
 58 90
 57 58
 57 95
 56 6
 56 44
 57 98
 57 98
 57 84
 57 26
 57 39
 57 94
 58 98
 58 92
 58 44
 58 6
 57 98
 57 62
 55 93
 55 70
 56 13
 56 86
 56 22
 56 49
 59 92
 59 53
 56 54
 56 98
 55 83
 55 37
 59 84
 59 72
 56 8
 56 96
 56 31
 56 23
 58 83
 58 29
 57 37
 57 14
 58 81
 58 53
 56 15
 56 72
 57 65
 57 82
 58 91
 58 72
 56 96
 56 11
 55 87
 55 57
 58 33
 58 23
 57 93
 57 33
 56 80
 56 88
 56 74
 56 98
 58 8
 58 89
 57 95
 57 17
 57 84
 57 89
 56 7
 56 52
 58 10
 58 99
 58 67
 58 53
 57 99
 57 57
 57 77
 57 75
 58 24
 58 54
 57 43
 57 54
 56 65
 56 44
 57 49
 57 95
 58 55
 58 36
 56 98
 56 64
 57 66
 57 64
 59 71
 59 24
 58 61
 58 17
 58 76
 58 95
 56 74
 56 73
 56 14
 56 6
 56 40
 56 43
 57 98
 57 84
 56 48
 56 85
 57 20
 57 37
 56 88
 56 13
 58 13
 58 95
 56 88
 56 91
 57 92
 57 44
 59 49
 59 3
 56 66
 56 98
 57 26
 57 65
 57 98
 57 91
 57 51
 57 71
 56 22
 56 98
 56 91
 56 24
 58 97
 58 88
 57 57
 57 31
 57 88
 57 42
 57 81
 57 19
 57 44
 57 79
 57 87
 57 80
 57 18
 57 23
 56 97
 56 77
 57 80
 57 26
 57 97
 57 9
 58 31
 58 2
 55 10
 55 88
 59 66
 59 6
 59 23
 59 28
 55 50
 55 35
 58 76
 58 88
 55 14
 55 99
 58 13
 58 59
 56 88
 56 78
 58 76
 58 10
 56 35
 56 33
 57 53
 57 53
 58 25
 58 67
 58 61
 58 97
 57 97
 57 19
 56 91
 56 9
 58 68
 58 95
 56 24
 56 11
 57 36
 57 4
 57 91
 57 32
 56 46
 56 10
 56 21
 56 58
 58 97
 58 37
 56 73
 56 59
 58 1
 58 67
 56 36
 56 31
 56 12
 56 61
 56 99
 56 45
 58 37
 58 75
 57 73
 57 76
 57 10
 57 88
 56 41
 56 99
 57 74
 57 92
 56 12
 56 29
 57 98
 57 42
 57 40
 57 87
 55 6
 55 44
 57 24
 57 32
 57 58
 57 8
 58 89
 58 34
 57 97
 57 38
 57 48
 57 15
 56 83
 56 9
 57 62
 57 32
 57 50
 57 33
 58 26
 58 85
 57 55
 57 72
 57 26
 57 19
 56 97
 56 99
 57 10
 57 81
 56 93
 56 26
 57 31
 57 45
 58 17
 58 26
 58 64
 58 1
 58 69
 58 64
 55 88
 55 92
 57 91
 57 86
 58 53
 58 60
 58 81
 58 65
 56 1
 56 66
 58 99
 58 9
 57 95
 57 99
 58 77
 58 7
 57 9
 57 12
 57 27
 57 59
 58 35
 58 21
 56 18
 56 24
 58 42
 58 60
 57 99
 57 31
 57 96
 57 19
 59 98
 59 2
 56 96
 56 100
 58 25
 58 12
 56 41
 56 97
 57 9
 57 32
 59 58
 59 44
 55 99
 55 43
 56 57
 56 36
 58 16
 58 51
 57 10
 57 28
 58 98
 58 7
 57 35
 57 43
 56 23
 56 18
 58 51
 58 31
 59 9
 59 23
 55 99
 55 56
 56 42
 56 98
 58 30
 58 90
 57 97
 57 10
 56 48
 56 97
 56 38
 56 12
 57 49
 57 10
 57 29
 57 69
 58 70
 58 11
 58 11
 58 94
 58 43
 58 98
 57 4
 57 92
 57 82
 57 53
 58 30
 58 42
 57 97
 57 29
 57 76
 57 99
 56 81
 56 96
 58 86
 58 71
 57 38
 57 24
 57 40
 57 45
 57 84
 57 81
 56 97
 56 55
 57 99
 57 49
 58 87
 58 41
 57 80
 57 35
 57 56
 57 62
 57 30
 57 82
 55 81
 55 93
 58 37
 58 87
 57 18
 57 12
 56 48
 56 94
 57 42
 57 10
 58 5
 58 35
 57 40
 57 9
 56 99
 56 14
 55 51
 55 53
 58 6
 58 8
 57 5
 57 95
 57 80
 57 90
 57 47
 57 14
 56 17
 56 68
 57 24
 57 49
 58 98
 58 67
 56 11
 56 12
 57 34
 57 98
 57 55
 57 94
 57 90
 57 39
 57 94
 57 99
 56 71
 56 13
 59 75
 59 21
 56 45
 56 36
 57 95
 57 77
 58 9
 58 19
 57 97
 57 28
 57 99
 57 96
 56 81
 56 82
 57 59
 57 24
 55 76
 55 83
 57 49
 57 70
 58 53
 58 94
 57 11
 57 99
 59 93
 59 95
 56 73
 56 93
 57 99
 57 34
 57 53
 57 87
 56 86
 56 72
 57 11
 57 76
 56 57
 56 64
 57 91
 57 32
 57 88
 57 44
 58 72
 58 90
 56 54
 56 84
 57 97
 57 22
 57 32
 57 95
 58 4
 58 55
 55 97
 55 47
 56 10
 56 7
 57 67
 57 62
 57 98
 57 36
 58 94
 58 84
 57 12
 57 24
 56 97
 56 9
 57 2
 57 21
 56 89
 56 61
 56 42
 56 79
 57 66
 57 22
 57 37
 57 32
 58 100
 58 44
 58 46
 58 67
 56 44
 56 64
 58 94
 58 6
 58 72
 58 94
 56 97
 56 66
 56 93
 56 45
 56 12
 56 62
 58 87
 58 91
 58 6
 58 38
 58 66
 58 95
 58 53
 58 99
 56 78
 56 4
 57 41
 57 87
 59 74
 59 26
 55 98
 55 94
 57 86
 57 94
 56 68
 56 39
 58 9
 58 30
 56 59
 56 49
 57 96
 57 91
 56 76
 56 75
 56 100
 56 45
 59 34
 59 34
 58 60
 58 98
 58 95
 58 96
 56 38
 56 52
 57 49
 57 34
 55 34
 55 96
 59 22
 59 96
 55 95
 55 24
 57 68
 57 72
 56 42
 56 59
 57 32
 57 92
 57 85
 57 50
 57 73
 57 96
 56 97
 56 84
 58 26
 58 29
 57 11
 57 42
 58 84
 58 18
 57 20
 57 9
 55 16
 55 93
 57 81
 57 12
 58 22
 58 100
 57 96
 57 45
 57 99
 57 16
 58 91
 58 23
 56 99
 56 34
 56 37
 56 50
 57 70
 57 45
 57 14
 57 97
 55 95
 55 7
 58 37
 58 71
 57 98
 57 97
 56 8
 56 96
 57 11
 57 94
 57 31
 57 64
 58 13
 58 4
 57 60
 57 81
 55 67
 55 35
 58 4
 58 4
 56 84
 56 97
 56 40
 56 99
 57 85
 57 48
 58 89
 58 33
 59 66
 59 86
 58 7
 58 10
 56 67
 56 24
 58 16
 58 27
 57 84
 57 88
 57 90
 57 91
 56 93
 56 43
 58 96
 58 95
 56 47
 56 70
 55 76
 55 42
 58 34
 58 48
 56 60
 56 13
 55 28
 55 95
 57 8
 57 69
 56 21
 56 35
 55 45
 55 70
 57 14
 57 85
 57 88
 57 61
 56 23
 56 67
 58 88
 58 86
 59 7
 59 32
 57 60
 57 35
 58 36
 58 19
 56 98
 56 6
 59 90
 59 81
 56 96
 56 98
 58 94
 58 67
 58 60
 58 70
 57 16
 57 95
 58 18
 58 13
 56 83
 56 24
 58 74
 58 8
 56 9
 56 64
 58 82
 58 91
 57 92
 57 51
 57 8
 57 27
 56 8
 56 40
 57 46
 57 94
 57 10
 57 77
 55 85
 55 98
 58 28
 58 6
 57 54
 57 15
 58 98
 58 83
 58 17
 58 91
 55 90
 55 94
 58 93
 58 98
 55 6
 55 67
 58 4
 58 86
 58 5
 58 6
 58 32
 58 63
 56 89
 56 24
 58 77
 58 44
 57 94
 57 50
 56 83
 56 7
 58 29
 58 96
 58 75
 58 68
 56 55
 56 23
 58 35
 58 7
 58 81
 58 27
 55 82
 55 86
 58 88
 58 23
 58 24
 58 4
 58 77
 58 97
 56 19
 56 86
 57 11
 57 61
 58 93
 58 81
 57 75
 57 70
 58 33
 58 83
 56 18
 56 37
 57 38
 57 89
 57 24
 57 95
 57 11
 57 99
 58 99
 58 95
 55 77
 55 66
 59 99
 59 17
 57 74
 57 42
 57 83
 57 77
 58 10
 58 77
 56 26
 56 76
 56 47
 56 7
 57 95
 57 14
 56 77
 56 83
 58 22
 58 8
 57 81
 57 87
 57 42
 57 97
 58 3
 58 81
 56 97
 56 97
 58 73
 58 63
 58 28
 58 93
 57 50
 57 38
 55 72
 55 84
 58 34
 58 94
 56 98
 56 84
 57 95
 57 70
 57 94
 57 98
 56 69
 56 25
 58 64
 58 79
 57 77
 57 93
 58 65
 58 90
 56 85
 56 47
 57 29
 57 24
 57 36
 57 2
 56 91
 56 87
 57 21
 57 49
 58 38
 58 91
 55 2
 55 75
 58 94
 58 97
 57 96
 57 41
 57 22
 57 16
 59 82
 59 81
 57 4
 57 89
 56 42
 56 82
 58 93
 58 77
 55 99
 55 88
 57 84
 57 68
 57 84
 57 58
 57 81
 57 71
 56 91
 56 42
 56 56
 56 19
 56 25
 56 89
 57 92
 57 5
 57 94
 57 50
 56 39
 56 63
 57 72
 57 90
 57 17
 57 14
 57 50
 57 17
 55 98
 55 13
 57 67
 57 93
 56 83
 56 72
 57 40
 57 90
 58 15
 58 56
 57 44
 57 91
 57 96
 57 3
 57 93
 57 59
 58 47
 58 28
 56 92
 56 11
 56 56
 56 87
 57 22
 57 12
 58 37
 58 25
 56 99
 56 22
 56 61
 56 9
 57 90
 57 58
 57 44
 57 24
 57 70
 57 16
 57 95
 57 12
 56 65
 56 15
 56 97
 56 91
 57 98
 57 5
 57 84
 57 89
 57 49
 57 86
 55 64
 55 71
 57 39
 57 73
 59 47
 59 85
 58 9
 58 96
 57 16
 57 57
 55 72
 55 86
 58 22
 58 88
 55 76
 55 14
 56 69
 56 62
 58 24
 58 43
 58 25
 58 85
 55 98
 55 18
 56 88
 56 97
 57 96
 57 73
 57 82
 57 91
 57 68
 57 98
 57 88
 57 30
 56 5
 56 96
 59 72
 59 25
 57 79
 57 8
 57 19
 57 100
 57 89
 57 96
 56 96
 56 18
 57 76
 57 59
 56 79
 56 30
 58 39
 58 98
 58 99
 58 13
 57 94
 57 75
 57 45
 57 80
 57 2
 57 80
 55 2
 55 46
 58 73
 58 83
 57 59
 57 79
 57 9
 57 7
 58 94
 58 97
 56 3
 56 20
 56 97
 56 91
 56 65
 56 65
 57 63
 57 58
 57 94
 57 96
 58 29
 58 54
 55 15
 55 91
 58 96
 58 61
 59 29
 59 46
 56 8
 56 26
 58 66
 58 65
 58 45
 58 81
 55 7
 55 26
 56 91
 56 78
 59 95
 59 81
 58 99
 58 10
 56 4
 56 80
 57 92
 57 48
 58 96
 58 72
 56 36
 56 74
 58 97
 58 88
 58 92
 58 11
 57 74
 57 97
 57 25
 57 79
 58 20
 58 15
 58 97
 58 12
 55 7
 55 57
 59 14
 59 93
 56 88
 56 44
 57 44
 57 95
 56 98
 56 55
 55 15
 55 80
 58 72
 58 99
 57 58
 57 27
 56 18
 56 6
 60 37
 60 73
 56 96
 56 98
 56 87
 56 55
 57 22
 57 67
 57 72
 57 87
 57 25
 57 56
 58 97
 58 97
 56 98
 56 4
 58 99
 58 78
 55 99
 55 6
 57 14
 57 96
 58 76
 58 99
 56 13
 56 59
 55 94
 55 95
 59 81
 59 86
 58 7
 58 89
 55 6
 55 30
 56 15
 56 76
 57 2
 57 85
 56 24
 56 8
 58 98
 58 62
 56 95
 56 54
 57 85
 57 57
 56 42
 56 46
 57 20
 57 6
 59 79
 59 49
 55 13
 55 57
 55 88
 55 81
 59 64
 59 67
 56 98
 56 14
 59 86
 59 97
 57 97
 57 95
 58 71
 58 20
 56 98
 56 45
 56 21
 56 7
 58 43
 58 88
 56 7
 56 10
 55 41
 55 31
 57 100
 57 68
 58 75
 58 53
 56 25
 56 60
 58 62
 58 40
 57 78
 57 72
 57 94
 57 97
 58 97
 58 80
 56 12
 56 77
 58 69
 58 5
 56 96
 56 41
 57 17
 57 45
 57 62
 57 84
 56 85
 56 91
 56 99
 56 10
 57 47
 57 86
 57 11
 57 14
 58 99
 58 62
 57 77
 57 3
 57 99
 57 73
 57 31
 57 25
 57 18
 57 21
 57 21
 57 64
 57 25
 57 93
 57 82
 57 74
 56 98
 56 50
 57 42
 57 23
 57 27
 57 28
 56 59
 56 74
 58 39
 58 20
 56 58
 56 58
 58 54
 58 98
 57 18
 57 18
 56 96
 56 90
 57 66
 57 93
 58 99
 58 57
 56 52
 56 21
 56 76
 56 85
 57 98
 57 87
 57 94
 57 99
 56 68
 56 12
 57 80
 57 77
 56 74
 56 43
 58 58
 58 63
 56 84
 56 88
 59 45
 59 32
 58 67
 58 77
 57 41
 57 97
 58 6
 58 13
 57 98
 57 96
 57 86
 57 89
 59 41
 59 49
 56 35
 56 59
 59 74
 59 96
 57 18
 57 84
 56 48
 56 75
 58 97
 58 20
 57 83
 57 47
 59 98
 59 91
 56 60
 56 54
 56 57
 56 89
 57 44
 57 78
 58 38
 58 40
 56 36
 56 39
 57 9
 57 96
 57 18
 57 39
 58 25
 58 94
 57 22
 57 86
 57 84
 57 59
 58 33
 58 75
 57 24
 57 16
 57 44
 57 65
 58 31
 58 42
 58 89
 58 48
 55 97
 55 92
 58 92
 58 36
 58 93
 58 56
 58 22
 58 84
 55 23
 55 36
 56 74
 56 59
 56 95
 56 97
 58 34
 58 77
 58 65
 58 93
 57 63
 57 54
 57 53
 57 69
 57 69
 57 9
 58 68
 58 38
 56 83
 56 96
 56 64
 56 50
 57 60
 57 7
 56 21
 56 91
 56 6
 56 43
 57 99
 57 95
 57 100
 57 66
 55 52
 55 11
 58 6
 58 42
 58 22
 58 68
 57 98
 57 58
 56 48
 56 71
 56 79
 56 61
 60 10
 60 87
 54 67
 54 12
 58 9
 58 89
 57 97
 57 47
 57 29
 57 47
 56 60
 56 95
 58 55
 58 64
 56 34
 56 30
 58 24
 58 94
 56 93
 56 17
 57 70
 57 70
 56 6
 56 15
 57 16
 57 17
 55 43
 55 63
 57 72
 57 97
 57 8
 57 85
 57 95
 57 52
 57 71
 57 98
 57 51
 57 89
 56 43
 56 37
 57 98
 57 94
 58 10
 58 52
 56 7
 56 24
 57 1
 57 22
 56 72
 56 9
 58 88
 58 70
 58 27
 58 46
 56 17
 56 93
 57 86
 57 14
 58 98
 58 97
 58 56
 58 40
 56 5
 56 34
 57 40
 57 59
 57 88
 57 43
 57 98
 57 68
 56 77
 56 57
 59 78
 59 15
 57 66
 57 27
 57 26
 57 96
 57 46
 57 82
 56 86
 56 93
 57 97
 57 31
 56 49
 56 83
 57 95
 57 70
 57 46
 57 24
 57 48
 57 50
 56 26
 56 83
 57 22
 57 10
 57 25
 57 99
 56 98
 56 53
 56 35
 56 49
 55 88
 55 97
 57 53
 57 13
 59 84
 59 97
 57 98
 57 96
 57 31
 57 84
 58 1
 58 9
 56 71
 56 38
 57 4
 57 97
 57 50
 57 34
 56 4
 56 32
 56 90
 56 26
 58 98
 58 92
 58 88
 58 83
 57 92
 57 13
 56 10
 56 31
 59 59
 59 35
 56 20
 56 92
 56 4
 56 47
 57 86
 57 33
 57 16
 57 90
 58 74
 58 29
 57 19
 57 89
 57 69
 57 96
 56 65
 56 34
 56 10
 56 98
 56 85
 56 88
 58 69
 58 9
 56 27
 56 91
 57 90
 57 81
 58 97
 58 90
 56 85
 56 29
 56 7
 56 3
 57 14
 57 95
 58 75
 58 82
 57 68
 57 97
 57 82
 57 73
 57 95
 57 9
 58 28
 58 23
 56 48
 56 2
 57 61
 57 89
 57 70
 57 10
 56 58
 56 53
 56 7
 56 32
 57 96
 57 14
 58 54
 58 27
 59 39
 59 72
 55 95
 55 97
 58 99
 58 25
 56 29
 56 84
 57 94
 57 97
 57 14
 57 55
 58 64
 58 3
 56 17
 56 30
 56 39
 56 82
 59 95
 59 19
 57 91
 57 100
 56 10
 56 9
 57 29
 57 86
 57 29
 57 14
 57 32
 57 30
 58 69
 58 93
 55 27
 55 99
 56 56
 56 25
