 4 4
 4 4
 15 15
 15 15
 50 50
 50 50
 99 98
 99 99
 5 2
 5 5
 18 8
 18 29
 55 22
 55 36
 73 74
 73 95
 58 8
 58 49
 52 23
 52 20
 56 55
 56 8
 59 22
 59 71
 57 9
 57 69
 58 9
 58 92
 56 39
 56 8
 56 3
 56 32
 58 94
 58 63
 58 81
 58 26
 58 18
 58 98
 56 62
 56 11
 57 22
 57 99
 58 65
 58 87
 56 52
 56 95
 56 35
 56 65
 57 24
 57 40
 57 36
 57 67
 56 97
 56 2
 59 87
 59 8
 56 62
 56 15
 56 40
 56 96
 57 27
 57 6
 56 14
 56 96
 58 4
 58 38
 57 53
 57 18
 56 48
 56 57
 58 39
 58 29
 56 91
 56 94
 57 73
 57 89
 57 99
 57 42
 58 98
 58 89
 56 77
 56 40
 57 14
 57 83
 56 13
 56 74
 57 32
 57 10
 55 92
 55 91
 57 92
 57 95
 56 45
 56 91
 58 60
 58 76
 55 63
 55 46
 58 69
 58 19
 57 98
 57 36
 57 96
 57 48
 57 57
 57 15
 56 51
 56 32
 57 99
 57 37
 56 40
 56 58
 58 80
 58 32
 58 19
 58 89
 57 23
 57 47
 58 55
 58 94
 54 48
 54 98
 58 48
 58 90
 57 64
 57 74
 58 85
 58 84
 55 97
 55 4
 57 9
 57 90
 57 11
 57 9
 56 3
 56 98
 58 95
 58 62
 56 23
 56 98
 58 67
 58 62
 57 68
 57 32
 57 46
 57 95
 56 24
 56 88
 57 28
 57 18
 55 79
 55 28
 59 6
 59 47
 57 88
 57 16
 56 94
 56 45
 58 86
 58 35
 57 87
 57 67
 56 51
 56 73
 56 26
 56 92
 59 22
 59 66
 57 27
 57 91
 56 63
 56 4
 58 23
 58 64
 57 69
 57 51
 57 8
 57 31
 59 16
 59 96
 55 4
 55 49
 59 26
 59 98
 56 38
 56 100
 58 85
 58 78
 56 94
 56 73
 56 2
 56 6
 58 98
 58 98
 58 37
 58 99
 57 89
 57 14
 59 26
 59 59
 57 93
 57 33
 55 15
 55 96
 61 84
 61 2
 55 5
 55 42
 58 18
 58 31
 57 33
 57 9
 54 8
 54 78
 59 80
 59 64
 56 69
 56 94
 59 76
 59 16
 57 77
 57 94
 57 43
 57 81
 56 43
 56 54
 58 27
 58 13
 57 11
 57 53
 58 55
 58 89
 57 93
 57 73
 56 36
 56 87
 57 76
 57 70
 58 38
 58 98
 56 44
 56 49
 56 27
 56 75
 58 13
 58 39
 56 100
 56 77
 57 24
 57 4
 55 38
 55 5
 58 18
 58 96
 57 97
 57 86
 58 98
 58 99
 56 42
 56 10
 57 74
 57 86
 58 33
 58 35
 56 13
 56 76
 56 42
 56 4
 57 46
 57 92
 56 11
 56 65
 57 79
 57 14
 57 8
 57 95
 57 87
 57 10
 56 99
 56 63
 57 46
 57 78
 58 93
 58 73
 56 26
 56 15
 56 18
 56 44
 55 86
 55 99
 59 84
 59 60
 57 3
 57 35
 57 33
 57 69
 56 91
 56 96
 58 100
 58 21
 56 84
 56 69
 57 99
 57 19
 56 36
 56 90
 56 88
 56 94
 58 99
 58 98
 58 65
 58 41
 58 11
 58 16
 58 7
 58 16
 57 10
 57 9
 57 32
 57 96
 58 23
 58 16
 56 61
 56 31
 58 98
 58 25
 57 97
 57 89
 57 47
 57 66
 57 24
 57 87
 58 62
 58 41
 57 83
 57 90
 57 50
 57 63
 57 60
 57 17
 58 63
 58 31
 55 86
 55 32
 57 3
 57 62
 58 14
 58 62
 55 83
 55 58
 59 6
 59 6
 56 12
 56 42
 56 3
 56 50
 58 98
 58 30
 57 61
 57 99
 56 40
 56 52
 56 26
 56 49
 57 3
 57 42
 58 86
 58 79
 57 79
 57 70
 57 48
 57 60
 55 56
 55 98
 58 44
 58 57
 58 84
 58 48
 58 21
 58 56
 56 44
 56 97
 58 93
 58 86
 58 4
 58 79
 56 68
 56 20
 57 11
 57 75
 55 10
 55 97
 60 64
 60 29
 56 14
 56 61
 56 100
 56 90
 57 21
 57 84
 58 92
 58 90
 57 31
 57 22
 57 44
 57 63
 57 90
 57 52
 58 84
 58 89
 56 5
 56 25
 57 84
 57 54
 56 6
 56 30
 56 64
 56 32
 56 92
 56 45
 58 93
 58 91
 57 22
 57 98
 56 97
 56 14
 58 81
 58 4
 58 84
 58 94
 56 97
 56 93
 58 84
 58 66
 58 95
 58 9
 57 78
 57 90
 56 53
 56 25
 57 86
 57 45
 57 84
 57 24
 57 2
 57 69
 58 12
 58 50
 58 15
 58 84
 57 47
 57 74
 55 17
 55 65
 56 40
 56 97
 56 48
 56 6
 59 93
 59 76
 56 62
 56 62
 55 14
 55 51
 59 29
 59 32
 56 46
 56 39
 56 97
 56 36
 58 1
 58 93
 57 3
 57 96
 58 40
 58 28
 56 60
 56 2
 57 19
 57 59
 58 96
 58 87
 56 82
 56 99
 55 83
 55 6
 58 98
 58 28
 57 32
 57 15
 56 91
 56 87
 56 93
 56 51
 58 87
 58 16
 57 6
 57 40
 57 90
 57 67
 56 81
 56 7
 58 96
 58 9
 58 41
 58 76
 57 23
 57 61
 57 98
 57 88
 58 91
 58 95
 57 23
 57 80
 56 74
 56 97
 57 92
 57 59
 58 93
 58 12
 56 98
 56 99
 57 89
 57 23
 59 21
 59 41
 58 7
 58 92
 58 63
 58 83
 56 43
 56 53
 56 95
 56 64
 56 84
 56 59
 57 71
 57 64
 56 53
 56 32
 57 75
 57 15
 56 71
 56 89
 58 98
 58 7
 56 99
 56 3
 57 67
 57 43
 59 46
 59 93
 56 90
 56 82
 57 87
 57 72
 57 90
 57 82
 57 20
 57 18
 56 12
 56 16
 56 83
 56 15
 58 27
 58 15
 57 90
 57 35
 57 40
 57 40
 57 79
 57 45
 57 8
 57 62
 57 46
 57 90
 57 75
 57 80
 56 33
 56 19
 57 93
 57 66
 57 62
 57 84
 58 32
 58 75
 55 16
 55 99
 59 65
 59 32
 59 33
 59 87
 55 42
 55 41
 58 89
 58 22
 55 92
 55 43
 58 28
 58 51
 56 75
 56 85
 58 56
 58 93
 56 96
 56 70
 57 78
 57 73
 58 30
 58 49
 58 19
 58 98
 57 41
 57 49
 56 10
 56 99
 58 89
 58 31
 56 56
 56 68
 57 72
 57 53
 57 95
 57 87
 56 15
 56 25
 56 97
 56 55
 58 54
 58 64
 56 96
 56 98
 58 15
 58 55
 56 99
 56 63
 56 40
 56 2
 56 70
 56 66
 58 92
 58 86
 57 95
 57 29
 57 49
 57 6
 56 99
 56 100
 57 92
 57 94
 56 34
 56 18
 57 38
 57 70
 57 56
 57 77
 55 25
 55 96
 57 76
 57 98
 57 39
 57 38
 58 51
 58 42
 57 99
 57 46
 57 5
 57 79
 56 88
 56 89
 57 74
 57 37
 57 15
 57 6
 58 60
 58 66
 57 12
 57 18
 57 7
 57 13
 56 56
 56 100
 57 82
 57 53
 56 99
 56 83
 57 12
 57 47
 58 40
 58 67
 58 80
 58 76
 58 9
 58 27
 55 48
 55 99
 57 25
 57 69
 58 94
 58 45
 58 21
 58 83
 56 90
 56 46
 58 55
 58 29
 57 78
 57 65
 58 50
 58 64
 57 65
 57 61
 57 98
 57 44
 58 56
 58 17
 56 86
 56 99
 58 81
 58 55
 57 70
 57 96
 57 13
 57 75
 59 72
 59 97
 56 95
 56 83
 58 84
 58 9
 56 98
 56 98
 57 4
 57 34
 59 50
 59 26
 55 10
 55 31
 56 54
 56 74
 58 83
 58 19
 57 61
 57 9
 58 71
 58 56
 57 85
 57 70
 56 58
 56 69
 58 47
 58 6
 59 63
 59 62
 55 93
 55 85
 56 43
 56 99
 58 25
 58 64
 57 54
 57 78
 56 85
 56 59
 56 55
 56 12
 57 8
 57 67
 57 85
 57 2
 58 87
 58 98
 58 22
 58 17
 58 99
 58 91
 57 47
 57 58
 57 95
 57 93
 58 19
 58 93
 57 73
 57 79
 57 68
 57 98
 56 92
 56 78
 58 30
 58 97
 57 49
 57 55
 57 46
 57 57
 57 97
 57 94
 56 74
 56 22
 57 6
 57 20
 58 47
 58 58
 57 20
 57 72
 57 31
 57 24
 57 5
 57 78
 55 83
 55 59
 58 63
 58 68
 57 98
 57 98
 56 95
 56 8
 57 27
 57 91
 58 93
 58 26
 57 91
 57 53
 56 98
 56 89
 55 100
 55 79
 58 84
 58 78
 57 3
 57 99
 57 92
 57 7
 57 70
 57 97
 56 34
 56 98
 57 26
 57 81
 58 2
 58 63
 56 34
 56 40
 57 64
 57 94
 57 10
 57 67
 57 91
 57 9
 57 99
 57 37
 56 90
 56 72
 59 92
 59 10
 56 97
 56 53
 57 96
 57 72
 58 28
 58 98
 57 96
 57 8
 57 12
 57 28
 56 11
 56 47
 57 37
 57 80
 55 18
 55 87
 57 62
 57 35
 58 53
 58 9
 57 97
 57 47
 59 37
 59 99
 56 75
 56 19
 57 67
 57 78
 57 25
 57 95
 56 70
 56 23
 57 37
 57 3
 56 46
 56 57
 57 98
 57 92
 57 87
 57 22
 58 42
 58 87
 56 31
 56 46
 57 48
 57 72
 57 98
 57 89
 58 97
 58 83
 55 63
 55 63
 56 12
 56 55
 57 69
 57 81
 57 88
 57 10
 58 88
 58 8
 57 69
 57 33
 56 17
 56 9
 57 96
 57 81
 56 100
 56 67
 56 62
 56 25
 57 79
 57 78
 57 99
 57 21
 58 93
 58 92
 58 84
 58 31
 56 51
 56 8
 58 51
 58 97
 58 91
 58 37
 56 90
 56 89
 56 99
 56 87
 56 63
 56 98
 58 81
 58 37
 58 67
 58 48
 58 97
 58 13
 58 98
 58 29
 56 9
 56 93
 57 25
 57 10
 59 36
 59 33
 55 47
 55 6
 57 80
 57 6
 56 99
 56 31
 58 38
 58 36
 56 89
 56 91
 57 80
 57 95
 56 99
 56 48
 56 25
 56 79
 59 70
 59 29
 58 65
 58 90
 58 58
 58 97
 56 88
 56 47
 57 89
 57 43
 55 57
 55 78
 59 79
 59 12
 55 19
 55 86
 57 26
 57 93
 56 9
 56 69
 57 86
 57 98
 57 90
 57 83
 57 91
 57 92
 56 18
 56 48
 58 97
 58 4
 57 98
 57 98
 58 91
 58 93
 57 53
 57 93
 55 65
 55 62
 57 67
 57 29
 58 75
 58 12
 57 72
 57 36
 57 6
 57 27
 58 67
 58 73
 56 3
 56 94
 56 96
 56 98
 57 63
 57 42
 57 47
 57 86
 55 90
 55 37
 58 96
 58 15
 57 88
 57 11
 56 98
 56 83
 57 98
 57 67
 57 93
 57 88
 58 66
 58 63
 57 31
 57 49
 55 93
 55 100
 58 86
 58 84
 56 57
 56 56
 56 40
 56 52
 57 92
 57 97
 58 85
 58 99
 59 4
 59 76
 58 86
 58 49
 56 86
 56 56
 58 58
 58 92
 57 7
 57 75
 57 15
 57 4
 56 33
 56 98
 58 7
 58 94
 56 17
 56 94
 55 85
 55 85
 58 15
 58 35
 56 88
 56 100
 55 99
 55 71
 57 99
 57 99
 56 98
 56 60
 55 25
 55 95
 57 62
 57 85
 57 87
 57 84
 56 29
 56 7
 58 91
 58 95
 59 20
 59 54
 57 97
 57 64
 58 85
 58 76
 56 68
 56 71
 59 96
 59 11
 56 32
 56 93
 58 4
 58 87
 58 73
 58 9
 57 100
 57 30
 58 86
 58 73
 56 9
 56 96
 58 47
 58 52
 56 51
 56 13
 58 96
 58 75
 57 49
 57 75
 57 97
 57 95
 56 37
 56 68
 57 86
 57 46
 57 90
 57 37
 55 70
 55 88
 58 97
 58 31
 57 5
 57 95
 58 99
 58 91
 58 67
 58 76
 55 40
 55 26
 58 100
 58 17
 55 11
 55 26
 58 77
 58 72
 58 33
 58 84
 58 97
 58 79
 56 73
 56 12
 58 95
 58 17
 57 51
 57 98
 56 83
 56 84
 58 97
 58 92
 58 98
 58 86
 56 90
 56 6
 58 64
 58 4
 58 88
 58 26
 55 85
 55 22
 58 91
 58 46
 58 48
 58 15
 58 39
 58 28
 56 8
 56 98
 57 52
 57 6
 58 97
 58 46
 57 99
 57 84
 58 19
 58 42
 56 98
 56 89
 57 41
 57 75
 57 82
 57 64
 57 98
 57 65
 58 48
 58 29
 55 77
 55 24
 59 36
 59 21
 57 80
 57 18
 57 47
 57 91
 58 8
 58 79
 56 9
 56 22
 56 95
 56 63
 57 82
 57 79
 56 69
 56 29
 58 74
 58 95
 57 7
 57 30
 57 35
 57 6
 58 57
 58 36
 56 41
 56 8
 58 9
 58 7
 58 2
 58 79
 57 72
 57 98
 55 93
 55 99
 58 2
 58 64
 56 6
 56 87
 57 84
 57 84
 57 18
 57 27
 56 7
 56 91
 58 39
 58 1
 57 96
 57 4
 58 65
 58 6
 56 58
 56 25
 57 95
 57 23
 57 48
 57 35
 56 63
 56 91
 57 58
 57 45
 58 13
 58 96
 55 84
 55 92
 58 98
 58 49
 57 56
 57 13
 57 7
 57 13
 59 79
 59 15
 57 15
 57 43
 56 54
 56 90
 58 71
 58 27
 55 94
 55 6
 57 2
 57 3
 57 97
 57 10
 57 93
 57 17
 56 57
 56 81
 56 42
 56 49
 56 21
 56 48
 57 23
 57 96
 57 83
 57 84
 56 23
 56 92
 57 74
 57 49
 57 26
 57 16
 57 17
 57 96
 55 98
 55 86
 57 53
 57 73
 56 8
 56 33
 57 88
 57 90
 58 27
 58 27
 57 43
 57 80
 57 89
 57 29
 57 59
 57 25
 58 48
 58 18
 56 74
 56 23
 56 65
 56 27
 57 77
 57 94
 58 90
 58 94
 56 6
 56 97
 56 32
 56 72
 57 80
 57 22
 57 62
 57 98
 57 69
 57 29
 57 80
 57 74
 56 96
 56 42
 56 14
 56 13
 57 91
 57 30
 57 23
 57 73
 57 63
 57 10
 55 16
 55 79
 57 91
 57 42
 59 37
 59 91
 58 31
 58 69
 57 8
 57 36
 55 53
 55 81
 58 100
 58 94
 55 83
 55 64
 56 93
 56 89
 58 42
 58 100
 58 92
 58 22
 55 22
 55 91
 56 51
 56 85
 57 87
 57 34
 57 91
 57 98
 57 86
 57 74
 57 21
 57 3
 56 67
 56 8
 59 98
 59 89
 57 99
 57 89
 57 96
 57 88
 57 91
 57 39
 56 55
 56 85
 57 88
 57 66
 56 88
 56 94
 58 10
 58 74
 58 87
 58 98
 57 71
 57 37
 57 96
 57 89
 57 62
 57 31
 55 80
 55 34
 58 13
 58 25
 57 77
 57 19
 57 26
 57 9
 58 22
 58 12
 56 55
 56 98
 56 67
 56 98
 56 96
 56 66
 57 27
 57 45
 57 37
 57 58
 58 64
 58 37
 55 9
 55 61
 58 24
 58 35
 59 97
 59 61
 56 89
 56 82
 58 80
 58 97
 58 93
 58 15
 55 91
 55 49
 56 76
 56 90
 59 4
 59 72
 58 57
 58 98
 56 95
 56 91
 57 70
 57 54
 58 75
 58 73
 56 75
 56 88
 58 65
 58 30
 58 94
 58 71
 57 71
 57 24
 57 39
 57 86
 58 69
 58 22
 58 71
 58 98
 55 74
 55 81
 59 75
 59 55
 56 32
 56 98
 57 59
 57 90
 56 26
 56 99
 55 98
 55 44
 58 57
 58 100
 57 87
 57 73
 56 18
 56 35
 60 26
 60 97
 56 81
 56 95
 56 75
 56 7
 57 13
 57 77
 57 99
 57 8
 57 40
 57 45
 58 25
 58 65
 56 14
 56 97
 58 93
 58 16
 55 51
 55 98
 57 77
 57 77
 58 49
 58 49
 56 27
 56 54
 55 2
 55 56
 59 79
 59 21
 58 10
 58 72
 55 58
 55 88
 56 94
 56 28
 57 71
 57 80
 56 96
 56 42
 58 96
 58 96
 56 84
 56 16
 57 14
 57 27
 56 98
 56 71
 57 31
 57 63
 59 85
 59 93
 55 51
 55 99
 55 34
 55 15
 59 73
 59 6
 56 79
 56 68
 59 44
 59 27
 57 70
 57 9
 58 16
 58 99
 56 86
 56 9
 56 97
 56 26
 58 64
 58 20
 56 67
 56 98
 55 98
 55 49
 57 68
 57 39
 58 61
 58 96
 56 77
 56 95
 58 98
 58 63
 57 99
 57 16
 57 29
 57 14
 58 43
 58 17
 56 93
 56 98
 58 24
 58 69
 56 26
 56 88
 57 10
 57 17
 57 23
 57 14
 56 17
 56 90
 56 73
 56 5
 57 13
 57 86
 57 24
 57 32
 58 30
 58 16
 57 99
 57 17
 57 59
 57 42
 57 77
 57 41
 57 99
 57 81
 57 50
 57 86
 57 79
 57 99
 57 66
 57 43
 56 13
 56 27
 57 48
 57 36
 57 93
 57 64
 56 52
 56 44
 58 97
 58 3
 56 98
 56 69
 58 61
 58 30
 57 71
 57 60
 56 5
 56 26
 57 91
 57 87
 58 22
 58 63
 56 98
 56 94
 56 25
 56 43
 57 21
 57 75
 57 5
 57 8
 56 53
 56 80
 57 13
 57 37
 56 52
 56 26
 58 30
 58 97
 56 78
 56 29
 59 33
 59 87
 58 39
 58 15
 57 17
 57 66
 58 45
 58 24
 57 99
 57 54
 57 93
 57 7
 59 12
 59 14
 56 71
 56 30
 59 93
 59 2
 57 40
 57 77
 56 49
 56 73
 58 4
 58 91
 57 87
 57 17
 59 36
 59 89
 56 53
 56 91
 56 95
 56 29
 57 35
 57 11
 58 99
 58 75
 56 32
 56 29
 57 18
 57 16
 57 8
 57 99
 58 45
 58 26
 57 96
 57 14
 57 86
 57 30
 58 76
 58 72
 57 10
 57 89
 57 42
 57 6
 58 94
 58 65
 58 99
 58 84
 55 31
 55 99
 58 10
 58 28
 58 93
 58 30
 58 77
 58 15
 55 39
 55 6
 56 31
 56 19
 56 69
 56 9
 58 99
 58 64
 58 78
 58 97
 57 55
 57 22
 57 48
 57 30
 57 98
 57 71
 58 95
 58 86
 56 45
 56 93
 56 100
 56 53
 57 14
 57 49
 56 92
 56 96
 56 79
 56 10
 57 80
 57 44
 57 96
 57 83
 55 36
 55 50
 58 56
 58 87
 58 41
 58 5
 57 3
 57 47
 56 44
 56 12
 56 98
 56 38
 60 85
 60 8
 54 69
 54 68
 58 33
 58 43
 57 68
 57 18
 57 77
 57 23
 56 99
 56 62
 58 77
 58 67
 56 60
 56 47
 58 50
 58 80
 56 79
 56 4
 57 90
 57 17
 56 11
 56 25
 57 88
 57 1
 55 91
 55 66
 57 96
 57 38
 57 91
 57 64
 57 69
 57 8
 57 8
 57 36
 57 57
 57 42
 56 97
 56 69
 57 26
 57 84
 58 48
 58 10
 56 90
 56 69
 57 17
 57 38
 56 68
 56 78
 58 97
 58 41
 58 9
 58 20
 56 64
 56 87
 57 7
 57 89
 58 98
 58 97
 58 28
 58 25
 56 67
 56 81
 57 26
 57 69
 57 43
 57 27
 57 41
 57 73
 56 65
 56 93
 59 88
 59 25
 57 48
 57 51
 57 94
 57 98
 57 25
 57 99
 56 83
 56 97
 57 89
 57 99
 56 72
 56 88
 57 36
 57 46
 57 19
 57 98
 57 93
 57 12
 56 22
 56 95
 57 69
 57 42
 57 36
 57 100
 56 28
 56 95
 56 64
 56 85
 55 58
 55 4
 57 72
 57 58
 59 39
 59 100
 57 63
 57 98
 57 35
 57 85
 58 87
 58 72
 56 10
 56 47
 57 98
 57 82
 57 2
 57 96
 56 12
 56 88
 56 78
 56 51
 58 61
 58 60
 58 33
 58 28
 57 87
 57 92
 56 65
 56 71
 59 57
 59 74
 56 48
 56 95
 56 1
 56 47
 57 76
 57 36
 57 96
 57 25
 58 98
 58 17
 57 6
 57 98
 57 46
 57 97
 56 37
 56 65
 56 71
 56 93
 56 5
 56 45
 58 91
 58 6
 56 7
 56 98
 57 58
 57 94
 58 72
 58 16
 56 78
 56 27
 56 10
 56 79
 57 94
 57 15
 58 44
 58 58
 57 33
 57 92
 57 53
 57 20
 57 96
 57 88
 58 1
 58 38
 56 95
 56 44
 57 41
 57 5
 57 74
 57 84
 56 6
 56 33
 56 40
 56 78
 57 41
 57 6
 58 98
 58 97
 59 30
 59 43
 55 33
 55 42
 58 15
 58 61
 56 39
 56 95
 57 89
 57 6
 57 12
 57 5
 58 14
 58 59
 56 60
 56 93
 56 52
 56 96
 59 98
 59 94
 57 30
 57 98
 56 67
 56 61
 57 69
 57 18
 57 17
 57 96
 57 78
 57 54
 58 90
 58 98
 55 90
 55 27
 56 56
 56 96
