 4 4
 4 4
 15 15
 15 15
 50 50
 50 50
 98 99
 99 99
 2 5
 5 5
 8 18
 29 18
 22 55
 36 55
 74 73
 95 73
 8 58
 49 58
 23 52
 20 52
 55 56
 8 56
 22 59
 71 59
 9 57
 69 57
 9 58
 92 58
 39 56
 8 56
 3 56
 32 56
 94 58
 63 58
 81 58
 26 58
 18 58
 98 58
 62 56
 11 56
 22 57
 99 57
 65 58
 87 58
 52 56
 95 56
 35 56
 65 56
 24 57
 40 57
 36 57
 67 57
 97 56
 2 56
 87 59
 8 59
 62 56
 15 56
 40 56
 96 56
 27 57
 6 57
 14 56
 96 56
 4 58
 38 58
 53 57
 18 57
 48 56
 57 56
 39 58
 29 58
 91 56
 94 56
 73 57
 89 57
 99 57
 42 57
 98 58
 89 58
 77 56
 40 56
 14 57
 83 57
 13 56
 74 56
 32 57
 10 57
 92 55
 91 55
 92 57
 95 57
 45 56
 91 56
 60 58
 76 58
 63 55
 46 55
 69 58
 19 58
 98 57
 36 57
 96 57
 48 57
 57 57
 15 57
 51 56
 32 56
 99 57
 37 57
 40 56
 58 56
 80 58
 32 58
 19 58
 89 58
 23 57
 47 57
 55 58
 94 58
 48 54
 98 54
 48 58
 90 58
 64 57
 74 57
 85 58
 84 58
 97 55
 4 55
 9 57
 90 57
 11 57
 9 57
 3 56
 98 56
 95 58
 62 58
 23 56
 98 56
 67 58
 62 58
 68 57
 32 57
 46 57
 95 57
 24 56
 88 56
 28 57
 18 57
 79 55
 28 55
 6 59
 47 59
 88 57
 16 57
 94 56
 45 56
 86 58
 35 58
 87 57
 67 57
 51 56
 73 56
 26 56
 92 56
 22 59
 66 59
 27 57
 91 57
 63 56
 4 56
 23 58
 64 58
 69 57
 51 57
 8 57
 31 57
 16 59
 96 59
 4 55
 49 55
 26 59
 98 59
 38 56
 100 56
 85 58
 78 58
 94 56
 73 56
 2 56
 6 56
 98 58
 98 58
 37 58
 99 58
 89 57
 14 57
 26 59
 59 59
 93 57
 33 57
 15 55
 96 55
 84 61
 2 61
 5 55
 42 55
 18 58
 31 58
 33 57
 9 57
 8 54
 78 54
 80 59
 64 59
 69 56
 94 56
 76 59
 16 59
 77 57
 94 57
 43 57
 81 57
 43 56
 54 56
 27 58
 13 58
 11 57
 53 57
 55 58
 89 58
 93 57
 73 57
 36 56
 87 56
 76 57
 70 57
 38 58
 98 58
 44 56
 49 56
 27 56
 75 56
 13 58
 39 58
 100 56
 77 56
 24 57
 4 57
 38 55
 5 55
 18 58
 96 58
 97 57
 86 57
 98 58
 99 58
 42 56
 10 56
 74 57
 86 57
 33 58
 35 58
 13 56
 76 56
 42 56
 4 56
 46 57
 92 57
 11 56
 65 56
 79 57
 14 57
 8 57
 95 57
 87 57
 10 57
 99 56
 63 56
 46 57
 78 57
 93 58
 73 58
 26 56
 15 56
 18 56
 44 56
 86 55
 99 55
 84 59
 60 59
 3 57
 35 57
 33 57
 69 57
 91 56
 96 56
 100 58
 21 58
 84 56
 69 56
 99 57
 19 57
 36 56
 90 56
 88 56
 94 56
 99 58
 98 58
 65 58
 41 58
 11 58
 16 58
 7 58
 16 58
 10 57
 9 57
 32 57
 96 57
 23 58
 16 58
 61 56
 31 56
 98 58
 25 58
 97 57
 89 57
 47 57
 66 57
 24 57
 87 57
 62 58
 41 58
 83 57
 90 57
 50 57
 63 57
 60 57
 17 57
 63 58
 31 58
 86 55
 32 55
 3 57
 62 57
 14 58
 62 58
 83 55
 58 55
 6 59
 6 59
 12 56
 42 56
 3 56
 50 56
 98 58
 30 58
 61 57
 99 57
 40 56
 52 56
 26 56
 49 56
 3 57
 42 57
 86 58
 79 58
 79 57
 70 57
 48 57
 60 57
 56 55
 98 55
 44 58
 57 58
 84 58
 48 58
 21 58
 56 58
 44 56
 97 56
 93 58
 86 58
 4 58
 79 58
 68 56
 20 56
 11 57
 75 57
 10 55
 97 55
 64 60
 29 60
 14 56
 61 56
 100 56
 90 56
 21 57
 84 57
 92 58
 90 58
 31 57
 22 57
 44 57
 63 57
 90 57
 52 57
 84 58
 89 58
 5 56
 25 56
 84 57
 54 57
 6 56
 30 56
 64 56
 32 56
 92 56
 45 56
 93 58
 91 58
 22 57
 98 57
 97 56
 14 56
 81 58
 4 58
 84 58
 94 58
 97 56
 93 56
 84 58
 66 58
 95 58
 9 58
 78 57
 90 57
 53 56
 25 56
 86 57
 45 57
 84 57
 24 57
 2 57
 69 57
 12 58
 50 58
 15 58
 84 58
 47 57
 74 57
 17 55
 65 55
 40 56
 97 56
 48 56
 6 56
 93 59
 76 59
 62 56
 62 56
 14 55
 51 55
 29 59
 32 59
 46 56
 39 56
 97 56
 36 56
 1 58
 93 58
 3 57
 96 57
 40 58
 28 58
 60 56
 2 56
 19 57
 59 57
 96 58
 87 58
 82 56
 99 56
 83 55
 6 55
 98 58
 28 58
 32 57
 15 57
 91 56
 87 56
 93 56
 51 56
 87 58
 16 58
 6 57
 40 57
 90 57
 67 57
 81 56
 7 56
 96 58
 9 58
 41 58
 76 58
 23 57
 61 57
 98 57
 88 57
 91 58
 95 58
 23 57
 80 57
 74 56
 97 56
 92 57
 59 57
 93 58
 12 58
 98 56
 99 56
 89 57
 23 57
 21 59
 41 59
 7 58
 92 58
 63 58
 83 58
 43 56
 53 56
 95 56
 64 56
 84 56
 59 56
 71 57
 64 57
 53 56
 32 56
 75 57
 15 57
 71 56
 89 56
 98 58
 7 58
 99 56
 3 56
 67 57
 43 57
 46 59
 93 59
 90 56
 82 56
 87 57
 72 57
 90 57
 82 57
 20 57
 18 57
 12 56
 16 56
 83 56
 15 56
 27 58
 15 58
 90 57
 35 57
 40 57
 40 57
 79 57
 45 57
 8 57
 62 57
 46 57
 90 57
 75 57
 80 57
 33 56
 19 56
 93 57
 66 57
 62 57
 84 57
 32 58
 75 58
 16 55
 99 55
 65 59
 32 59
 33 59
 87 59
 42 55
 41 55
 89 58
 22 58
 92 55
 43 55
 28 58
 51 58
 75 56
 85 56
 56 58
 93 58
 96 56
 70 56
 78 57
 73 57
 30 58
 49 58
 19 58
 98 58
 41 57
 49 57
 10 56
 99 56
 89 58
 31 58
 56 56
 68 56
 72 57
 53 57
 95 57
 87 57
 15 56
 25 56
 97 56
 55 56
 54 58
 64 58
 96 56
 98 56
 15 58
 55 58
 99 56
 63 56
 40 56
 2 56
 70 56
 66 56
 92 58
 86 58
 95 57
 29 57
 49 57
 6 57
 99 56
 100 56
 92 57
 94 57
 34 56
 18 56
 38 57
 70 57
 56 57
 77 57
 25 55
 96 55
 76 57
 98 57
 39 57
 38 57
 51 58
 42 58
 99 57
 46 57
 5 57
 79 57
 88 56
 89 56
 74 57
 37 57
 15 57
 6 57
 60 58
 66 58
 12 57
 18 57
 7 57
 13 57
 56 56
 100 56
 82 57
 53 57
 99 56
 83 56
 12 57
 47 57
 40 58
 67 58
 80 58
 76 58
 9 58
 27 58
 48 55
 99 55
 25 57
 69 57
 94 58
 45 58
 21 58
 83 58
 90 56
 46 56
 55 58
 29 58
 78 57
 65 57
 50 58
 64 58
 65 57
 61 57
 98 57
 44 57
 56 58
 17 58
 86 56
 99 56
 81 58
 55 58
 70 57
 96 57
 13 57
 75 57
 72 59
 97 59
 95 56
 83 56
 84 58
 9 58
 98 56
 98 56
 4 57
 34 57
 50 59
 26 59
 10 55
 31 55
 54 56
 74 56
 83 58
 19 58
 61 57
 9 57
 71 58
 56 58
 85 57
 70 57
 58 56
 69 56
 47 58
 6 58
 63 59
 62 59
 93 55
 85 55
 43 56
 99 56
 25 58
 64 58
 54 57
 78 57
 85 56
 59 56
 55 56
 12 56
 8 57
 67 57
 85 57
 2 57
 87 58
 98 58
 22 58
 17 58
 99 58
 91 58
 47 57
 58 57
 95 57
 93 57
 19 58
 93 58
 73 57
 79 57
 68 57
 98 57
 92 56
 78 56
 30 58
 97 58
 49 57
 55 57
 46 57
 57 57
 97 57
 94 57
 74 56
 22 56
 6 57
 20 57
 47 58
 58 58
 20 57
 72 57
 31 57
 24 57
 5 57
 78 57
 83 55
 59 55
 63 58
 68 58
 98 57
 98 57
 95 56
 8 56
 27 57
 91 57
 93 58
 26 58
 91 57
 53 57
 98 56
 89 56
 100 55
 79 55
 84 58
 78 58
 3 57
 99 57
 92 57
 7 57
 70 57
 97 57
 34 56
 98 56
 26 57
 81 57
 2 58
 63 58
 34 56
 40 56
 64 57
 94 57
 10 57
 67 57
 91 57
 9 57
 99 57
 37 57
 90 56
 72 56
 92 59
 10 59
 97 56
 53 56
 96 57
 72 57
 28 58
 98 58
 96 57
 8 57
 12 57
 28 57
 11 56
 47 56
 37 57
 80 57
 18 55
 87 55
 62 57
 35 57
 53 58
 9 58
 97 57
 47 57
 37 59
 99 59
 75 56
 19 56
 67 57
 78 57
 25 57
 95 57
 70 56
 23 56
 37 57
 3 57
 46 56
 57 56
 98 57
 92 57
 87 57
 22 57
 42 58
 87 58
 31 56
 46 56
 48 57
 72 57
 98 57
 89 57
 97 58
 83 58
 63 55
 63 55
 12 56
 55 56
 69 57
 81 57
 88 57
 10 57
 88 58
 8 58
 69 57
 33 57
 17 56
 9 56
 96 57
 81 57
 100 56
 67 56
 62 56
 25 56
 79 57
 78 57
 99 57
 21 57
 93 58
 92 58
 84 58
 31 58
 51 56
 8 56
 51 58
 97 58
 91 58
 37 58
 90 56
 89 56
 99 56
 87 56
 63 56
 98 56
 81 58
 37 58
 67 58
 48 58
 97 58
 13 58
 98 58
 29 58
 9 56
 93 56
 25 57
 10 57
 36 59
 33 59
 47 55
 6 55
 80 57
 6 57
 99 56
 31 56
 38 58
 36 58
 89 56
 91 56
 80 57
 95 57
 99 56
 48 56
 25 56
 79 56
 70 59
 29 59
 65 58
 90 58
 58 58
 97 58
 88 56
 47 56
 89 57
 43 57
 57 55
 78 55
 79 59
 12 59
 19 55
 86 55
 26 57
 93 57
 9 56
 69 56
 86 57
 98 57
 90 57
 83 57
 91 57
 92 57
 18 56
 48 56
 97 58
 4 58
 98 57
 98 57
 91 58
 93 58
 53 57
 93 57
 65 55
 62 55
 67 57
 29 57
 75 58
 12 58
 72 57
 36 57
 6 57
 27 57
 67 58
 73 58
 3 56
 94 56
 96 56
 98 56
 63 57
 42 57
 47 57
 86 57
 90 55
 37 55
 96 58
 15 58
 88 57
 11 57
 98 56
 83 56
 98 57
 67 57
 93 57
 88 57
 66 58
 63 58
 31 57
 49 57
 93 55
 100 55
 86 58
 84 58
 57 56
 56 56
 40 56
 52 56
 92 57
 97 57
 85 58
 99 58
 4 59
 76 59
 86 58
 49 58
 86 56
 56 56
 58 58
 92 58
 7 57
 75 57
 15 57
 4 57
 33 56
 98 56
 7 58
 94 58
 17 56
 94 56
 85 55
 85 55
 15 58
 35 58
 88 56
 100 56
 99 55
 71 55
 99 57
 99 57
 98 56
 60 56
 25 55
 95 55
 62 57
 85 57
 87 57
 84 57
 29 56
 7 56
 91 58
 95 58
 20 59
 54 59
 97 57
 64 57
 85 58
 76 58
 68 56
 71 56
 96 59
 11 59
 32 56
 93 56
 4 58
 87 58
 73 58
 9 58
 100 57
 30 57
 86 58
 73 58
 9 56
 96 56
 47 58
 52 58
 51 56
 13 56
 96 58
 75 58
 49 57
 75 57
 97 57
 95 57
 37 56
 68 56
 86 57
 46 57
 90 57
 37 57
 70 55
 88 55
 97 58
 31 58
 5 57
 95 57
 99 58
 91 58
 67 58
 76 58
 40 55
 26 55
 100 58
 17 58
 11 55
 26 55
 77 58
 72 58
 33 58
 84 58
 97 58
 79 58
 73 56
 12 56
 95 58
 17 58
 51 57
 98 57
 83 56
 84 56
 97 58
 92 58
 98 58
 86 58
 90 56
 6 56
 64 58
 4 58
 88 58
 26 58
 85 55
 22 55
 91 58
 46 58
 48 58
 15 58
 39 58
 28 58
 8 56
 98 56
 52 57
 6 57
 97 58
 46 58
 99 57
 84 57
 19 58
 42 58
 98 56
 89 56
 41 57
 75 57
 82 57
 64 57
 98 57
 65 57
 48 58
 29 58
 77 55
 24 55
 36 59
 21 59
 80 57
 18 57
 47 57
 91 57
 8 58
 79 58
 9 56
 22 56
 95 56
 63 56
 82 57
 79 57
 69 56
 29 56
 74 58
 95 58
 7 57
 30 57
 35 57
 6 57
 57 58
 36 58
 41 56
 8 56
 9 58
 7 58
 2 58
 79 58
 72 57
 98 57
 93 55
 99 55
 2 58
 64 58
 6 56
 87 56
 84 57
 84 57
 18 57
 27 57
 7 56
 91 56
 39 58
 1 58
 96 57
 4 57
 65 58
 6 58
 58 56
 25 56
 95 57
 23 57
 48 57
 35 57
 63 56
 91 56
 58 57
 45 57
 13 58
 96 58
 84 55
 92 55
 98 58
 49 58
 56 57
 13 57
 7 57
 13 57
 79 59
 15 59
 15 57
 43 57
 54 56
 90 56
 71 58
 27 58
 94 55
 6 55
 2 57
 3 57
 97 57
 10 57
 93 57
 17 57
 57 56
 81 56
 42 56
 49 56
 21 56
 48 56
 23 57
 96 57
 83 57
 84 57
 23 56
 92 56
 74 57
 49 57
 26 57
 16 57
 17 57
 96 57
 98 55
 86 55
 53 57
 73 57
 8 56
 33 56
 88 57
 90 57
 27 58
 27 58
 43 57
 80 57
 89 57
 29 57
 59 57
 25 57
 48 58
 18 58
 74 56
 23 56
 65 56
 27 56
 77 57
 94 57
 90 58
 94 58
 6 56
 97 56
 32 56
 72 56
 80 57
 22 57
 62 57
 98 57
 69 57
 29 57
 80 57
 74 57
 96 56
 42 56
 14 56
 13 56
 91 57
 30 57
 23 57
 73 57
 63 57
 10 57
 16 55
 79 55
 91 57
 42 57
 37 59
 91 59
 31 58
 69 58
 8 57
 36 57
 53 55
 81 55
 100 58
 94 58
 83 55
 64 55
 93 56
 89 56
 42 58
 100 58
 92 58
 22 58
 22 55
 91 55
 51 56
 85 56
 87 57
 34 57
 91 57
 98 57
 86 57
 74 57
 21 57
 3 57
 67 56
 8 56
 98 59
 89 59
 99 57
 89 57
 96 57
 88 57
 91 57
 39 57
 55 56
 85 56
 88 57
 66 57
 88 56
 94 56
 10 58
 74 58
 87 58
 98 58
 71 57
 37 57
 96 57
 89 57
 62 57
 31 57
 80 55
 34 55
 13 58
 25 58
 77 57
 19 57
 26 57
 9 57
 22 58
 12 58
 55 56
 98 56
 67 56
 98 56
 96 56
 66 56
 27 57
 45 57
 37 57
 58 57
 64 58
 37 58
 9 55
 61 55
 24 58
 35 58
 97 59
 61 59
 89 56
 82 56
 80 58
 97 58
 93 58
 15 58
 91 55
 49 55
 76 56
 90 56
 4 59
 72 59
 57 58
 98 58
 95 56
 91 56
 70 57
 54 57
 75 58
 73 58
 75 56
 88 56
 65 58
 30 58
 94 58
 71 58
 71 57
 24 57
 39 57
 86 57
 69 58
 22 58
 71 58
 98 58
 74 55
 81 55
 75 59
 55 59
 32 56
 98 56
 59 57
 90 57
 26 56
 99 56
 98 55
 44 55
 57 58
 100 58
 87 57
 73 57
 18 56
 35 56
 26 60
 97 60
 81 56
 95 56
 75 56
 7 56
 13 57
 77 57
 99 57
 8 57
 40 57
 45 57
 25 58
 65 58
 14 56
 97 56
 93 58
 16 58
 51 55
 98 55
 77 57
 77 57
 49 58
 49 58
 27 56
 54 56
 2 55
 56 55
 79 59
 21 59
 10 58
 72 58
 58 55
 88 55
 94 56
 28 56
 71 57
 80 57
 96 56
 42 56
 96 58
 96 58
 84 56
 16 56
 14 57
 27 57
 98 56
 71 56
 31 57
 63 57
 85 59
 93 59
 51 55
 99 55
 34 55
 15 55
 73 59
 6 59
 79 56
 68 56
 44 59
 27 59
 70 57
 9 57
 16 58
 99 58
 86 56
 9 56
 97 56
 26 56
 64 58
 20 58
 67 56
 98 56
 98 55
 49 55
 68 57
 39 57
 61 58
 96 58
 77 56
 95 56
 98 58
 63 58
 99 57
 16 57
 29 57
 14 57
 43 58
 17 58
 93 56
 98 56
 24 58
 69 58
 26 56
 88 56
 10 57
 17 57
 23 57
 14 57
 17 56
 90 56
 73 56
 5 56
 13 57
 86 57
 24 57
 32 57
 30 58
 16 58
 99 57
 17 57
 59 57
 42 57
 77 57
 41 57
 99 57
 81 57
 50 57
 86 57
 79 57
 99 57
 66 57
 43 57
 13 56
 27 56
 48 57
 36 57
 93 57
 64 57
 52 56
 44 56
 97 58
 3 58
 98 56
 69 56
 61 58
 30 58
 71 57
 60 57
 5 56
 26 56
 91 57
 87 57
 22 58
 63 58
 98 56
 94 56
 25 56
 43 56
 21 57
 75 57
 5 57
 8 57
 53 56
 80 56
 13 57
 37 57
 52 56
 26 56
 30 58
 97 58
 78 56
 29 56
 33 59
 87 59
 39 58
 15 58
 17 57
 66 57
 45 58
 24 58
 99 57
 54 57
 93 57
 7 57
 12 59
 14 59
 71 56
 30 56
 93 59
 2 59
 40 57
 77 57
 49 56
 73 56
 4 58
 91 58
 87 57
 17 57
 36 59
 89 59
 53 56
 91 56
 95 56
 29 56
 35 57
 11 57
 99 58
 75 58
 32 56
 29 56
 18 57
 16 57
 8 57
 99 57
 45 58
 26 58
 96 57
 14 57
 86 57
 30 57
 76 58
 72 58
 10 57
 89 57
 42 57
 6 57
 94 58
 65 58
 99 58
 84 58
 31 55
 99 55
 10 58
 28 58
 93 58
 30 58
 77 58
 15 58
 39 55
 6 55
 31 56
 19 56
 69 56
 9 56
 99 58
 64 58
 78 58
 97 58
 55 57
 22 57
 48 57
 30 57
 98 57
 71 57
 95 58
 86 58
 45 56
 93 56
 100 56
 53 56
 14 57
 49 57
 92 56
 96 56
 79 56
 10 56
 80 57
 44 57
 96 57
 83 57
 36 55
 50 55
 56 58
 87 58
 41 58
 5 58
 3 57
 47 57
 44 56
 12 56
 98 56
 38 56
 85 60
 8 60
 69 54
 68 54
 33 58
 43 58
 68 57
 18 57
 77 57
 23 57
 99 56
 62 56
 77 58
 67 58
 60 56
 47 56
 50 58
 80 58
 79 56
 4 56
 90 57
 17 57
 11 56
 25 56
 88 57
 1 57
 91 55
 66 55
 96 57
 38 57
 91 57
 64 57
 69 57
 8 57
 8 57
 36 57
 57 57
 42 57
 97 56
 69 56
 26 57
 84 57
 48 58
 10 58
 90 56
 69 56
 17 57
 38 57
 68 56
 78 56
 97 58
 41 58
 9 58
 20 58
 64 56
 87 56
 7 57
 89 57
 98 58
 97 58
 28 58
 25 58
 67 56
 81 56
 26 57
 69 57
 43 57
 27 57
 41 57
 73 57
 65 56
 93 56
 88 59
 25 59
 48 57
 51 57
 94 57
 98 57
 25 57
 99 57
 83 56
 97 56
 89 57
 99 57
 72 56
 88 56
 36 57
 46 57
 19 57
 98 57
 93 57
 12 57
 22 56
 95 56
 69 57
 42 57
 36 57
 100 57
 28 56
 95 56
 64 56
 85 56
 58 55
 4 55
 72 57
 58 57
 39 59
 100 59
 63 57
 98 57
 35 57
 85 57
 87 58
 72 58
 10 56
 47 56
 98 57
 82 57
 2 57
 96 57
 12 56
 88 56
 78 56
 51 56
 61 58
 60 58
 33 58
 28 58
 87 57
 92 57
 65 56
 71 56
 57 59
 74 59
 48 56
 95 56
 1 56
 47 56
 76 57
 36 57
 96 57
 25 57
 98 58
 17 58
 6 57
 98 57
 46 57
 97 57
 37 56
 65 56
 71 56
 93 56
 5 56
 45 56
 91 58
 6 58
 7 56
 98 56
 58 57
 94 57
 72 58
 16 58
 78 56
 27 56
 10 56
 79 56
 94 57
 15 57
 44 58
 58 58
 33 57
 92 57
 53 57
 20 57
 96 57
 88 57
 1 58
 38 58
 95 56
 44 56
 41 57
 5 57
 74 57
 84 57
 6 56
 33 56
 40 56
 78 56
 41 57
 6 57
 98 58
 97 58
 30 59
 43 59
 33 55
 42 55
 15 58
 61 58
 39 56
 95 56
 89 57
 6 57
 12 57
 5 57
 14 58
 59 58
 60 56
 93 56
 52 56
 96 56
 98 59
 94 59
 30 57
 98 57
 67 56
 61 56
 69 57
 18 57
 17 57
 96 57
 78 57
 54 57
 90 58
 98 58
 90 55
 27 55
 56 56
 96 56
