 3 4
 3 4
 11 15
 11 15
 40 50
 39 50
 94 99
 94 99
 20 5
 18 5
 66 18
 65 18
 88 55
 88 55
 47 73
 37 73
 94 58
 92 58
 16 52
 19 52
 84 56
 84 56
 86 59
 94 59
 66 57
 34 57
 51 58
 87 58
 34 56
 38 56
 90 56
 54 56
 32 58
 49 58
 91 58
 86 58
 37 58
 52 58
 51 56
 92 56
 33 57
 87 57
 56 58
 84 58
 43 56
 88 56
 94 56
 86 56
 46 57
 32 57
 83 57
 54 57
 88 56
 44 56
 95 59
 72 59
 39 56
 88 56
 84 56
 92 56
 87 57
 48 57
 52 56
 50 56
 88 58
 37 58
 94 57
 80 57
 30 56
 52 56
 94 58
 93 58
 48 56
 41 56
 56 57
 92 57
 32 57
 55 57
 95 58
 94 58
 28 56
 33 56
 54 57
 83 57
 50 56
 29 56
 89 57
 86 57
 87 55
 62 55
 93 57
 54 57
 48 56
 55 56
 91 58
 93 58
 61 55
 39 55
 85 58
 91 58
 87 57
 57 57
 94 57
 86 57
 41 57
 88 57
 53 56
 91 56
 29 57
 49 57
 94 56
 80 56
 32 58
 27 58
 55 58
 91 58
 30 57
 54 57
 52 58
 94 58
 28 54
 88 54
 82 58
 92 58
 33 57
 29 57
 54 58
 84 58
 42 55
 39 55
 53 57
 95 57
 34 57
 50 57
 85 56
 93 56
 37 58
 42 58
 93 56
 93 56
 34 58
 49 58
 55 57
 95 57
 29 57
 87 57
 87 56
 54 56
 86 57
 36 57
 89 55
 94 55
 30 59
 52 59
 94 57
 50 57
 58 56
 42 56
 84 58
 92 58
 32 57
 46 57
 94 56
 94 56
 59 56
 38 56
 90 59
 93 59
 37 57
 29 57
 88 56
 55 56
 32 58
 59 58
 53 57
 54 57
 34 57
 87 57
 52 59
 85 59
 49 55
 37 55
 93 59
 52 59
 44 56
 39 56
 87 58
 93 58
 88 56
 87 56
 95 56
 56 56
 62 58
 30 58
 93 58
 83 58
 31 57
 88 57
 58 59
 57 59
 88 57
 85 57
 94 55
 91 55
 60 61
 60 61
 93 55
 82 55
 88 58
 54 58
 54 57
 94 57
 86 54
 32 54
 84 59
 88 59
 34 56
 61 56
 52 59
 93 59
 86 57
 53 57
 54 57
 80 57
 54 56
 56 56
 83 58
 52 58
 32 57
 36 57
 94 58
 85 58
 29 57
 88 57
 87 56
 94 56
 30 57
 33 57
 52 58
 92 58
 47 56
 57 56
 83 56
 55 56
 86 58
 88 58
 56 56
 91 56
 30 57
 60 57
 92 55
 53 55
 34 58
 42 58
 92 57
 85 57
 62 58
 53 58
 83 56
 94 56
 33 57
 29 57
 52 58
 94 58
 47 56
 43 56
 88 56
 53 56
 31 57
 87 57
 93 56
 89 56
 43 57
 49 57
 85 57
 93 57
 61 57
 44 57
 83 56
 87 56
 52 57
 43 57
 88 58
 90 58
 55 56
 51 56
 84 56
 94 56
 51 55
 53 55
 85 59
 91 59
 34 57
 36 57
 84 57
 52 57
 87 56
 86 56
 94 58
 91 58
 41 56
 87 56
 87 57
 83 57
 41 56
 87 56
 86 56
 88 56
 34 58
 51 58
 54 58
 86 58
 37 58
 31 58
 92 58
 53 58
 49 57
 32 57
 94 57
 54 57
 32 58
 55 58
 93 56
 55 56
 87 58
 88 58
 90 57
 83 57
 87 57
 49 57
 53 57
 84 57
 35 58
 41 58
 91 57
 93 57
 36 57
 87 57
 86 57
 52 57
 32 58
 32 58
 84 55
 93 55
 43 57
 60 57
 52 58
 93 58
 86 55
 87 55
 80 59
 93 59
 51 56
 55 56
 93 56
 93 56
 87 58
 52 58
 90 57
 94 57
 88 56
 57 56
 94 56
 95 56
 87 57
 31 57
 55 58
 93 58
 44 57
 29 57
 83 57
 93 57
 88 55
 87 55
 54 58
 91 58
 87 58
 87 58
 57 58
 93 58
 62 56
 87 56
 53 58
 89 58
 35 58
 87 58
 84 56
 93 56
 87 57
 87 57
 93 55
 91 55
 30 60
 56 60
 87 56
 81 56
 86 56
 29 56
 53 57
 93 57
 86 58
 30 58
 86 57
 85 57
 87 57
 36 57
 52 57
 94 57
 29 58
 57 58
 55 56
 93 56
 34 57
 43 57
 89 56
 84 56
 87 56
 87 56
 53 56
 85 56
 42 58
 30 58
 52 57
 83 57
 42 56
 60 56
 53 58
 95 58
 86 58
 86 58
 93 56
 94 56
 87 58
 31 58
 81 58
 85 58
 44 57
 32 57
 92 56
 90 56
 60 57
 50 57
 81 57
 89 57
 55 57
 87 57
 92 58
 52 58
 33 58
 32 58
 90 57
 92 57
 52 55
 42 55
 93 56
 81 56
 31 56
 52 56
 85 59
 93 59
 86 56
 32 56
 87 55
 81 55
 52 59
 87 59
 53 56
 90 56
 55 56
 56 56
 52 58
 95 58
 50 57
 87 57
 80 58
 55 58
 51 56
 58 56
 82 57
 83 57
 87 58
 32 58
 89 56
 95 56
 31 55
 87 55
 93 58
 79 58
 59 57
 49 57
 94 56
 56 56
 59 56
 29 56
 94 58
 54 58
 51 57
 35 57
 94 57
 93 57
 86 56
 87 56
 90 58
 93 58
 87 58
 87 58
 92 57
 94 57
 60 57
 54 57
 95 58
 54 58
 36 57
 87 57
 53 56
 82 56
 34 57
 54 57
 91 58
 53 58
 28 56
 56 56
 84 57
 92 57
 32 59
 86 59
 94 58
 91 58
 62 58
 57 58
 86 56
 53 56
 32 56
 39 56
 93 56
 93 56
 33 57
 32 57
 93 56
 93 56
 50 57
 32 57
 92 56
 52 56
 35 58
 87 58
 54 56
 85 56
 30 57
 32 57
 55 59
 86 59
 35 56
 87 56
 92 57
 95 57
 32 57
 86 57
 52 57
 84 57
 48 56
 88 56
 56 56
 55 56
 86 58
 87 58
 93 57
 83 57
 40 57
 39 57
 55 57
 52 57
 88 57
 87 57
 54 57
 56 57
 88 57
 36 57
 89 56
 93 56
 30 57
 54 57
 54 57
 55 57
 35 58
 87 58
 89 55
 88 55
 37 59
 86 59
 84 59
 84 59
 31 55
 37 55
 83 58
 94 58
 61 55
 30 55
 53 58
 94 58
 86 56
 87 56
 85 58
 91 58
 87 56
 87 56
 84 57
 86 57
 86 58
 51 58
 82 58
 85 58
 42 57
 31 57
 85 56
 91 56
 37 58
 32 58
 94 56
 93 56
 87 57
 56 57
 82 57
 91 57
 48 56
 87 56
 93 56
 93 56
 43 58
 52 58
 92 56
 53 56
 30 58
 87 58
 88 56
 93 56
 87 56
 87 56
 91 56
 94 56
 87 58
 55 58
 93 57
 51 57
 41 57
 52 57
 81 56
 91 56
 87 57
 33 57
 55 56
 94 56
 52 57
 50 57
 91 57
 94 57
 51 55
 86 55
 83 57
 91 57
 48 57
 31 57
 87 58
 54 58
 50 57
 31 57
 83 57
 93 57
 27 56
 51 56
 55 57
 55 57
 56 57
 87 57
 82 58
 82 58
 55 57
 88 57
 90 57
 53 57
 35 56
 86 56
 52 57
 83 57
 30 56
 56 56
 83 57
 52 57
 34 58
 87 58
 54 58
 93 58
 86 58
 55 58
 83 55
 93 55
 33 57
 88 57
 89 58
 84 58
 39 58
 29 58
 56 56
 93 56
 46 58
 87 58
 91 57
 53 57
 59 58
 88 58
 84 57
 85 57
 45 57
 86 57
 53 58
 94 58
 30 56
 34 56
 53 58
 51 58
 44 57
 30 57
 94 57
 86 57
 52 59
 56 59
 94 56
 89 56
 88 58
 87 58
 85 56
 93 56
 38 57
 57 57
 54 59
 82 59
 50 55
 87 55
 82 56
 92 56
 30 58
 30 58
 56 57
 87 57
 87 58
 30 58
 84 57
 80 57
 37 56
 36 56
 55 58
 93 58
 31 59
 87 59
 81 55
 85 55
 32 56
 42 56
 88 58
 52 58
 30 57
 55 57
 55 56
 52 56
 29 56
 37 56
 56 57
 55 57
 86 57
 47 57
 83 58
 54 58
 49 58
 38 58
 92 58
 54 58
 86 57
 61 57
 87 57
 92 57
 33 58
 87 58
 91 57
 92 57
 50 57
 87 57
 91 56
 56 56
 37 58
 36 58
 93 57
 81 57
 86 57
 86 57
 88 57
 91 57
 87 56
 46 56
 85 57
 53 57
 87 58
 30 58
 51 57
 52 57
 88 57
 41 57
 54 57
 81 57
 46 55
 88 55
 93 58
 89 58
 44 57
 88 57
 87 56
 86 56
 58 57
 33 57
 94 58
 94 58
 88 57
 57 57
 91 56
 88 56
 29 55
 52 55
 55 58
 55 58
 45 57
 35 57
 86 57
 56 57
 35 57
 61 57
 83 56
 94 56
 54 57
 88 57
 52 58
 93 58
 87 56
 57 56
 85 57
 86 57
 57 57
 39 57
 82 57
 52 57
 33 57
 57 57
 87 56
 51 56
 38 59
 45 59
 94 56
 92 56
 54 57
 86 57
 94 58
 94 58
 32 57
 32 57
 81 57
 82 57
 30 56
 45 56
 51 57
 53 57
 87 55
 41 55
 81 57
 54 57
 32 58
 44 58
 52 57
 86 57
 55 59
 34 59
 81 56
 85 56
 29 57
 32 57
 94 57
 93 57
 32 56
 53 56
 92 57
 90 57
 87 56
 87 56
 84 57
 91 57
 87 57
 41 57
 89 58
 87 58
 40 56
 28 56
 93 57
 93 57
 38 57
 88 57
 85 58
 83 58
 32 55
 40 55
 81 56
 87 56
 30 57
 87 57
 55 57
 54 57
 54 58
 88 58
 89 57
 55 57
 29 56
 87 56
 86 57
 86 57
 55 56
 30 56
 95 56
 84 56
 86 57
 44 57
 91 57
 94 57
 87 58
 87 58
 87 58
 92 58
 46 56
 51 56
 91 58
 54 58
 88 58
 30 58
 89 56
 53 56
 33 56
 52 56
 52 56
 83 56
 28 58
 44 58
 79 58
 95 58
 88 58
 31 58
 87 58
 84 58
 88 56
 58 56
 88 57
 84 57
 45 59
 52 59
 90 55
 92 55
 88 57
 86 57
 86 56
 52 56
 37 58
 28 58
 91 56
 83 56
 30 57
 58 57
 84 56
 52 56
 32 56
 35 56
 94 59
 52 59
 48 58
 57 58
 93 58
 87 58
 30 56
 51 56
 84 57
 82 57
 30 55
 86 55
 94 59
 83 59
 38 55
 32 55
 93 57
 56 57
 62 56
 33 56
 88 57
 89 57
 42 57
 87 57
 92 57
 92 57
 36 56
 32 56
 90 58
 54 58
 51 57
 33 57
 94 58
 94 58
 48 57
 56 57
 92 55
 82 55
 44 57
 87 57
 52 58
 81 58
 50 57
 42 57
 81 57
 87 57
 56 58
 60 58
 78 56
 93 56
 30 56
 87 56
 86 57
 90 57
 86 57
 42 57
 92 55
 87 55
 53 58
 38 58
 83 57
 54 57
 37 56
 29 56
 93 57
 80 57
 30 57
 33 57
 91 58
 91 58
 36 57
 41 57
 89 55
 80 55
 32 58
 34 58
 87 56
 54 56
 32 56
 37 56
 84 57
 91 57
 36 58
 45 58
 52 59
 54 59
 31 58
 88 58
 82 56
 95 56
 87 58
 86 58
 84 57
 55 57
 47 57
 88 57
 94 56
 93 56
 43 58
 53 58
 84 56
 53 56
 87 55
 40 55
 85 58
 86 58
 30 56
 55 56
 94 55
 55 55
 32 57
 57 57
 56 56
 93 56
 32 55
 86 55
 92 57
 81 57
 87 57
 87 57
 94 56
 93 56
 36 58
 31 58
 91 59
 84 59
 30 57
 35 57
 79 58
 87 58
 29 56
 36 56
 92 59
 83 59
 51 56
 32 56
 94 58
 94 58
 30 58
 87 58
 84 57
 91 57
 87 58
 54 58
 56 56
 54 56
 47 58
 32 58
 92 56
 95 56
 88 58
 29 58
 54 57
 53 57
 32 57
 56 57
 94 56
 92 56
 87 57
 52 57
 54 57
 87 57
 39 55
 53 55
 94 58
 54 58
 30 57
 32 57
 84 58
 54 58
 86 58
 50 58
 79 55
 52 55
 42 58
 88 58
 88 55
 89 55
 31 58
 29 58
 52 58
 85 58
 32 58
 87 58
 93 56
 80 56
 45 58
 29 58
 89 57
 88 57
 32 56
 86 56
 93 58
 94 58
 87 58
 32 58
 95 56
 54 56
 36 58
 87 58
 56 58
 92 58
 43 55
 31 55
 93 58
 52 58
 53 58
 44 58
 94 58
 81 58
 86 56
 86 56
 86 57
 82 57
 43 58
 88 58
 91 57
 94 57
 49 58
 49 58
 93 56
 55 56
 32 57
 87 57
 83 57
 55 57
 61 57
 38 57
 54 58
 94 58
 29 55
 87 55
 93 59
 52 59
 34 57
 88 57
 90 57
 52 57
 45 58
 31 58
 55 56
 54 56
 58 56
 30 56
 84 57
 94 57
 38 56
 33 56
 94 58
 93 58
 29 57
 49 57
 54 57
 55 57
 58 58
 88 58
 92 56
 93 56
 55 58
 87 58
 92 58
 82 58
 55 57
 31 57
 92 55
 56 55
 57 58
 47 58
 83 56
 89 56
 88 57
 32 57
 90 57
 89 57
 50 56
 28 56
 52 58
 90 58
 87 57
 57 57
 89 58
 93 58
 88 56
 87 56
 54 57
 88 57
 88 57
 57 57
 92 56
 52 56
 46 57
 27 57
 90 58
 90 58
 58 55
 48 55
 54 58
 94 58
 87 57
 87 57
 55 57
 85 57
 52 59
 31 59
 85 57
 82 57
 30 56
 31 56
 52 58
 84 58
 86 55
 87 55
 89 57
 55 57
 53 57
 88 57
 90 57
 52 57
 86 56
 86 56
 93 56
 93 56
 60 56
 34 56
 85 57
 89 57
 53 57
 86 57
 85 56
 95 56
 88 57
 33 57
 54 57
 51 57
 57 57
 35 57
 54 55
 55 55
 33 57
 87 57
 84 56
 53 56
 40 57
 42 57
 93 58
 94 58
 55 57
 50 57
 53 57
 53 57
 29 57
 54 57
 81 58
 94 58
 52 56
 87 56
 95 56
 55 56
 87 57
 54 57
 93 58
 53 58
 30 56
 30 56
 93 56
 53 56
 87 57
 35 57
 95 57
 94 57
 30 57
 40 57
 52 57
 52 57
 88 56
 49 56
 52 56
 55 56
 86 57
 31 57
 82 57
 52 57
 51 57
 32 57
 94 55
 94 55
 88 57
 86 57
 90 59
 92 59
 43 58
 35 58
 94 57
 53 57
 31 55
 88 55
 52 58
 53 58
 48 55
 87 55
 53 56
 92 56
 88 58
 87 58
 95 58
 52 58
 36 55
 34 55
 84 56
 93 56
 42 57
 88 57
 55 57
 54 57
 87 57
 47 57
 91 57
 55 57
 54 56
 58 56
 88 59
 86 59
 37 57
 59 57
 93 57
 52 57
 88 57
 57 57
 94 56
 91 56
 42 57
 46 57
 90 56
 52 56
 45 58
 58 58
 91 58
 53 58
 31 57
 35 57
 91 57
 84 57
 56 57
 28 57
 83 55
 93 55
 86 58
 52 58
 85 57
 92 57
 53 57
 33 57
 52 58
 91 58
 28 56
 46 56
 53 56
 85 56
 55 56
 55 56
 83 57
 95 57
 62 57
 87 57
 57 58
 91 58
 87 55
 53 55
 94 58
 94 58
 87 59
 87 59
 92 56
 54 56
 53 58
 57 58
 92 58
 92 58
 87 55
 60 55
 93 56
 90 56
 31 59
 33 59
 95 58
 55 58
 53 56
 32 56
 81 57
 93 57
 56 58
 57 58
 55 56
 56 56
 34 58
 87 58
 84 58
 55 58
 31 57
 87 57
 93 57
 93 57
 56 58
 33 58
 56 58
 89 58
 28 55
 53 55
 51 59
 88 59
 87 56
 59 56
 52 57
 91 57
 55 56
 87 56
 81 55
 93 55
 47 58
 45 58
 81 57
 86 57
 28 56
 37 56
 95 60
 83 60
 45 56
 87 56
 88 56
 88 56
 53 57
 87 57
 91 57
 81 57
 39 57
 59 57
 53 58
 83 58
 31 56
 42 56
 90 58
 57 58
 33 55
 37 55
 51 57
 53 57
 53 58
 32 58
 83 56
 88 56
 45 55
 43 55
 55 59
 52 59
 87 58
 33 58
 82 55
 85 55
 30 56
 29 56
 55 57
 92 57
 87 56
 34 56
 90 58
 52 58
 32 56
 55 56
 54 57
 54 57
 87 56
 28 56
 54 57
 55 57
 87 59
 53 59
 55 55
 91 55
 37 55
 52 55
 89 59
 89 59
 34 56
 33 56
 51 59
 87 59
 87 57
 52 57
 81 58
 93 58
 60 56
 44 56
 84 56
 93 56
 38 58
 35 58
 93 56
 93 56
 41 55
 33 55
 56 57
 95 57
 87 58
 40 58
 92 56
 92 56
 52 58
 38 58
 91 57
 56 57
 42 57
 33 57
 93 58
 92 58
 31 56
 32 56
 82 58
 80 58
 86 56
 86 56
 87 57
 82 57
 34 57
 48 57
 93 56
 53 56
 55 56
 32 56
 88 57
 56 57
 56 57
 32 57
 84 58
 93 58
 29 57
 30 57
 53 57
 93 57
 57 57
 32 57
 54 57
 93 57
 36 57
 57 57
 86 57
 84 57
 31 57
 58 57
 55 56
 90 56
 33 57
 32 57
 94 57
 93 57
 53 56
 54 56
 53 58
 91 58
 60 56
 38 56
 89 58
 83 58
 31 57
 29 57
 95 56
 82 56
 33 57
 57 57
 92 58
 83 58
 28 56
 43 56
 94 56
 93 56
 86 57
 32 57
 94 57
 52 57
 46 56
 58 56
 93 57
 84 57
 34 56
 35 56
 86 58
 87 58
 53 56
 51 56
 53 59
 89 59
 54 58
 87 58
 53 57
 83 57
 37 58
 87 58
 93 57
 82 57
 53 57
 33 57
 56 59
 84 59
 28 56
 38 56
 86 59
 56 59
 44 57
 55 57
 95 56
 93 56
 43 58
 32 58
 92 57
 84 57
 36 59
 43 59
 92 56
 94 56
 86 56
 86 56
 92 57
 92 57
 34 58
 29 58
 82 56
 85 56
 54 57
 51 57
 93 57
 54 57
 38 58
 52 58
 83 57
 53 57
 87 57
 45 57
 56 58
 93 58
 54 57
 87 57
 53 57
 93 57
 88 58
 55 58
 93 58
 88 58
 31 55
 28 55
 92 58
 86 58
 45 58
 38 58
 87 58
 53 58
 30 55
 50 55
 52 56
 91 56
 35 56
 46 56
 56 58
 87 58
 86 58
 38 58
 85 57
 53 57
 87 57
 56 57
 86 57
 52 57
 53 58
 33 58
 94 56
 82 56
 38 56
 88 56
 81 57
 53 57
 87 56
 87 56
 93 56
 90 56
 31 57
 30 57
 85 57
 54 57
 57 55
 87 55
 91 58
 52 58
 42 58
 88 58
 53 57
 53 57
 59 56
 52 56
 93 56
 93 56
 51 60
 48 60
 93 54
 80 54
 48 58
 38 58
 87 57
 55 57
 37 57
 30 57
 93 56
 83 56
 28 58
 86 58
 54 56
 53 56
 87 58
 33 58
 81 56
 56 56
 39 57
 52 57
 93 56
 95 56
 31 57
 41 57
 55 55
 89 55
 87 57
 41 57
 94 57
 53 57
 47 57
 30 57
 53 57
 55 57
 33 57
 53 57
 89 56
 94 56
 33 57
 87 57
 86 58
 90 58
 38 56
 54 56
 92 57
 82 57
 87 56
 50 56
 92 58
 90 58
 86 58
 61 58
 53 56
 95 56
 55 57
 88 57
 93 58
 93 58
 46 58
 34 58
 86 56
 93 56
 42 57
 52 57
 86 57
 83 57
 87 57
 54 57
 55 56
 83 56
 87 59
 31 59
 54 57
 93 57
 87 57
 41 57
 83 57
 84 57
 59 56
 38 56
 54 57
 93 57
 30 56
 55 56
 81 57
 94 57
 32 57
 87 57
 87 57
 94 57
 54 56
 61 56
 93 57
 55 57
 62 57
 51 57
 93 56
 55 56
 44 56
 40 56
 84 55
 83 55
 32 57
 62 57
 83 59
 92 59
 28 57
 34 57
 84 57
 91 57
 34 58
 86 58
 93 56
 89 56
 29 57
 86 57
 95 57
 90 57
 58 56
 31 56
 81 56
 94 56
 40 58
 87 58
 53 58
 85 58
 33 57
 32 57
 55 56
 53 56
 87 59
 50 59
 84 56
 83 56
 28 56
 30 56
 56 57
 94 57
 60 57
 88 57
 55 58
 93 58
 87 57
 35 57
 95 57
 87 57
 34 56
 88 56
 83 56
 93 56
 31 56
 87 56
 87 58
 94 58
 59 56
 30 56
 84 57
 84 57
 46 58
 31 58
 92 56
 53 56
 39 56
 51 56
 93 57
 92 57
 40 58
 86 58
 86 57
 55 57
 87 57
 53 57
 80 57
 84 57
 87 58
 62 58
 54 56
 57 56
 45 57
 41 57
 82 57
 79 57
 87 56
 85 56
 94 56
 87 56
 55 57
 34 57
 56 58
 84 58
 88 59
 28 59
 93 55
 80 55
 57 58
 32 58
 88 56
 82 56
 87 57
 45 57
 85 57
 53 57
 32 58
 86 58
 93 56
 88 56
 45 56
 32 56
 93 59
 83 59
 40 57
 32 57
 56 56
 93 56
 33 57
 34 57
 81 57
 88 57
 59 57
 61 57
 83 58
 85 58
 86 55
 37 55
 94 56
 53 56
