 4 3
 4 3
 15 11
 15 11
 50 40
 50 40
 99 94
 99 94
 5 23
 5 23
 18 64
 18 62
 55 92
 55 87
 73 42
 73 45
 58 97
 58 96
 52 14
 52 32
 56 61
 56 65
 59 72
 59 92
 57 65
 57 89
 58 91
 58 90
 56 35
 56 87
 56 48
 56 76
 58 89
 58 90
 58 87
 58 86
 58 52
 58 40
 56 46
 56 48
 57 58
 57 40
 58 90
 58 50
 56 34
 56 42
 56 89
 56 93
 57 88
 57 36
 57 48
 57 87
 56 88
 56 89
 59 85
 59 87
 56 33
 56 49
 56 49
 56 92
 57 33
 57 89
 56 48
 56 92
 58 53
 58 35
 57 93
 57 50
 56 35
 56 37
 58 94
 58 92
 56 88
 56 38
 57 89
 57 49
 57 53
 57 51
 58 49
 58 92
 56 49
 56 88
 57 85
 57 93
 56 45
 56 38
 57 87
 57 49
 55 88
 55 89
 57 93
 57 86
 56 49
 56 43
 58 92
 58 94
 55 38
 55 87
 58 87
 58 93
 57 90
 57 89
 57 87
 57 93
 57 46
 57 50
 56 86
 56 88
 57 54
 57 50
 56 49
 56 85
 58 37
 58 52
 58 93
 58 93
 57 51
 57 49
 58 92
 58 47
 54 88
 54 49
 58 86
 58 84
 57 52
 57 45
 58 92
 58 48
 55 35
 55 35
 57 84
 57 50
 57 35
 57 90
 56 47
 56 93
 58 35
 58 87
 56 51
 56 93
 58 89
 58 52
 57 49
 57 84
 57 34
 57 87
 56 51
 56 52
 57 41
 57 38
 55 46
 55 93
 59 35
 59 35
 57 87
 57 92
 56 90
 56 38
 58 91
 58 46
 57 88
 57 35
 56 88
 56 85
 56 59
 56 56
 59 47
 59 49
 57 36
 57 33
 56 84
 56 88
 58 39
 58 51
 57 87
 57 93
 57 39
 57 87
 59 53
 59 89
 55 89
 55 50
 59 46
 59 93
 56 38
 56 87
 58 50
 58 52
 56 89
 56 54
 56 93
 56 43
 58 39
 58 36
 58 53
 58 83
 57 90
 57 53
 59 44
 59 92
 57 44
 57 87
 55 87
 55 53
 61 53
 61 90
 55 45
 55 93
 58 87
 58 32
 57 88
 57 88
 54 55
 54 43
 59 90
 59 93
 56 34
 56 38
 59 82
 59 89
 57 48
 57 90
 57 93
 57 45
 56 35
 56 87
 58 54
 58 91
 57 91
 57 42
 58 92
 58 47
 57 87
 57 87
 56 89
 56 54
 57 91
 57 56
 58 92
 58 44
 56 42
 56 34
 56 86
 56 91
 58 44
 58 48
 56 91
 56 93
 57 32
 57 46
 55 86
 55 52
 58 55
 58 54
 57 91
 57 93
 58 86
 58 87
 56 50
 56 54
 57 43
 57 44
 58 92
 58 92
 56 87
 56 87
 56 50
 56 52
 57 61
 57 53
 56 94
 56 45
 57 38
 57 37
 57 93
 57 84
 57 51
 57 52
 56 92
 56 94
 57 34
 57 49
 58 82
 58 82
 56 90
 56 61
 56 88
 56 93
 55 86
 55 87
 59 87
 59 55
 57 45
 57 53
 57 46
 57 93
 56 35
 56 32
 58 51
 58 87
 56 52
 56 56
 57 43
 57 92
 56 86
 56 86
 56 84
 56 55
 58 89
 58 52
 58 52
 58 92
 58 87
 58 35
 58 91
 58 50
 57 91
 57 58
 57 43
 57 43
 58 87
 58 86
 56 85
 56 50
 58 90
 58 34
 57 92
 57 89
 57 37
 57 32
 57 86
 57 89
 58 90
 58 58
 57 93
 57 92
 57 33
 57 38
 57 87
 57 54
 58 48
 58 52
 55 93
 55 92
 57 32
 57 32
 58 90
 58 82
 55 56
 55 50
 59 89
 59 88
 56 40
 56 32
 56 90
 56 85
 58 48
 58 89
 57 92
 57 45
 56 88
 56 33
 56 85
 56 52
 57 91
 57 90
 58 91
 58 93
 57 35
 57 37
 57 89
 57 85
 55 88
 55 89
 58 92
 58 49
 58 88
 58 35
 58 84
 58 52
 56 38
 56 55
 58 46
 58 45
 58 33
 58 37
 56 89
 56 54
 57 90
 57 89
 55 92
 55 93
 60 87
 60 86
 56 54
 56 52
 56 55
 56 42
 57 92
 57 93
 58 33
 58 33
 57 54
 57 54
 57 51
 57 91
 57 46
 57 46
 58 86
 58 35
 56 51
 56 52
 57 91
 57 44
 56 45
 56 90
 56 86
 56 36
 56 83
 56 85
 58 89
 58 89
 57 45
 57 46
 56 32
 56 41
 58 86
 58 82
 58 51
 58 49
 56 43
 56 90
 58 41
 58 86
 58 88
 58 92
 57 88
 57 42
 56 88
 56 51
 57 35
 57 87
 57 52
 57 84
 57 90
 57 91
 58 92
 58 46
 58 86
 58 42
 57 53
 57 53
 55 41
 55 41
 56 94
 56 50
 56 34
 56 32
 59 84
 59 86
 56 91
 56 55
 55 91
 55 45
 59 86
 59 87
 56 83
 56 84
 56 57
 56 51
 58 94
 58 92
 57 35
 57 33
 58 80
 58 54
 56 91
 56 60
 57 92
 57 45
 58 87
 58 86
 56 88
 56 84
 55 48
 55 43
 58 93
 58 47
 57 32
 57 37
 56 82
 56 85
 56 59
 56 91
 58 88
 58 90
 57 37
 57 87
 57 88
 57 85
 56 90
 56 38
 58 92
 58 46
 58 32
 58 88
 57 81
 57 88
 57 90
 57 57
 58 92
 58 90
 57 35
 57 87
 56 85
 56 84
 57 89
 57 90
 58 45
 58 45
 56 41
 56 32
 57 92
 57 50
 59 91
 59 48
 58 91
 58 91
 58 87
 58 88
 56 93
 56 85
 56 44
 56 41
 56 90
 56 94
 57 87
 57 87
 56 84
 56 50
 57 62
 57 59
 56 45
 56 91
 58 88
 58 87
 56 91
 56 88
 57 48
 57 90
 59 93
 59 92
 56 36
 56 38
 57 85
 57 51
 57 51
 57 57
 57 42
 57 88
 56 35
 56 44
 56 53
 56 83
 58 89
 58 40
 57 91
 57 93
 57 33
 57 88
 57 84
 57 50
 57 91
 57 60
 57 45
 57 90
 57 88
 57 86
 56 87
 56 85
 57 42
 57 42
 57 90
 57 92
 58 87
 58 87
 55 85
 55 87
 59 48
 59 51
 59 43
 59 92
 55 87
 55 34
 58 93
 58 86
 55 48
 55 52
 58 48
 58 92
 56 37
 56 87
 58 83
 58 51
 56 90
 56 56
 57 92
 57 91
 58 40
 58 40
 58 87
 58 88
 57 47
 57 50
 56 89
 56 90
 58 33
 58 38
 56 51
 56 85
 57 39
 57 51
 57 43
 57 44
 56 87
 56 39
 56 87
 56 92
 58 90
 58 89
 56 46
 56 93
 58 87
 58 87
 56 49
 56 52
 56 53
 56 91
 56 92
 56 46
 58 85
 58 32
 57 90
 57 87
 57 38
 57 46
 56 49
 56 90
 57 37
 57 42
 56 88
 56 50
 57 40
 57 91
 57 42
 57 91
 55 87
 55 86
 57 85
 57 53
 57 90
 57 43
 58 91
 58 47
 57 87
 57 42
 57 50
 57 53
 56 50
 56 52
 57 90
 57 89
 57 38
 57 36
 58 50
 58 54
 57 46
 57 47
 57 50
 57 92
 56 33
 56 34
 57 50
 57 85
 56 56
 56 40
 57 92
 57 91
 58 87
 58 32
 58 89
 58 89
 58 90
 58 57
 55 48
 55 46
 57 38
 57 42
 58 88
 58 83
 58 54
 58 90
 56 92
 56 92
 58 87
 58 36
 57 87
 57 88
 58 88
 58 39
 57 93
 57 92
 57 31
 57 40
 58 84
 58 87
 56 54
 56 60
 58 92
 58 93
 57 40
 57 33
 57 55
 57 83
 59 90
 59 46
 56 48
 56 93
 58 34
 58 32
 56 52
 56 82
 57 91
 57 55
 59 42
 59 92
 55 36
 55 38
 56 85
 56 87
 58 47
 58 47
 57 48
 57 51
 58 35
 58 88
 57 81
 57 84
 56 90
 56 91
 58 93
 58 93
 59 37
 59 88
 55 53
 55 87
 56 90
 56 36
 58 92
 58 92
 57 33
 57 45
 56 52
 56 82
 56 59
 56 57
 57 43
 57 43
 57 87
 57 47
 58 87
 58 51
 58 41
 58 42
 58 92
 58 49
 57 43
 57 32
 57 86
 57 83
 58 44
 58 53
 57 90
 57 93
 57 85
 57 87
 56 52
 56 54
 58 51
 58 48
 57 50
 57 46
 57 36
 57 34
 57 84
 57 51
 56 91
 56 58
 57 91
 57 45
 58 35
 58 88
 57 89
 57 55
 57 49
 57 89
 57 49
 57 92
 55 37
 55 37
 58 51
 58 82
 57 47
 57 62
 56 46
 56 92
 57 86
 57 35
 58 51
 58 87
 57 89
 57 90
 56 49
 56 47
 55 34
 55 32
 58 85
 58 88
 57 90
 57 46
 57 92
 57 93
 57 38
 57 39
 56 51
 56 87
 57 57
 57 89
 58 88
 58 49
 56 87
 56 35
 57 53
 57 85
 57 60
 57 47
 57 91
 57 90
 57 44
 57 42
 56 52
 56 88
 59 47
 59 90
 56 90
 56 49
 57 34
 57 35
 58 88
 58 51
 57 47
 57 60
 57 92
 57 91
 56 87
 56 87
 57 54
 57 89
 55 90
 55 42
 57 92
 57 94
 58 87
 58 33
 57 53
 57 82
 59 91
 59 51
 56 89
 56 90
 57 35
 57 37
 57 93
 57 91
 56 35
 56 48
 57 93
 57 45
 56 87
 56 87
 57 83
 57 53
 57 54
 57 47
 58 91
 58 93
 56 37
 56 33
 57 88
 57 89
 57 53
 57 90
 58 49
 58 93
 55 34
 55 32
 56 89
 56 82
 57 91
 57 54
 57 92
 57 44
 58 86
 58 35
 57 93
 57 94
 56 36
 56 88
 57 92
 57 94
 56 87
 56 33
 56 83
 56 52
 57 56
 57 52
 57 92
 57 44
 58 36
 58 35
 58 89
 58 55
 56 48
 56 51
 58 90
 58 91
 58 33
 58 32
 56 82
 56 85
 56 90
 56 55
 56 91
 56 45
 58 36
 58 44
 58 85
 58 50
 58 43
 58 89
 58 92
 58 92
 56 34
 56 32
 57 89
 57 53
 59 57
 59 90
 55 46
 55 92
 57 32
 57 86
 56 85
 56 87
 58 89
 58 52
 56 89
 56 46
 57 38
 57 34
 56 86
 56 84
 56 91
 56 91
 59 93
 59 46
 58 34
 58 87
 58 88
 58 53
 56 38
 56 39
 57 94
 57 93
 55 40
 55 34
 59 50
 59 50
 55 44
 55 40
 57 43
 57 44
 56 87
 56 40
 57 89
 57 93
 57 49
 57 89
 57 47
 57 91
 56 87
 56 88
 58 50
 58 52
 57 91
 57 46
 58 42
 58 93
 57 86
 57 33
 55 88
 55 88
 57 89
 57 55
 58 50
 58 91
 57 87
 57 32
 57 50
 57 51
 58 90
 58 48
 56 90
 56 87
 56 37
 56 33
 57 89
 57 91
 57 52
 57 56
 55 93
 55 45
 58 88
 58 32
 57 53
 57 50
 56 92
 56 52
 57 46
 57 47
 57 86
 57 33
 58 83
 58 54
 57 90
 57 89
 55 92
 55 92
 58 32
 58 88
 56 83
 56 91
 56 58
 56 90
 57 90
 57 44
 58 34
 58 88
 59 88
 59 88
 58 89
 58 45
 56 92
 56 91
 58 31
 58 34
 57 52
 57 51
 57 90
 57 41
 56 44
 56 93
 58 35
 58 34
 56 92
 56 87
 55 53
 55 90
 58 93
 58 48
 56 33
 56 41
 55 84
 55 87
 57 45
 57 50
 56 93
 56 92
 55 37
 55 38
 57 55
 57 52
 57 53
 57 42
 56 93
 56 93
 58 41
 58 37
 59 88
 59 51
 57 60
 57 90
 58 90
 58 93
 56 34
 56 39
 59 51
 59 53
 56 48
 56 89
 58 46
 58 46
 58 35
 58 36
 57 86
 57 83
 58 63
 58 54
 56 90
 56 90
 58 39
 58 86
 56 85
 56 50
 58 52
 58 89
 57 89
 57 90
 57 33
 57 39
 56 86
 56 90
 57 41
 57 57
 57 91
 57 88
 55 40
 55 37
 58 54
 58 88
 57 40
 57 53
 58 48
 58 93
 58 87
 58 88
 55 85
 55 54
 58 90
 58 55
 55 89
 55 42
 58 45
 58 86
 58 89
 58 88
 58 89
 58 45
 56 47
 56 49
 58 87
 58 33
 57 52
 57 90
 56 60
 56 52
 58 46
 58 89
 58 38
 58 41
 56 52
 56 50
 58 90
 58 54
 58 46
 58 90
 55 39
 55 34
 58 82
 58 82
 58 54
 58 90
 58 93
 58 92
 56 87
 56 86
 57 89
 57 86
 58 89
 58 54
 57 46
 57 94
 58 32
 58 31
 56 53
 56 51
 57 55
 57 90
 57 46
 57 45
 57 34
 57 37
 58 92
 58 53
 55 52
 55 47
 59 93
 59 49
 57 87
 57 31
 57 86
 57 50
 58 60
 58 44
 56 91
 56 91
 56 38
 56 86
 57 86
 57 54
 56 36
 56 88
 58 91
 58 93
 57 88
 57 34
 57 85
 57 50
 58 90
 58 91
 56 92
 56 45
 58 86
 58 35
 58 85
 58 50
 57 90
 57 48
 55 47
 55 93
 58 39
 58 88
 56 86
 56 49
 57 90
 57 91
 57 46
 57 94
 56 33
 56 38
 58 87
 58 85
 57 51
 57 58
 58 92
 58 48
 56 35
 56 33
 57 87
 57 53
 57 56
 57 58
 56 44
 56 42
 57 87
 57 88
 58 54
 58 85
 55 90
 55 54
 58 46
 58 46
 57 33
 57 38
 57 92
 57 53
 59 56
 59 59
 57 93
 57 90
 56 86
 56 86
 58 53
 58 54
 55 39
 55 53
 57 87
 57 48
 57 88
 57 34
 57 92
 57 82
 56 47
 56 52
 56 92
 56 91
 56 87
 56 45
 57 87
 57 83
 57 40
 57 47
 56 92
 56 48
 57 35
 57 41
 57 91
 57 89
 57 91
 57 90
 55 47
 55 90
 57 38
 57 41
 56 93
 56 86
 57 56
 57 48
 58 93
 58 93
 57 36
 57 87
 57 92
 57 90
 57 57
 57 51
 58 92
 58 94
 56 87
 56 35
 56 52
 56 52
 57 35
 57 90
 58 90
 58 93
 56 34
 56 32
 56 53
 56 50
 57 91
 57 61
 57 93
 57 43
 57 87
 57 37
 57 92
 57 54
 56 89
 56 44
 56 46
 56 94
 57 34
 57 87
 57 84
 57 91
 57 60
 57 60
 55 93
 55 45
 57 86
 57 39
 59 54
 59 54
 58 49
 58 89
 57 92
 57 47
 55 39
 55 34
 58 49
 58 52
 55 58
 55 36
 56 92
 56 93
 58 33
 58 33
 58 50
 58 54
 55 90
 55 41
 56 92
 56 93
 57 32
 57 32
 57 91
 57 52
 57 51
 57 51
 57 91
 57 92
 56 44
 56 87
 59 87
 59 53
 57 90
 57 51
 57 45
 57 92
 57 36
 57 34
 56 85
 56 88
 57 90
 57 49
 56 92
 56 44
 58 36
 58 86
 58 83
 58 54
 57 46
 57 90
 57 93
 57 92
 57 32
 57 87
 55 88
 55 51
 58 91
 58 62
 57 92
 57 41
 57 86
 57 36
 58 57
 58 92
 56 88
 56 40
 56 91
 56 47
 56 88
 56 88
 57 49
 57 82
 57 91
 57 91
 58 92
 58 91
 55 86
 55 44
 58 53
 58 86
 59 55
 59 90
 56 93
 56 47
 58 88
 58 35
 58 50
 58 51
 55 53
 55 91
 56 91
 56 91
 59 39
 59 85
 58 51
 58 87
 56 88
 56 89
 57 90
 57 90
 58 44
 58 38
 56 87
 56 53
 58 91
 58 61
 58 44
 58 43
 57 42
 57 36
 57 91
 57 85
 58 39
 58 41
 58 93
 58 94
 55 35
 55 88
 59 85
 59 50
 56 46
 56 42
 57 44
 57 46
 56 86
 56 33
 55 54
 55 87
 58 38
 58 90
 57 49
 57 92
 56 87
 56 87
 60 87
 60 88
 56 90
 56 62
 56 92
 56 92
 57 88
 57 35
 57 85
 57 92
 57 56
 57 89
 58 93
 58 92
 56 88
 56 88
 58 87
 58 85
 55 60
 55 50
 57 92
 57 43
 58 37
 58 87
 56 53
 56 54
 55 56
 55 90
 59 92
 59 48
 58 32
 58 33
 55 89
 55 84
 56 62
 56 43
 57 44
 57 91
 56 32
 56 34
 58 86
 58 52
 56 90
 56 37
 57 93
 57 88
 56 87
 56 35
 57 85
 57 49
 59 36
 59 90
 55 45
 55 92
 55 38
 55 36
 59 52
 59 86
 56 54
 56 38
 59 94
 59 93
 57 34
 57 33
 58 88
 58 53
 56 54
 56 55
 56 93
 56 92
 58 33
 58 36
 56 89
 56 87
 55 52
 55 45
 57 92
 57 91
 58 87
 58 35
 56 50
 56 90
 58 91
 58 92
 57 91
 57 44
 57 40
 57 35
 58 54
 58 52
 56 49
 56 89
 58 94
 58 91
 56 41
 56 87
 57 91
 57 86
 57 62
 57 56
 56 90
 56 91
 56 33
 56 87
 57 54
 57 55
 57 90
 57 50
 58 48
 58 93
 57 37
 57 88
 57 53
 57 93
 57 90
 57 53
 57 43
 57 91
 57 87
 57 33
 57 84
 57 84
 57 45
 57 90
 56 89
 56 92
 57 31
 57 34
 57 83
 57 84
 56 58
 56 54
 58 43
 58 45
 56 86
 56 86
 58 89
 58 87
 57 47
 57 90
 56 93
 56 47
 57 87
 57 88
 58 86
 58 86
 56 91
 56 61
 56 93
 56 89
 57 86
 57 87
 57 91
 57 86
 56 90
 56 37
 57 92
 57 48
 56 32
 56 88
 58 50
 58 81
 56 90
 56 91
 59 92
 59 91
 58 34
 58 35
 57 52
 57 90
 58 89
 58 42
 57 45
 57 93
 57 40
 57 34
 59 90
 59 83
 56 55
 56 46
 59 93
 59 89
 57 37
 57 34
 56 52
 56 54
 58 51
 58 38
 57 45
 57 45
 59 31
 59 35
 56 84
 56 51
 56 56
 56 60
 57 88
 57 43
 58 86
 58 43
 56 55
 56 89
 57 36
 57 44
 57 94
 57 92
 58 35
 58 39
 57 84
 57 83
 57 91
 57 63
 58 92
 58 43
 57 86
 57 38
 57 88
 57 88
 58 48
 58 45
 58 94
 58 46
 55 87
 55 31
 58 88
 58 89
 58 43
 58 57
 58 45
 58 90
 55 87
 55 86
 56 54
 56 92
 56 50
 56 43
 58 92
 58 92
 58 34
 58 39
 57 52
 57 83
 57 63
 57 91
 57 89
 57 92
 58 34
 58 37
 56 54
 56 91
 56 46
 56 89
 57 48
 57 92
 56 87
 56 37
 56 50
 56 84
 57 54
 57 59
 57 90
 57 41
 55 40
 55 45
 58 88
 58 53
 58 89
 58 89
 57 92
 57 47
 56 88
 56 30
 56 92
 56 91
 60 91
 60 54
 54 90
 54 92
 58 41
 58 40
 57 85
 57 85
 57 89
 57 89
 56 93
 56 93
 58 86
 58 87
 56 84
 56 86
 58 59
 58 90
 56 45
 56 93
 57 41
 57 33
 56 87
 56 90
 57 54
 57 90
 55 92
 55 47
 57 87
 57 35
 57 86
 57 87
 57 59
 57 52
 57 45
 57 91
 57 40
 57 34
 56 92
 56 55
 57 90
 57 42
 58 49
 58 84
 56 35
 56 35
 57 52
 57 85
 56 62
 56 37
 58 89
 58 92
 58 87
 58 87
 56 92
 56 85
 57 90
 57 45
 58 92
 58 93
 58 35
 58 32
 56 52
 56 52
 57 60
 57 90
 57 44
 57 90
 57 86
 57 87
 56 85
 56 53
 59 48
 59 89
 57 90
 57 49
 57 41
 57 37
 57 50
 57 50
 56 57
 56 56
 57 42
 57 92
 56 36
 56 86
 57 56
 57 86
 57 89
 57 47
 57 92
 57 93
 56 31
 56 88
 57 88
 57 82
 57 56
 57 41
 56 44
 56 43
 56 35
 56 34
 55 84
 55 84
 57 51
 57 90
 59 93
 59 86
 57 35
 57 87
 57 51
 57 83
 58 50
 58 54
 56 91
 56 43
 57 34
 57 36
 57 85
 57 86
 56 88
 56 51
 56 90
 56 89
 58 87
 58 37
 58 85
 58 88
 57 41
 57 90
 56 44
 56 43
 59 37
 59 42
 56 87
 56 49
 56 89
 56 50
 57 49
 57 47
 57 37
 57 32
 58 52
 58 81
 57 91
 57 90
 57 90
 57 45
 56 46
 56 86
 56 86
 56 84
 56 41
 56 89
 58 45
 58 92
 56 88
 56 31
 57 51
 57 83
 58 91
 58 57
 56 92
 56 45
 56 39
 56 36
 57 54
 57 53
 58 49
 58 88
 57 49
 57 47
 57 39
 57 87
 57 91
 57 82
 58 57
 58 61
 56 89
 56 44
 57 86
 57 33
 57 53
 57 84
 56 90
 56 90
 56 48
 56 93
 57 36
 57 87
 58 54
 58 54
 59 48
 59 90
 55 92
 55 92
 58 39
 58 37
 56 84
 56 52
 57 90
 57 56
 57 47
 57 93
 58 42
 58 34
 56 52
 56 50
 56 48
 56 56
 59 90
 59 93
 57 37
 57 87
 56 53
 56 55
 57 88
 57 90
 57 93
 57 93
 57 87
 57 34
 58 49
 58 89
 55 52
 55 51
 56 91
 56 91
