 3 4
 3 4
 11 15
 11 15
 39 50
 39 50
 93 99
 94 99
 22 5
 21 5
 66 18
 68 18
 89 55
 86 55
 42 73
 41 73
 97 58
 92 58
 19 52
 15 52
 72 56
 86 56
 73 59
 77 59
 66 57
 89 57
 66 58
 93 58
 38 56
 46 56
 91 56
 58 56
 37 58
 38 58
 93 58
 93 58
 35 58
 89 58
 48 56
 51 56
 37 57
 89 57
 46 58
 91 58
 88 56
 89 56
 93 56
 84 56
 46 57
 88 57
 85 57
 91 57
 36 56
 89 56
 85 59
 92 59
 89 56
 34 56
 93 56
 46 56
 88 57
 88 57
 92 56
 87 56
 89 58
 55 58
 89 57
 49 57
 40 56
 89 56
 50 58
 88 58
 44 56
 52 56
 91 57
 87 57
 87 57
 33 57
 51 58
 92 58
 90 56
 34 56
 49 57
 88 57
 35 56
 46 56
 86 57
 50 57
 35 55
 36 55
 93 57
 89 57
 32 56
 53 56
 87 58
 87 58
 35 55
 34 55
 49 58
 93 58
 87 57
 40 57
 84 57
 54 57
 58 57
 89 57
 48 56
 46 56
 87 57
 37 57
 88 56
 52 56
 52 58
 44 58
 88 58
 47 58
 87 57
 87 57
 51 58
 49 58
 90 54
 51 54
 92 58
 91 58
 37 57
 39 57
 51 58
 50 58
 54 55
 49 55
 92 57
 91 57
 31 57
 88 57
 53 56
 50 56
 48 58
 55 58
 45 56
 92 56
 36 58
 33 58
 89 57
 86 57
 56 57
 52 57
 87 56
 93 56
 87 57
 86 57
 81 55
 84 55
 56 59
 90 59
 93 57
 44 57
 33 56
 87 56
 54 58
 52 58
 46 57
 50 57
 48 56
 46 56
 31 56
 31 56
 81 59
 55 59
 49 57
 61 57
 92 56
 93 56
 87 58
 87 58
 89 57
 89 57
 42 57
 55 57
 49 59
 93 59
 31 55
 88 55
 53 59
 85 59
 57 56
 61 56
 42 58
 89 58
 87 56
 35 56
 90 56
 55 56
 42 58
 43 58
 91 58
 94 58
 87 57
 35 57
 49 59
 90 59
 53 57
 89 57
 44 55
 92 55
 34 61
 88 61
 52 55
 53 55
 90 58
 89 58
 88 57
 93 57
 86 54
 37 54
 83 59
 86 59
 48 56
 91 56
 91 59
 44 59
 87 57
 32 57
 88 57
 53 57
 90 56
 89 56
 88 58
 91 58
 33 57
 32 57
 53 58
 84 58
 90 57
 90 57
 44 56
 44 56
 34 57
 39 57
 54 58
 84 58
 42 56
 48 56
 89 56
 92 56
 38 58
 87 58
 92 56
 87 56
 52 57
 91 57
 44 55
 46 55
 34 58
 87 58
 85 57
 86 57
 51 58
 42 58
 46 56
 93 56
 39 57
 88 57
 53 58
 81 58
 91 56
 55 56
 43 56
 43 56
 46 57
 37 57
 87 56
 93 56
 89 57
 48 57
 50 57
 92 57
 31 57
 36 57
 51 56
 85 56
 62 57
 50 57
 90 58
 45 58
 37 56
 37 56
 93 56
 93 56
 89 55
 90 55
 93 59
 92 59
 88 57
 34 57
 88 57
 90 57
 39 56
 55 56
 91 58
 92 58
 34 56
 88 56
 88 57
 86 57
 90 56
 89 56
 47 56
 45 56
 39 58
 30 58
 87 58
 84 58
 58 58
 59 58
 46 58
 93 58
 36 57
 88 57
 51 57
 89 57
 89 58
 56 58
 94 56
 94 56
 87 58
 87 58
 81 57
 51 57
 91 57
 56 57
 93 57
 93 57
 88 58
 87 58
 90 57
 86 57
 52 57
 48 57
 93 57
 89 57
 88 58
 87 58
 89 55
 85 55
 90 57
 91 57
 43 58
 46 58
 87 55
 85 55
 88 59
 91 59
 90 56
 89 56
 92 56
 94 56
 32 58
 43 58
 87 57
 52 57
 58 56
 53 56
 90 56
 89 56
 38 57
 88 57
 55 58
 55 58
 88 57
 89 57
 91 57
 89 57
 44 55
 88 55
 83 58
 52 58
 90 58
 49 58
 92 58
 47 58
 86 56
 86 56
 53 58
 86 58
 89 58
 46 58
 92 56
 93 56
 35 57
 87 57
 84 55
 87 55
 90 60
 47 60
 42 56
 92 56
 36 56
 37 56
 52 57
 87 57
 52 58
 46 58
 92 57
 45 57
 88 57
 42 57
 86 57
 53 57
 53 58
 62 58
 43 56
 91 56
 38 57
 87 57
 50 56
 52 56
 42 56
 46 56
 92 56
 93 56
 35 58
 36 58
 50 57
 86 57
 89 56
 91 56
 90 58
 47 58
 34 58
 87 58
 91 56
 52 56
 49 58
 47 58
 46 58
 94 58
 31 57
 36 57
 85 56
 53 56
 55 57
 61 57
 46 57
 91 57
 35 57
 37 57
 54 58
 87 58
 88 58
 49 58
 91 57
 91 57
 88 55
 37 55
 86 56
 87 56
 54 56
 45 56
 91 59
 92 59
 38 56
 42 56
 53 55
 88 55
 89 59
 90 59
 49 56
 94 56
 87 56
 32 56
 52 58
 85 58
 50 57
 58 57
 89 58
 43 58
 32 56
 37 56
 90 57
 85 57
 52 58
 33 58
 49 56
 49 56
 31 55
 32 55
 53 58
 52 58
 90 57
 52 57
 92 56
 45 56
 35 56
 38 56
 90 58
 86 58
 59 57
 90 57
 92 57
 92 57
 36 56
 86 56
 52 58
 84 58
 91 58
 62 58
 43 57
 92 57
 87 57
 86 57
 54 58
 88 58
 90 57
 89 57
 93 56
 93 56
 88 57
 32 57
 83 58
 87 58
 54 56
 56 56
 93 57
 92 57
 37 59
 86 59
 51 58
 51 58
 46 58
 88 58
 93 56
 93 56
 86 56
 37 56
 82 56
 51 56
 90 57
 53 57
 93 56
 91 56
 43 57
 36 57
 88 56
 89 56
 56 58
 57 58
 49 56
 50 56
 34 57
 36 57
 50 59
 52 59
 91 56
 91 56
 93 57
 89 57
 87 57
 87 57
 53 57
 89 57
 46 56
 43 56
 93 56
 48 56
 36 58
 33 58
 86 57
 83 57
 53 57
 36 57
 87 57
 45 57
 35 57
 87 57
 92 57
 91 57
 40 57
 50 57
 90 56
 94 56
 88 57
 32 57
 50 57
 88 57
 90 58
 90 58
 89 55
 92 55
 86 59
 85 59
 53 59
 88 59
 50 55
 89 55
 50 58
 93 58
 40 55
 32 55
 88 58
 85 58
 90 56
 53 56
 90 58
 90 58
 86 56
 36 56
 92 57
 89 57
 46 58
 45 58
 93 58
 94 58
 88 57
 87 57
 53 56
 53 56
 91 58
 91 58
 46 56
 91 56
 86 57
 43 57
 56 57
 87 57
 89 56
 38 56
 92 56
 92 56
 34 58
 47 58
 51 56
 51 56
 55 58
 61 58
 91 56
 89 56
 43 56
 87 56
 87 56
 87 56
 38 58
 89 58
 93 57
 93 57
 36 57
 34 57
 82 56
 92 56
 54 57
 53 57
 46 56
 92 56
 39 57
 33 57
 51 57
 85 57
 52 55
 39 55
 94 57
 45 57
 33 57
 35 57
 87 58
 51 58
 54 57
 91 57
 92 57
 90 57
 88 56
 87 56
 53 57
 52 57
 50 57
 48 57
 93 58
 93 58
 87 57
 33 57
 85 57
 86 57
 60 56
 91 56
 92 57
 92 57
 87 56
 40 56
 89 57
 92 57
 48 58
 49 58
 50 58
 48 58
 34 58
 31 58
 84 55
 87 55
 53 57
 47 57
 89 58
 91 58
 87 58
 44 58
 55 56
 89 56
 89 58
 89 58
 46 57
 93 57
 34 58
 31 58
 84 57
 83 57
 54 57
 42 57
 90 58
 88 58
 41 56
 87 56
 85 58
 85 58
 43 57
 55 57
 92 57
 93 57
 88 59
 36 59
 51 56
 84 56
 91 58
 90 58
 92 56
 92 56
 47 57
 87 57
 85 59
 53 59
 89 55
 45 55
 92 56
 93 56
 33 58
 32 58
 81 57
 85 57
 45 58
 48 58
 45 57
 42 57
 44 56
 36 56
 90 58
 89 58
 52 59
 90 59
 92 55
 49 55
 33 56
 31 56
 49 58
 52 58
 56 57
 57 57
 91 56
 92 56
 86 56
 38 56
 85 57
 51 57
 35 57
 56 57
 92 58
 46 58
 31 58
 34 58
 84 58
 49 58
 91 57
 91 57
 92 57
 45 57
 43 58
 35 58
 88 57
 89 57
 89 57
 89 57
 89 56
 92 56
 87 58
 36 58
 50 57
 81 57
 90 57
 58 57
 92 57
 45 57
 85 56
 41 56
 92 57
 92 57
 89 58
 49 58
 92 57
 93 57
 86 57
 36 57
 90 57
 81 57
 62 55
 91 55
 46 58
 46 58
 41 57
 87 57
 55 56
 86 56
 42 57
 90 57
 93 58
 93 58
 31 57
 36 57
 89 56
 88 56
 39 55
 54 55
 92 58
 44 58
 34 57
 39 57
 92 57
 91 57
 88 57
 43 57
 93 56
 87 56
 45 57
 34 57
 53 58
 52 58
 91 56
 91 56
 93 57
 92 57
 41 57
 36 57
 87 57
 53 57
 49 57
 89 57
 87 56
 90 56
 43 59
 87 59
 88 56
 85 56
 58 57
 52 57
 93 58
 90 58
 88 57
 85 57
 88 57
 85 57
 46 56
 49 56
 92 57
 48 57
 87 55
 87 55
 52 57
 53 57
 58 58
 62 58
 90 57
 88 57
 88 59
 88 59
 88 56
 91 56
 37 57
 52 57
 93 57
 93 57
 35 56
 88 56
 51 57
 89 57
 55 56
 90 56
 45 57
 90 57
 86 57
 38 57
 86 58
 84 58
 48 56
 51 56
 92 57
 93 57
 39 57
 86 57
 84 58
 92 58
 90 55
 52 55
 91 56
 92 56
 86 57
 35 57
 86 57
 55 57
 59 58
 88 58
 93 57
 47 57
 38 56
 32 56
 82 57
 90 57
 53 56
 42 56
 44 56
 42 56
 36 57
 35 57
 54 57
 91 57
 39 58
 50 58
 89 58
 92 58
 88 56
 87 56
 84 58
 84 58
 61 58
 58 58
 93 56
 44 56
 35 56
 87 56
 89 56
 53 56
 88 58
 38 58
 94 58
 49 58
 87 58
 87 58
 86 58
 86 58
 39 56
 90 56
 93 57
 93 57
 87 59
 36 59
 84 55
 53 55
 53 57
 50 57
 93 56
 47 56
 88 58
 34 58
 83 56
 52 56
 54 57
 91 57
 90 56
 47 56
 37 56
 87 56
 88 59
 57 59
 90 58
 44 58
 92 58
 93 58
 32 56
 38 56
 82 57
 88 57
 90 55
 91 55
 92 59
 90 59
 87 55
 86 55
 53 57
 53 57
 42 56
 90 56
 48 57
 93 57
 44 57
 87 57
 90 57
 90 57
 92 56
 38 56
 43 58
 42 58
 35 57
 36 57
 53 58
 87 58
 42 57
 50 57
 92 55
 93 55
 33 57
 37 57
 83 58
 86 58
 90 57
 45 57
 89 57
 46 57
 39 58
 31 58
 86 56
 51 56
 90 56
 36 56
 88 57
 45 57
 34 57
 35 57
 84 55
 88 55
 59 58
 51 58
 90 57
 47 57
 34 56
 35 56
 83 57
 88 57
 90 57
 43 57
 92 58
 47 58
 87 57
 86 57
 53 55
 86 55
 59 58
 90 58
 93 56
 89 56
 44 56
 86 56
 89 57
 52 57
 38 58
 39 58
 93 59
 91 59
 34 58
 32 58
 81 56
 85 56
 54 58
 46 58
 93 57
 45 57
 86 57
 41 57
 88 56
 55 56
 43 58
 51 58
 92 56
 89 56
 88 55
 87 55
 90 58
 83 58
 90 56
 91 56
 86 55
 90 55
 34 57
 87 57
 52 56
 88 56
 56 55
 54 55
 49 57
 92 57
 32 57
 35 57
 84 56
 89 56
 91 58
 51 58
 93 59
 43 59
 33 57
 39 57
 87 58
 93 58
 44 56
 89 56
 92 59
 48 59
 40 56
 31 56
 52 58
 81 58
 53 58
 53 58
 43 57
 92 57
 38 58
 39 58
 89 56
 86 56
 45 58
 89 58
 93 56
 50 56
 46 58
 36 58
 51 57
 90 57
 89 57
 90 57
 92 56
 43 56
 41 57
 87 57
 87 57
 53 57
 89 55
 51 55
 93 58
 93 58
 88 57
 87 57
 52 58
 90 58
 58 58
 60 58
 93 55
 42 55
 87 58
 37 58
 85 55
 85 55
 90 58
 89 58
 86 58
 92 58
 33 58
 87 58
 49 56
 88 56
 57 58
 50 58
 42 57
 92 57
 34 56
 35 56
 54 58
 87 58
 52 58
 90 58
 48 56
 92 56
 38 58
 35 58
 52 58
 83 58
 59 55
 56 55
 43 58
 88 58
 40 58
 47 58
 86 58
 85 58
 46 56
 89 56
 90 57
 48 57
 87 58
 44 58
 91 57
 53 57
 90 58
 53 58
 93 56
 92 56
 36 57
 87 57
 83 57
 82 57
 55 57
 89 57
 93 58
 94 58
 88 55
 31 55
 83 59
 85 59
 48 57
 43 57
 46 57
 90 57
 86 58
 87 58
 88 56
 51 56
 89 56
 53 56
 48 57
 47 57
 87 56
 32 56
 87 58
 50 58
 60 57
 38 57
 91 57
 89 57
 43 58
 36 58
 88 56
 54 56
 45 58
 39 58
 87 58
 93 58
 43 57
 37 57
 84 55
 52 55
 55 58
 91 58
 47 56
 90 56
 38 57
 86 57
 92 57
 84 57
 89 56
 88 56
 87 58
 93 58
 33 57
 34 57
 82 58
 85 58
 37 56
 90 56
 46 57
 90 57
 42 57
 44 57
 52 56
 52 56
 34 57
 46 57
 94 58
 90 58
 31 55
 40 55
 53 58
 90 58
 54 57
 57 57
 46 57
 91 57
 42 59
 33 59
 86 57
 90 57
 50 56
 52 56
 86 58
 48 58
 34 55
 31 55
 85 57
 89 57
 56 57
 47 57
 42 57
 92 57
 86 56
 32 56
 89 56
 91 56
 54 56
 89 56
 48 57
 47 57
 31 57
 36 57
 50 56
 91 56
 90 57
 50 57
 92 57
 45 57
 38 57
 43 57
 84 55
 88 55
 38 57
 49 57
 94 56
 92 56
 88 57
 37 57
 85 58
 51 58
 50 57
 54 57
 45 57
 44 57
 37 57
 46 57
 84 58
 54 58
 89 56
 47 56
 91 56
 92 56
 88 57
 35 57
 50 58
 89 58
 91 56
 60 56
 93 56
 91 56
 37 57
 36 57
 85 57
 88 57
 39 57
 48 57
 47 57
 50 57
 37 56
 34 56
 86 56
 84 56
 57 57
 53 57
 46 57
 93 57
 88 57
 87 57
 90 55
 86 55
 90 57
 89 57
 92 59
 92 59
 87 58
 42 58
 87 57
 88 57
 39 55
 55 55
 46 58
 47 58
 37 55
 87 55
 55 56
 89 56
 88 58
 58 58
 92 58
 47 58
 88 55
 33 55
 87 56
 89 56
 61 57
 91 57
 44 57
 93 57
 36 57
 88 57
 84 57
 53 57
 39 56
 36 56
 89 59
 93 59
 87 57
 87 57
 81 57
 50 57
 90 57
 43 57
 89 56
 46 56
 35 57
 36 57
 54 56
 55 56
 41 58
 47 58
 89 58
 93 58
 44 57
 33 57
 51 57
 84 57
 51 57
 91 57
 46 55
 89 55
 45 58
 86 58
 91 57
 89 57
 90 57
 42 57
 93 58
 93 58
 40 56
 87 56
 52 56
 90 56
 90 56
 55 56
 89 57
 90 57
 32 57
 42 57
 53 58
 88 58
 89 55
 90 55
 89 58
 48 58
 87 59
 41 59
 82 56
 89 56
 60 58
 53 58
 92 58
 44 58
 86 55
 45 55
 56 56
 88 56
 44 59
 40 59
 93 58
 90 58
 31 56
 31 56
 50 57
 84 57
 52 58
 91 58
 44 56
 92 56
 35 58
 88 58
 87 58
 89 58
 39 57
 43 57
 47 57
 49 57
 86 58
 87 58
 85 58
 88 58
 58 55
 57 55
 93 59
 90 59
 33 56
 86 56
 87 57
 53 57
 51 56
 53 56
 89 55
 47 55
 87 58
 86 58
 84 57
 86 57
 44 56
 50 56
 43 60
 88 60
 36 56
 47 56
 55 56
 89 56
 44 57
 89 57
 92 57
 90 57
 88 57
 44 57
 81 58
 51 58
 60 56
 51 56
 91 58
 44 58
 36 55
 40 55
 87 57
 86 57
 90 58
 88 58
 51 56
 94 56
 87 55
 34 55
 51 59
 84 59
 90 58
 90 58
 91 55
 43 55
 42 56
 32 56
 84 57
 85 57
 88 56
 35 56
 92 58
 90 58
 88 56
 87 56
 52 57
 82 57
 56 56
 90 56
 43 57
 91 57
 33 59
 86 59
 52 55
 91 55
 88 55
 90 55
 94 59
 92 59
 87 56
 36 56
 89 59
 87 59
 51 57
 89 57
 89 58
 93 58
 87 56
 87 56
 90 56
 55 56
 52 58
 55 58
 88 56
 93 56
 34 55
 87 55
 83 57
 82 57
 90 58
 91 58
 89 56
 89 56
 40 58
 34 58
 53 57
 87 57
 47 57
 89 57
 92 58
 48 58
 40 56
 32 56
 50 58
 86 58
 90 56
 38 56
 85 57
 86 57
 33 57
 87 57
 53 56
 84 56
 90 56
 49 56
 87 57
 92 57
 36 57
 32 57
 82 58
 85 58
 52 57
 57 57
 93 57
 90 57
 85 57
 40 57
 87 57
 84 57
 52 57
 54 57
 86 57
 46 57
 33 57
 36 57
 53 56
 89 56
 55 57
 44 57
 93 57
 90 57
 33 56
 86 56
 52 58
 88 58
 89 56
 89 56
 92 58
 46 58
 36 57
 35 57
 51 56
 88 56
 63 57
 91 57
 45 58
 91 58
 87 56
 32 56
 92 56
 87 56
 90 57
 48 57
 47 57
 48 57
 88 56
 88 56
 86 57
 89 57
 53 56
 54 56
 92 58
 46 58
 39 56
 38 56
 53 59
 90 59
 90 58
 39 58
 93 57
 48 57
 87 58
 87 58
 54 57
 89 57
 53 57
 45 57
 44 59
 90 59
 86 56
 36 56
 87 59
 88 59
 89 57
 44 57
 49 56
 50 56
 33 58
 31 58
 52 57
 54 57
 90 59
 43 59
 88 56
 93 56
 44 56
 86 56
 87 57
 86 57
 43 58
 43 58
 92 56
 93 56
 88 57
 31 57
 51 57
 82 57
 90 58
 57 58
 45 57
 45 57
 87 57
 87 57
 92 58
 87 58
 51 57
 90 57
 47 57
 49 57
 34 58
 41 58
 81 58
 84 58
 60 55
 53 55
 89 58
 46 58
 34 58
 36 58
 54 58
 88 58
 90 55
 56 55
 48 56
 49 56
 36 56
 34 56
 52 58
 90 58
 92 58
 90 58
 91 57
 46 57
 36 57
 34 57
 84 57
 88 57
 50 58
 50 58
 93 56
 90 56
 35 56
 35 56
 85 57
 84 57
 91 56
 59 56
 45 56
 89 56
 36 57
 36 57
 85 57
 84 57
 89 55
 47 55
 93 58
 91 58
 43 58
 88 58
 49 57
 82 57
 57 56
 55 56
 44 56
 93 56
 85 60
 87 60
 86 54
 82 54
 50 58
 90 58
 94 57
 93 57
 88 57
 34 57
 82 56
 82 56
 55 58
 51 58
 46 56
 93 56
 36 58
 36 58
 86 56
 92 56
 43 57
 89 57
 92 56
 93 56
 32 57
 36 57
 86 55
 83 55
 55 57
 90 57
 45 57
 92 57
 85 57
 42 57
 88 57
 55 57
 47 57
 90 57
 88 56
 49 56
 32 57
 40 57
 50 58
 85 58
 91 56
 56 56
 44 57
 44 57
 35 56
 88 56
 90 58
 51 58
 90 58
 50 58
 86 56
 93 56
 87 57
 32 57
 85 58
 89 58
 90 58
 58 58
 89 56
 91 56
 86 57
 37 57
 83 57
 83 57
 51 57
 49 57
 45 56
 93 56
 45 59
 35 59
 87 57
 87 57
 91 57
 51 57
 91 57
 91 57
 45 56
 42 56
 89 57
 56 57
 89 56
 37 56
 93 57
 50 57
 48 57
 88 57
 81 57
 89 57
 54 56
 91 56
 46 57
 89 57
 34 57
 36 57
 87 56
 53 56
 52 56
 51 56
 94 55
 49 55
 34 57
 87 57
 81 59
 51 59
 52 57
 52 57
 43 57
 93 57
 37 58
 42 58
 87 56
 88 56
 89 57
 34 57
 86 57
 50 57
 87 56
 32 56
 49 56
 89 56
 54 58
 55 58
 91 58
 44 58
 32 57
 45 57
 54 56
 87 56
 90 59
 89 59
 92 56
 94 56
 31 56
 31 56
 88 57
 52 57
 47 57
 49 57
 92 58
 92 58
 35 57
 36 57
 53 57
 92 57
 41 56
 46 56
 94 56
 47 56
 88 56
 31 56
 87 58
 87 58
 55 56
 58 56
 91 57
 91 57
 42 58
 37 58
 51 56
 87 56
 47 56
 49 56
 91 57
 93 57
 32 58
 43 58
 53 57
 53 57
 51 57
 56 57
 92 57
 91 57
 38 58
 34 58
 54 56
 90 56
 52 57
 41 57
 47 57
 47 57
 87 56
 37 56
 53 56
 93 56
 52 57
 53 57
 88 58
 93 58
 88 59
 35 59
 55 55
 87 55
 34 58
 90 58
 46 56
 94 56
 32 57
 35 57
 91 57
 52 57
 91 58
 63 58
 90 56
 93 56
 86 56
 44 56
 55 59
 88 59
 89 57
 41 57
 93 56
 92 56
 88 57
 33 57
 51 57
 93 57
 39 57
 90 57
 46 58
 92 58
 87 55
 86 55
 51 56
 84 56
