 3 4
 3 4
 11 15
 11 15
 40 50
 39 50
 95 99
 94 99
 20 5
 21 5
 68 18
 62 18
 89 55
 93 55
 44 73
 31 73
 95 58
 87 58
 18 52
 24 52
 82 56
 74 56
 91 59
 80 59
 47 57
 47 57
 88 58
 85 58
 38 56
 43 56
 91 56
 70 56
 50 58
 42 58
 92 58
 87 58
 51 58
 42 58
 49 56
 88 56
 40 57
 90 57
 92 58
 89 58
 89 56
 90 56
 47 56
 46 56
 35 57
 88 57
 92 57
 50 57
 88 56
 53 56
 88 59
 49 59
 48 56
 89 56
 47 56
 92 56
 37 57
 40 57
 49 56
 47 56
 90 58
 35 58
 49 57
 92 57
 34 56
 48 56
 48 58
 93 58
 88 56
 89 56
 48 57
 47 57
 34 57
 40 57
 48 58
 45 58
 34 56
 38 56
 47 57
 92 57
 88 56
 89 56
 88 57
 92 57
 50 55
 52 55
 87 57
 92 57
 90 56
 46 56
 84 58
 92 58
 90 55
 36 55
 91 58
 46 58
 34 57
 40 57
 49 57
 48 57
 47 57
 49 57
 51 56
 93 56
 89 57
 51 57
 47 56
 46 56
 45 58
 35 58
 93 58
 88 58
 56 57
 53 57
 91 58
 49 58
 36 54
 88 54
 90 58
 91 58
 40 57
 88 57
 87 58
 49 58
 90 55
 38 55
 46 57
 92 57
 88 57
 39 57
 48 56
 47 56
 38 58
 36 58
 46 56
 48 56
 89 58
 89 58
 88 57
 86 57
 34 57
 47 57
 50 56
 86 56
 38 57
 89 57
 87 55
 87 55
 89 59
 51 59
 86 57
 47 57
 56 56
 47 56
 48 58
 92 58
 39 57
 53 57
 87 56
 89 56
 35 56
 89 56
 85 59
 87 59
 88 57
 88 57
 50 56
 92 56
 34 58
 54 58
 92 57
 92 57
 88 57
 39 57
 92 59
 48 59
 38 55
 37 55
 48 59
 88 59
 46 56
 88 56
 92 58
 49 58
 89 56
 49 56
 93 56
 92 56
 46 58
 40 58
 48 58
 91 58
 89 57
 36 57
 85 59
 91 59
 49 57
 50 57
 47 55
 47 55
 37 61
 90 61
 93 55
 93 55
 34 58
 41 58
 88 57
 50 57
 55 54
 88 54
 92 59
 46 59
 89 56
 46 56
 50 59
 48 59
 35 57
 50 57
 48 57
 87 57
 34 56
 89 56
 87 58
 49 58
 34 57
 39 57
 47 58
 92 58
 88 57
 45 57
 50 56
 85 56
 89 57
 34 57
 49 58
 92 58
 50 56
 53 56
 86 56
 50 56
 50 58
 89 58
 48 56
 87 56
 51 57
 47 57
 92 55
 90 55
 89 58
 39 58
 86 57
 93 57
 88 58
 35 58
 93 56
 48 56
 48 57
 50 57
 87 58
 92 58
 37 56
 88 56
 91 56
 93 56
 38 57
 90 57
 44 56
 48 56
 88 57
 45 57
 92 57
 47 57
 47 57
 45 57
 92 56
 92 56
 45 57
 33 57
 92 58
 49 58
 89 56
 90 56
 88 56
 93 56
 87 55
 34 55
 92 59
 87 59
 49 57
 90 57
 92 57
 47 57
 35 56
 34 56
 91 58
 50 58
 53 56
 53 56
 88 57
 92 57
 36 56
 87 56
 86 56
 51 56
 90 58
 54 58
 92 58
 44 58
 39 58
 50 58
 86 58
 52 58
 44 57
 90 57
 46 57
 93 57
 37 58
 43 58
 86 56
 90 56
 51 58
 55 58
 91 57
 45 57
 34 57
 87 57
 51 57
 87 57
 90 58
 51 58
 44 57
 91 57
 87 57
 36 57
 51 57
 52 57
 56 58
 56 58
 93 55
 93 55
 32 57
 86 57
 87 58
 88 58
 51 55
 91 55
 91 59
 47 59
 35 56
 42 56
 53 56
 54 56
 50 58
 90 58
 46 57
 91 57
 37 56
 35 56
 86 56
 50 56
 90 57
 50 57
 46 58
 92 58
 34 57
 35 57
 55 57
 51 57
 49 55
 90 55
 45 58
 92 58
 87 58
 38 58
 89 58
 54 58
 91 56
 91 56
 44 58
 43 58
 37 58
 35 58
 83 56
 86 56
 54 57
 55 57
 45 55
 90 55
 35 60
 39 60
 86 56
 86 56
 43 56
 48 56
 93 57
 45 57
 36 58
 88 58
 53 57
 51 57
 90 57
 59 57
 91 57
 93 57
 86 58
 86 58
 87 56
 54 56
 90 57
 44 57
 92 56
 93 56
 34 56
 35 56
 54 56
 51 56
 53 58
 57 58
 92 57
 92 57
 39 56
 36 56
 85 58
 90 58
 55 58
 89 58
 48 56
 92 56
 35 58
 87 58
 84 58
 88 58
 91 57
 52 57
 92 56
 92 56
 86 57
 38 57
 92 57
 87 57
 45 57
 55 57
 92 58
 92 58
 88 58
 36 58
 49 57
 53 57
 54 55
 52 55
 92 56
 45 56
 86 56
 38 56
 88 59
 92 59
 90 56
 50 56
 47 55
 92 55
 35 59
 34 59
 87 56
 51 56
 54 56
 46 56
 91 58
 93 58
 88 57
 87 57
 92 58
 87 58
 90 56
 50 56
 45 57
 93 57
 88 58
 43 58
 88 56
 89 56
 90 55
 60 55
 91 58
 92 58
 39 57
 88 57
 88 56
 55 56
 49 56
 89 56
 46 58
 92 58
 88 57
 35 57
 51 57
 50 57
 57 56
 55 56
 44 58
 43 58
 41 58
 87 58
 56 57
 53 57
 90 57
 89 57
 92 58
 93 58
 35 57
 88 57
 84 56
 82 56
 92 57
 51 57
 43 58
 44 58
 39 56
 85 56
 53 57
 56 57
 41 59
 46 59
 92 58
 93 58
 34 58
 35 58
 51 56
 85 56
 90 56
 50 56
 92 56
 93 56
 44 57
 87 57
 86 56
 86 56
 54 57
 89 57
 92 56
 47 56
 41 58
 88 58
 86 56
 52 56
 58 57
 91 57
 92 59
 43 59
 87 56
 86 56
 54 57
 56 57
 90 57
 89 57
 48 57
 92 57
 36 56
 88 56
 50 56
 87 56
 54 58
 51 58
 45 57
 92 57
 87 57
 35 57
 58 57
 53 57
 51 57
 46 57
 93 57
 92 57
 88 57
 88 57
 83 56
 86 56
 91 57
 45 57
 42 57
 89 57
 35 58
 86 58
 88 55
 88 55
 55 59
 54 59
 92 59
 92 59
 37 55
 35 55
 90 58
 88 58
 48 55
 91 55
 45 58
 92 58
 36 56
 85 56
 54 58
 52 58
 52 56
 91 56
 93 57
 92 57
 35 58
 88 58
 85 58
 84 58
 55 57
 54 57
 44 56
 93 56
 33 58
 85 58
 54 56
 54 56
 91 57
 90 57
 45 57
 44 57
 87 56
 37 56
 85 56
 85 56
 91 58
 56 58
 43 56
 44 56
 85 58
 39 58
 89 56
 52 56
 90 56
 89 56
 92 56
 93 56
 36 58
 34 58
 83 57
 88 57
 51 57
 55 57
 42 56
 92 56
 87 57
 37 57
 51 56
 89 56
 52 57
 90 57
 47 57
 46 57
 87 55
 39 55
 81 57
 54 57
 52 57
 46 57
 91 58
 92 58
 88 57
 37 57
 54 57
 51 57
 53 56
 54 56
 92 57
 49 57
 33 57
 35 57
 86 58
 84 58
 91 57
 49 57
 92 57
 93 57
 86 56
 40 56
 91 57
 86 57
 39 56
 44 56
 92 57
 92 57
 87 58
 42 58
 82 58
 82 58
 59 58
 91 58
 90 55
 42 55
 37 57
 34 57
 56 58
 55 58
 47 58
 89 58
 47 56
 93 56
 36 58
 41 58
 88 57
 84 57
 53 58
 92 58
 93 57
 92 57
 86 57
 86 57
 52 58
 56 58
 91 56
 42 56
 92 58
 48 58
 87 57
 88 57
 85 57
 85 57
 57 59
 56 59
 90 56
 92 56
 87 58
 86 58
 53 56
 55 56
 89 57
 89 57
 48 59
 44 59
 37 55
 36 55
 53 56
 85 56
 54 58
 91 58
 42 57
 44 57
 36 58
 34 58
 55 57
 52 57
 44 56
 39 56
 93 58
 47 58
 39 59
 33 59
 86 55
 87 55
 91 56
 91 56
 45 58
 90 58
 87 57
 34 57
 85 56
 88 56
 48 56
 90 56
 92 57
 44 57
 36 57
 87 57
 88 58
 81 58
 56 58
 50 58
 91 58
 44 58
 88 57
 34 57
 55 57
 53 57
 44 58
 90 58
 93 57
 89 57
 34 57
 37 57
 49 56
 49 56
 43 58
 91 58
 41 57
 41 57
 37 57
 39 57
 86 57
 52 57
 90 56
 89 56
 91 57
 91 57
 88 58
 35 58
 85 57
 50 57
 57 57
 52 57
 43 57
 43 57
 86 55
 43 55
 52 58
 84 58
 47 57
 89 57
 93 56
 93 56
 87 57
 37 57
 83 58
 84 58
 53 57
 90 57
 45 56
 42 56
 36 55
 38 55
 86 58
 55 58
 49 57
 90 57
 44 57
 92 57
 36 57
 86 57
 86 56
 85 56
 90 57
 58 57
 92 58
 91 58
 87 56
 86 56
 52 57
 86 57
 90 57
 47 57
 44 57
 92 57
 87 57
 35 57
 87 56
 83 56
 55 59
 58 59
 45 56
 93 56
 37 57
 37 57
 85 58
 89 58
 89 57
 90 57
 50 57
 91 57
 88 56
 87 56
 50 57
 50 57
 60 55
 52 55
 44 57
 90 57
 35 58
 87 58
 89 57
 53 57
 55 59
 90 59
 93 56
 92 56
 86 57
 36 57
 85 57
 52 57
 91 56
 55 56
 88 57
 93 57
 87 56
 87 56
 55 57
 85 57
 90 57
 89 57
 91 58
 92 58
 87 56
 87 56
 92 57
 90 57
 53 57
 52 57
 92 58
 90 58
 34 55
 86 55
 87 56
 88 56
 41 57
 89 57
 93 57
 91 57
 87 58
 87 58
 83 57
 85 57
 90 56
 91 56
 92 57
 92 57
 34 56
 86 56
 88 56
 88 56
 49 57
 90 57
 91 57
 45 57
 34 58
 33 58
 83 58
 84 58
 59 56
 60 56
 42 58
 91 58
 87 58
 39 58
 86 56
 88 56
 89 56
 49 56
 47 56
 48 56
 38 58
 43 58
 50 58
 85 58
 92 58
 91 58
 92 58
 44 58
 36 56
 87 56
 91 57
 57 57
 54 59
 43 59
 45 55
 92 55
 88 57
 33 57
 49 56
 84 56
 90 58
 49 58
 91 56
 44 56
 37 57
 34 57
 53 56
 85 56
 90 56
 90 56
 46 59
 46 59
 34 58
 33 58
 86 58
 52 58
 91 56
 54 56
 45 57
 92 57
 86 55
 86 55
 88 59
 88 59
 90 55
 45 55
 48 57
 44 57
 87 56
 35 56
 51 57
 51 57
 52 57
 53 57
 45 57
 89 57
 39 56
 87 56
 87 58
 87 58
 43 57
 90 57
 92 58
 45 58
 33 57
 87 57
 52 55
 52 55
 53 57
 91 57
 92 58
 91 58
 38 57
 34 57
 88 57
 88 57
 49 58
 89 58
 48 56
 46 56
 87 56
 35 56
 52 57
 84 57
 91 57
 91 57
 42 55
 90 55
 86 58
 40 58
 89 57
 57 57
 90 56
 89 56
 93 57
 47 57
 33 57
 39 57
 49 58
 83 58
 54 57
 53 57
 44 55
 42 55
 34 58
 87 58
 54 56
 56 56
 51 56
 90 56
 92 57
 93 57
 88 58
 87 58
 86 59
 49 59
 52 58
 90 58
 91 56
 90 56
 36 58
 35 58
 53 57
 90 57
 90 57
 55 57
 44 56
 45 56
 87 58
 88 58
 86 56
 48 56
 55 55
 91 55
 42 58
 90 58
 87 56
 33 56
 87 55
 56 55
 54 57
 49 57
 47 56
 48 56
 33 55
 40 55
 87 57
 50 57
 91 57
 54 57
 45 56
 92 56
 86 58
 38 58
 53 59
 84 59
 41 57
 90 57
 91 58
 45 58
 36 56
 88 56
 50 59
 52 59
 58 56
 53 56
 90 58
 92 58
 37 58
 36 58
 56 57
 88 57
 53 58
 46 58
 93 56
 93 56
 40 58
 33 58
 84 56
 85 56
 38 58
 90 58
 89 57
 91 57
 85 57
 88 57
 86 56
 89 56
 90 57
 89 57
 92 57
 93 57
 31 55
 32 55
 52 58
 85 58
 55 57
 90 57
 89 58
 91 58
 37 58
 39 58
 86 55
 84 55
 90 58
 89 58
 93 55
 45 55
 36 58
 87 58
 85 58
 53 58
 57 58
 54 58
 92 56
 89 56
 37 58
 34 58
 89 57
 90 57
 48 56
 90 56
 91 58
 93 58
 87 58
 41 58
 54 56
 84 56
 51 58
 51 58
 42 58
 91 58
 42 55
 37 55
 86 58
 86 58
 89 58
 50 58
 49 58
 45 58
 86 56
 37 56
 50 57
 49 57
 90 58
 52 58
 92 57
 91 57
 38 58
 38 58
 55 56
 53 56
 35 57
 43 57
 47 57
 49 57
 87 57
 33 57
 86 58
 85 58
 90 55
 91 55
 93 59
 91 59
 38 57
 39 57
 92 57
 53 57
 40 58
 49 58
 92 56
 94 56
 87 56
 35 56
 85 57
 51 57
 54 56
 49 56
 41 58
 91 58
 86 57
 86 57
 85 57
 89 57
 51 58
 90 58
 47 56
 47 56
 37 58
 36 58
 86 58
 53 58
 57 57
 54 57
 93 55
 92 55
 37 58
 86 58
 51 56
 54 56
 89 57
 46 57
 47 57
 45 57
 34 56
 37 56
 83 58
 50 58
 53 57
 52 57
 43 58
 93 58
 86 56
 38 56
 53 57
 52 57
 51 57
 88 57
 93 56
 93 56
 88 57
 37 57
 50 58
 48 58
 90 55
 91 55
 44 58
 41 58
 34 57
 35 57
 55 57
 86 57
 46 59
 90 59
 93 57
 93 57
 35 56
 38 56
 51 58
 82 58
 91 55
 52 55
 93 57
 41 57
 87 57
 38 57
 51 57
 55 57
 43 56
 48 56
 89 56
 45 56
 32 56
 87 56
 53 57
 87 57
 56 57
 90 57
 44 56
 92 56
 37 57
 86 57
 51 57
 90 57
 89 57
 49 57
 93 55
 93 55
 88 57
 36 57
 87 56
 83 56
 56 57
 90 57
 91 58
 42 58
 36 57
 36 57
 88 57
 50 57
 53 57
 39 57
 88 58
 91 58
 38 56
 88 56
 53 56
 85 56
 50 57
 60 57
 90 58
 45 58
 42 56
 87 56
 53 56
 91 56
 50 57
 90 57
 45 57
 43 57
 87 57
 88 57
 86 57
 50 57
 90 56
 50 56
 42 56
 45 56
 38 57
 35 57
 55 57
 89 57
 51 57
 49 57
 91 55
 93 55
 38 57
 32 57
 49 59
 82 59
 51 58
 53 58
 45 57
 92 57
 37 55
 36 55
 88 58
 89 58
 53 55
 49 55
 92 56
 47 56
 33 58
 87 58
 51 58
 91 58
 54 55
 91 55
 90 56
 91 56
 88 57
 37 57
 54 57
 87 57
 89 57
 89 57
 93 57
 89 57
 88 56
 86 56
 85 59
 87 59
 91 57
 56 57
 40 57
 43 57
 87 57
 86 57
 87 56
 86 56
 90 57
 48 57
 89 56
 90 56
 89 58
 36 58
 86 58
 52 58
 51 57
 45 57
 92 57
 43 57
 33 57
 86 57
 87 55
 85 55
 47 58
 90 58
 47 57
 46 57
 88 57
 34 57
 54 58
 85 58
 58 56
 91 56
 44 56
 91 56
 87 56
 87 56
 85 57
 90 57
 51 57
 49 57
 46 58
 91 58
 87 55
 33 55
 87 58
 51 58
 61 59
 91 59
 90 56
 91 56
 40 58
 46 58
 85 58
 88 58
 51 55
 89 55
 48 56
 46 56
 39 59
 33 59
 86 58
 87 58
 43 56
 90 56
 92 57
 92 57
 36 58
 87 58
 53 56
 53 56
 51 58
 55 58
 92 58
 93 58
 87 57
 87 57
 49 57
 51 57
 58 58
 91 58
 41 58
 92 58
 88 55
 37 55
 88 59
 53 59
 88 56
 89 56
 45 57
 92 57
 87 56
 32 56
 49 55
 83 55
 53 58
 91 58
 91 57
 44 57
 36 56
 40 56
 90 60
 89 60
 89 56
 46 56
 93 56
 92 56
 86 57
 87 57
 87 57
 86 57
 91 57
 55 57
 93 58
 93 58
 87 56
 87 56
 92 58
 91 58
 55 55
 50 55
 91 57
 47 57
 88 58
 35 58
 84 56
 52 56
 92 55
 51 55
 93 59
 93 59
 38 58
 88 58
 53 55
 53 55
 50 56
 90 56
 91 57
 92 57
 86 56
 34 56
 51 58
 85 58
 90 56
 91 56
 44 57
 91 57
 86 56
 35 56
 89 57
 89 57
 46 59
 55 59
 47 55
 94 55
 33 55
 34 55
 83 59
 84 59
 90 56
 91 56
 42 59
 43 59
 36 57
 34 57
 53 58
 55 58
 55 56
 90 56
 93 56
 44 56
 47 58
 35 58
 85 56
 85 56
 91 55
 90 55
 92 57
 90 57
 85 58
 39 58
 90 56
 86 56
 51 58
 90 58
 93 57
 93 57
 35 57
 88 57
 50 58
 49 58
 90 56
 54 56
 92 58
 42 58
 39 56
 86 56
 87 57
 88 57
 89 57
 88 57
 45 56
 88 56
 87 56
 37 56
 85 57
 82 57
 45 57
 90 57
 41 58
 93 58
 36 57
 38 57
 91 57
 86 57
 42 57
 53 57
 45 57
 93 57
 35 57
 35 57
 49 57
 86 57
 91 57
 91 57
 41 56
 93 56
 37 57
 37 57
 55 57
 51 57
 89 56
 52 56
 45 58
 89 58
 35 56
 33 56
 50 58
 53 58
 51 57
 59 57
 92 56
 93 56
 34 57
 86 57
 86 58
 57 58
 91 56
 47 56
 91 56
 92 56
 34 57
 86 57
 91 57
 85 57
 90 56
 51 56
 90 57
 44 57
 88 56
 33 56
 88 58
 86 58
 89 56
 47 56
 92 59
 44 59
 88 58
 88 58
 82 57
 49 57
 55 58
 50 58
 92 57
 90 57
 39 57
 36 57
 84 59
 56 59
 49 56
 45 56
 93 59
 46 59
 88 57
 87 57
 89 56
 89 56
 56 58
 48 58
 91 57
 92 57
 39 59
 35 59
 56 56
 88 56
 49 56
 49 56
 92 57
 94 57
 35 58
 33 58
 50 56
 85 56
 57 57
 91 57
 40 57
 43 57
 87 58
 86 58
 92 57
 90 57
 51 57
 48 57
 47 58
 50 58
 36 57
 87 57
 84 57
 52 57
 91 58
 52 58
 43 58
 44 58
 86 55
 35 55
 91 58
 85 58
 44 58
 48 58
 49 58
 93 58
 35 55
 36 55
 83 56
 86 56
 52 56
 91 56
 93 58
 92 58
 86 58
 85 58
 52 57
 53 57
 89 57
 90 57
 93 57
 49 57
 34 58
 88 58
 83 56
 87 56
 91 56
 54 56
 92 57
 91 57
 88 56
 36 56
 87 56
 53 56
 88 57
 55 57
 93 57
 93 57
 87 55
 88 55
 83 58
 87 58
 59 58
 59 58
 41 57
 91 57
 87 56
 39 56
 89 56
 92 56
 45 60
 89 60
 93 54
 92 54
 38 58
 33 58
 83 57
 84 57
 61 57
 90 57
 45 56
 45 56
 34 58
 35 58
 87 56
 53 56
 90 58
 89 58
 93 56
 44 56
 88 57
 88 57
 51 56
 86 56
 58 57
 91 57
 41 55
 42 55
 86 57
 33 57
 85 57
 51 57
 91 57
 49 57
 91 57
 93 57
 37 57
 88 57
 85 56
 88 56
 91 57
 53 57
 93 58
 92 58
 36 56
 87 56
 53 57
 51 57
 91 56
 44 56
 46 58
 44 58
 87 58
 39 58
 85 56
 84 56
 59 57
 58 57
 42 58
 93 58
 86 58
 36 58
 86 56
 87 56
 89 57
 91 57
 93 57
 48 57
 87 57
 33 57
 86 56
 85 56
 58 59
 47 59
 90 57
 91 57
 87 57
 39 57
 86 57
 55 57
 91 56
 88 56
 93 57
 92 57
 36 56
 36 56
 53 57
 53 57
 92 57
 56 57
 42 57
 90 57
 39 56
 38 56
 54 57
 89 57
 90 57
 89 57
 92 56
 91 56
 87 56
 87 56
 88 55
 52 55
 90 57
 90 57
 92 59
 92 59
 36 57
 36 57
 91 57
 89 57
 89 58
 56 58
 92 56
 47 56
 36 57
 87 57
 85 57
 49 57
 51 56
 57 56
 45 56
 93 56
 38 58
 86 58
 55 58
 88 58
 52 57
 45 57
 92 56
 93 56
 87 59
 32 59
 86 56
 52 56
 50 56
 59 56
 92 57
 44 57
 87 57
 35 57
 85 58
 88 58
 49 57
 89 57
 90 57
 93 57
 87 56
 33 56
 85 56
 87 56
 92 56
 57 56
 42 58
 91 58
 36 56
 87 56
 53 57
 89 57
 49 58
 89 58
 92 56
 46 56
 87 56
 88 56
 86 57
 49 57
 60 58
 90 58
 91 57
 93 57
 37 57
 88 57
 56 57
 87 57
 46 58
 91 58
 91 56
 92 56
 33 57
 34 57
 50 57
 51 57
 49 56
 52 56
 92 56
 92 56
 35 57
 86 57
 89 58
 55 58
 90 59
 90 59
 93 55
 93 55
 35 58
 33 58
 86 56
 84 56
 51 57
 91 57
 92 57
 92 57
 40 58
 39 58
 54 56
 88 56
 47 56
 89 56
 92 59
 92 59
 33 57
 87 57
 88 56
 86 56
 91 57
 91 57
 91 57
 93 57
 41 57
 42 57
 54 58
 88 58
 90 55
 90 55
 48 56
 93 56
