 4 3
 4 3
 15 11
 15 11
 50 39
 50 39
 99 94
 99 95
 5 20
 5 23
 18 68
 18 67
 55 89
 55 90
 73 42
 73 41
 58 90
 58 92
 52 24
 52 15
 56 59
 56 57
 59 55
 59 74
 57 43
 57 64
 58 86
 58 92
 56 40
 56 89
 56 92
 56 93
 58 31
 58 44
 58 60
 58 89
 58 50
 58 33
 56 50
 56 51
 57 30
 57 87
 58 89
 58 93
 56 57
 56 42
 56 94
 56 49
 57 87
 57 88
 57 90
 57 83
 56 88
 56 45
 59 51
 59 52
 56 53
 56 36
 56 53
 56 84
 57 51
 57 88
 56 90
 56 92
 58 39
 58 51
 57 83
 57 92
 56 61
 56 30
 58 51
 58 86
 56 88
 56 54
 57 81
 57 92
 57 88
 57 87
 58 85
 58 92
 56 37
 56 36
 57 90
 57 93
 56 48
 56 88
 57 86
 57 94
 55 52
 55 87
 57 88
 57 51
 56 87
 56 31
 58 51
 58 93
 55 30
 55 30
 58 53
 58 52
 57 53
 57 31
 57 92
 57 93
 57 50
 57 61
 56 85
 56 92
 57 32
 57 44
 56 94
 56 92
 58 48
 58 53
 58 51
 58 87
 57 50
 57 41
 58 93
 58 53
 54 39
 54 59
 58 55
 58 94
 57 33
 57 34
 58 92
 58 55
 55 47
 55 87
 57 53
 57 93
 57 32
 57 53
 56 92
 56 52
 58 57
 58 55
 56 82
 56 93
 58 46
 58 53
 57 91
 57 92
 57 87
 57 31
 56 54
 56 88
 57 34
 57 37
 55 93
 55 53
 59 31
 59 53
 57 92
 57 92
 56 53
 56 88
 58 86
 58 94
 57 87
 57 32
 56 81
 56 50
 56 39
 56 60
 59 93
 59 94
 57 38
 57 53
 56 92
 56 90
 58 28
 58 89
 57 54
 57 92
 57 47
 57 43
 59 91
 59 53
 55 57
 55 41
 59 52
 59 91
 56 37
 56 52
 58 93
 58 52
 56 51
 56 53
 56 94
 56 52
 58 36
 58 87
 58 54
 58 84
 57 44
 57 88
 59 85
 59 53
 57 36
 57 87
 55 93
 55 94
 61 50
 61 53
 55 91
 55 92
 58 51
 58 31
 57 89
 57 94
 54 87
 54 36
 59 87
 59 52
 56 86
 56 29
 59 84
 59 93
 57 34
 57 53
 57 93
 57 54
 56 87
 56 33
 58 82
 58 86
 57 87
 57 49
 58 87
 58 51
 57 29
 57 88
 56 88
 56 87
 57 46
 57 60
 58 52
 58 93
 56 88
 56 87
 56 85
 56 52
 58 31
 58 33
 56 52
 56 93
 57 31
 57 52
 55 51
 55 85
 58 46
 58 87
 57 94
 57 53
 58 87
 58 32
 56 93
 56 84
 57 50
 57 88
 58 93
 58 86
 56 35
 56 88
 56 94
 56 50
 57 56
 57 52
 56 93
 56 87
 57 88
 57 34
 57 51
 57 86
 57 31
 57 30
 56 53
 56 83
 57 43
 57 32
 58 84
 58 84
 56 31
 56 47
 56 92
 56 92
 55 87
 55 87
 59 92
 59 54
 57 33
 57 29
 57 94
 57 93
 56 87
 56 44
 58 94
 58 93
 56 33
 56 56
 57 88
 57 91
 56 88
 56 32
 56 85
 56 94
 58 31
 58 55
 58 83
 58 94
 58 88
 58 50
 58 91
 58 90
 57 36
 57 88
 57 92
 57 84
 58 88
 58 35
 56 53
 56 93
 58 87
 58 34
 57 83
 57 94
 57 52
 57 54
 57 91
 57 94
 58 34
 58 49
 57 83
 57 89
 57 31
 57 56
 57 83
 57 91
 58 46
 58 88
 55 54
 55 84
 57 33
 57 30
 58 52
 58 84
 55 57
 55 51
 59 94
 59 91
 56 50
 56 88
 56 90
 56 53
 58 88
 58 52
 57 53
 57 83
 56 32
 56 87
 56 87
 56 54
 57 88
 57 88
 58 54
 58 83
 57 87
 57 88
 57 85
 57 87
 55 51
 55 31
 58 54
 58 52
 58 33
 58 87
 58 50
 58 88
 56 36
 56 51
 58 90
 58 88
 58 86
 58 55
 56 92
 56 94
 57 56
 57 51
 55 84
 55 89
 60 48
 60 33
 56 52
 56 53
 56 36
 56 87
 57 92
 57 93
 58 37
 58 36
 57 93
 57 93
 57 57
 57 86
 57 54
 57 92
 58 33
 58 55
 56 52
 56 93
 57 31
 57 49
 56 92
 56 54
 56 58
 56 61
 56 84
 56 93
 58 87
 58 33
 57 91
 57 52
 56 30
 56 87
 58 50
 58 53
 58 86
 58 31
 56 54
 56 88
 58 55
 58 50
 58 94
 58 93
 57 43
 57 35
 56 54
 56 93
 57 35
 57 56
 57 54
 57 91
 57 34
 57 42
 58 93
 58 51
 58 30
 58 57
 57 92
 57 54
 55 29
 55 58
 56 91
 56 93
 56 31
 56 30
 59 93
 59 89
 56 53
 56 88
 55 53
 55 52
 59 88
 59 87
 56 81
 56 80
 56 51
 56 32
 58 94
 58 82
 57 49
 57 45
 58 52
 58 82
 56 41
 56 35
 57 86
 57 94
 58 53
 58 55
 56 52
 56 91
 55 44
 55 34
 58 87
 58 52
 57 37
 57 50
 56 51
 56 93
 56 35
 56 60
 58 52
 58 85
 57 32
 57 88
 57 93
 57 84
 56 87
 56 37
 58 93
 58 53
 58 31
 58 43
 57 93
 57 51
 57 33
 57 33
 58 93
 58 94
 57 88
 57 87
 56 51
 56 92
 57 32
 57 54
 58 93
 58 82
 56 36
 56 45
 57 84
 57 94
 59 36
 59 35
 58 92
 58 89
 58 43
 58 36
 56 84
 56 81
 56 87
 56 87
 56 93
 56 85
 57 33
 57 48
 56 51
 56 53
 57 30
 57 53
 56 51
 56 88
 58 32
 58 33
 56 84
 56 81
 57 57
 57 43
 59 52
 59 50
 56 40
 56 38
 57 83
 57 86
 57 59
 57 45
 57 50
 57 92
 56 50
 56 51
 56 82
 56 82
 58 31
 58 87
 57 88
 57 52
 57 28
 57 87
 57 85
 57 81
 57 35
 57 88
 57 86
 57 90
 57 87
 57 46
 56 94
 56 83
 57 88
 57 43
 57 53
 57 51
 58 34
 58 33
 55 85
 55 88
 59 57
 59 34
 59 53
 59 92
 55 87
 55 33
 58 89
 58 86
 55 87
 55 33
 58 55
 58 94
 56 30
 56 54
 58 53
 58 85
 56 32
 56 88
 57 83
 57 92
 58 46
 58 48
 58 94
 58 86
 57 43
 57 88
 56 50
 56 83
 58 32
 58 50
 56 85
 56 92
 57 31
 57 33
 57 54
 57 54
 56 58
 56 33
 56 93
 56 92
 58 88
 58 88
 56 85
 56 54
 58 86
 58 32
 56 92
 56 52
 56 88
 56 87
 56 87
 56 90
 58 57
 58 88
 57 88
 57 93
 57 54
 57 59
 56 93
 56 86
 57 87
 57 48
 56 81
 56 93
 57 88
 57 34
 57 52
 57 51
 55 43
 55 31
 57 85
 57 89
 57 62
 57 33
 58 93
 58 52
 57 35
 57 48
 57 93
 57 84
 56 32
 56 43
 57 52
 57 93
 57 87
 57 43
 58 93
 58 94
 57 38
 57 35
 57 53
 57 83
 56 33
 56 87
 57 90
 57 93
 56 51
 56 88
 57 88
 57 85
 58 87
 58 88
 58 89
 58 86
 58 87
 58 38
 55 84
 55 83
 57 51
 57 88
 58 54
 58 51
 58 31
 58 57
 56 89
 56 51
 58 87
 58 43
 57 93
 57 94
 58 87
 58 40
 57 86
 57 84
 57 88
 57 58
 58 53
 58 93
 56 34
 56 87
 58 91
 58 93
 57 42
 57 57
 57 87
 57 94
 59 42
 59 87
 56 93
 56 94
 58 34
 58 88
 56 87
 56 93
 57 55
 57 34
 59 93
 59 86
 55 57
 55 33
 56 84
 56 93
 58 40
 58 88
 57 83
 57 89
 58 54
 58 32
 57 91
 57 55
 56 29
 56 88
 58 94
 58 52
 59 46
 59 34
 55 92
 55 86
 56 53
 56 44
 58 51
 58 51
 57 88
 57 33
 56 81
 56 92
 56 34
 56 32
 57 81
 57 51
 57 54
 57 30
 58 94
 58 91
 58 51
 58 29
 58 94
 58 93
 57 33
 57 35
 57 94
 57 94
 58 45
 58 87
 57 84
 57 84
 57 36
 57 49
 56 84
 56 83
 58 54
 58 87
 57 90
 57 83
 57 87
 57 55
 57 94
 57 94
 56 34
 56 88
 57 87
 57 94
 58 51
 58 35
 57 81
 57 52
 57 88
 57 40
 57 53
 57 81
 55 60
 55 88
 58 92
 58 80
 57 35
 57 51
 56 93
 56 82
 57 33
 57 87
 58 93
 58 53
 57 35
 57 35
 56 93
 56 51
 55 42
 55 37
 58 54
 58 83
 57 88
 57 51
 57 94
 57 95
 57 87
 57 29
 56 54
 56 91
 57 28
 57 35
 58 91
 58 93
 56 29
 56 88
 57 54
 57 50
 57 30
 57 38
 57 91
 57 89
 57 36
 57 30
 56 91
 56 51
 59 32
 59 43
 56 95
 56 93
 57 53
 57 32
 58 55
 58 90
 57 35
 57 31
 57 51
 57 51
 56 31
 56 30
 57 86
 57 82
 55 49
 55 30
 57 93
 57 85
 58 88
 58 52
 57 84
 57 93
 59 88
 59 41
 56 93
 56 54
 57 38
 57 87
 57 84
 57 94
 56 87
 56 87
 57 53
 57 84
 56 87
 56 31
 57 52
 57 86
 57 47
 57 50
 58 86
 58 93
 56 34
 56 36
 57 54
 57 84
 57 87
 57 87
 58 87
 58 94
 55 57
 55 87
 56 54
 56 53
 57 88
 57 58
 57 53
 57 93
 58 88
 58 38
 57 52
 57 54
 56 30
 56 51
 57 80
 57 93
 56 87
 56 49
 56 53
 56 94
 57 40
 57 33
 57 91
 57 52
 58 45
 58 51
 58 82
 58 92
 56 56
 56 31
 58 51
 58 92
 58 33
 58 61
 56 90
 56 86
 56 88
 56 43
 56 88
 56 51
 58 31
 58 87
 58 52
 58 89
 58 55
 58 30
 58 94
 58 82
 56 87
 56 32
 57 94
 57 52
 59 88
 59 40
 55 93
 55 94
 57 88
 57 35
 56 83
 56 92
 58 40
 58 32
 56 87
 56 53
 57 88
 57 38
 56 52
 56 85
 56 51
 56 45
 59 85
 59 90
 58 29
 58 47
 58 80
 58 53
 56 39
 56 37
 57 85
 57 93
 55 87
 55 30
 59 94
 59 85
 55 48
 55 31
 57 82
 57 83
 56 88
 56 88
 57 54
 57 51
 57 32
 57 48
 57 94
 57 88
 56 46
 56 31
 58 84
 58 95
 57 49
 57 54
 58 94
 58 86
 57 30
 57 35
 55 87
 55 52
 57 88
 57 55
 58 84
 58 84
 57 34
 57 33
 57 91
 57 84
 58 88
 58 31
 56 94
 56 85
 56 35
 56 87
 57 84
 57 87
 57 88
 57 33
 55 53
 55 52
 58 59
 58 87
 57 92
 57 93
 56 87
 56 55
 57 53
 57 93
 57 40
 57 88
 58 94
 58 92
 57 30
 57 38
 55 81
 55 53
 58 54
 58 30
 56 87
 56 86
 56 57
 56 87
 57 81
 57 91
 58 50
 58 87
 59 89
 59 85
 58 51
 58 56
 56 53
 56 93
 58 51
 58 39
 57 93
 57 82
 57 32
 57 45
 56 82
 56 53
 58 33
 58 61
 56 81
 56 82
 55 51
 55 45
 58 53
 58 54
 56 87
 56 34
 55 93
 55 93
 57 53
 57 51
 56 95
 56 52
 55 30
 55 32
 57 93
 57 51
 57 49
 57 31
 56 93
 56 94
 58 32
 58 47
 59 86
 59 85
 57 87
 57 33
 58 86
 58 82
 56 56
 56 48
 59 91
 59 51
 56 31
 56 29
 58 54
 58 87
 58 88
 58 44
 57 50
 57 93
 58 56
 58 88
 56 90
 56 91
 58 33
 58 88
 56 53
 56 91
 58 86
 58 33
 57 83
 57 82
 57 31
 57 56
 56 82
 56 83
 57 56
 57 31
 57 53
 57 53
 55 35
 55 30
 58 92
 58 93
 57 30
 57 51
 58 90
 58 93
 58 37
 58 87
 55 85
 55 90
 58 51
 58 39
 55 51
 55 51
 58 59
 58 88
 58 88
 58 52
 58 48
 58 55
 56 93
 56 94
 58 87
 58 87
 57 55
 57 86
 56 87
 56 36
 58 88
 58 53
 58 54
 58 31
 56 50
 56 92
 58 55
 58 50
 58 94
 58 93
 55 33
 55 31
 58 83
 58 91
 58 30
 58 38
 58 87
 58 80
 56 54
 56 32
 57 81
 57 89
 58 87
 58 33
 57 86
 57 84
 58 45
 58 31
 56 52
 56 83
 57 50
 57 30
 57 94
 57 84
 57 50
 57 32
 58 93
 58 94
 55 87
 55 43
 59 51
 59 52
 57 39
 57 60
 57 93
 57 92
 58 51
 58 87
 56 82
 56 86
 56 33
 56 88
 57 82
 57 82
 56 34
 56 87
 58 54
 58 94
 57 88
 57 50
 57 93
 57 93
 58 87
 58 47
 56 53
 56 93
 58 87
 58 29
 58 90
 58 87
 57 87
 57 88
 55 93
 55 90
 58 88
 58 46
 56 93
 56 89
 57 34
 57 87
 57 88
 57 51
 56 33
 56 44
 58 52
 58 82
 57 33
 57 35
 58 82
 58 53
 56 86
 56 31
 57 91
 57 86
 57 34
 57 87
 56 86
 56 86
 57 32
 57 29
 58 84
 58 94
 55 31
 55 89
 58 93
 58 52
 57 88
 57 52
 57 94
 57 85
 59 52
 59 88
 57 54
 57 52
 56 88
 56 36
 58 93
 58 87
 55 53
 55 87
 57 91
 57 82
 57 36
 57 88
 57 52
 57 90
 56 87
 56 54
 56 84
 56 84
 56 54
 56 53
 57 94
 57 91
 57 58
 57 31
 56 94
 56 89
 57 33
 57 45
 57 93
 57 86
 57 57
 57 36
 55 86
 55 94
 57 87
 57 87
 56 82
 56 93
 57 53
 57 60
 58 50
 58 51
 57 31
 57 88
 57 94
 57 93
 57 87
 57 31
 58 88
 58 82
 56 35
 56 53
 56 91
 56 92
 57 53
 57 47
 58 52
 58 86
 56 34
 56 30
 56 52
 56 53
 57 34
 57 87
 57 88
 57 55
 57 88
 57 33
 57 93
 57 51
 56 86
 56 28
 56 92
 56 94
 57 59
 57 87
 57 53
 57 86
 57 50
 57 39
 55 90
 55 51
 57 87
 57 87
 59 94
 59 51
 58 88
 58 87
 57 91
 57 52
 55 32
 55 31
 58 90
 58 93
 55 31
 55 42
 56 52
 56 94
 58 88
 58 87
 58 54
 58 51
 55 33
 55 87
 56 85
 56 82
 57 53
 57 40
 57 91
 57 90
 57 60
 57 45
 57 94
 57 83
 56 31
 56 88
 59 87
 59 83
 57 87
 57 32
 57 93
 57 88
 57 35
 57 87
 56 91
 56 89
 57 30
 57 36
 56 87
 56 53
 58 51
 58 86
 58 91
 58 92
 57 88
 57 29
 57 93
 57 93
 57 87
 57 38
 55 93
 55 54
 58 33
 58 56
 57 86
 57 93
 57 88
 57 30
 58 86
 58 51
 56 32
 56 48
 56 92
 56 93
 56 54
 56 30
 57 94
 57 94
 57 88
 57 34
 58 85
 58 93
 55 53
 55 87
 58 94
 58 93
 59 35
 59 87
 56 85
 56 94
 58 55
 58 49
 58 54
 58 93
 55 34
 55 31
 56 92
 56 91
 59 87
 59 87
 58 87
 58 81
 56 60
 56 53
 57 94
 57 52
 58 44
 58 33
 56 51
 56 53
 58 31
 58 34
 58 51
 58 94
 57 30
 57 87
 57 87
 57 54
 58 55
 58 56
 58 93
 58 92
 55 87
 55 40
 59 87
 59 83
 56 60
 56 88
 57 90
 57 94
 56 49
 56 56
 55 93
 55 84
 58 88
 58 48
 57 93
 57 84
 56 36
 56 31
 60 80
 60 94
 56 38
 56 34
 56 93
 56 53
 57 87
 57 88
 57 51
 57 92
 57 88
 57 42
 58 52
 58 54
 56 51
 56 32
 58 85
 58 92
 55 88
 55 88
 57 84
 57 89
 58 41
 58 42
 56 51
 56 93
 55 56
 55 31
 59 88
 59 87
 58 35
 58 55
 55 54
 55 83
 56 32
 56 46
 57 88
 57 94
 56 35
 56 52
 58 90
 58 83
 56 32
 56 31
 57 53
 57 94
 56 42
 56 88
 57 92
 57 85
 59 88
 59 87
 55 83
 55 50
 55 89
 55 86
 59 83
 59 82
 56 87
 56 53
 59 51
 59 94
 57 87
 57 34
 58 52
 58 94
 56 29
 56 31
 56 92
 56 86
 58 30
 58 45
 56 94
 56 84
 55 33
 55 33
 57 94
 57 52
 58 88
 58 52
 56 81
 56 93
 58 88
 58 88
 57 82
 57 51
 57 34
 57 29
 58 85
 58 93
 56 33
 56 37
 58 84
 58 86
 56 36
 56 48
 57 51
 57 84
 57 40
 57 29
 56 53
 56 86
 56 52
 56 28
 57 51
 57 88
 57 30
 57 34
 58 95
 58 94
 57 35
 57 30
 57 87
 57 86
 57 57
 57 34
 57 53
 57 88
 57 35
 57 29
 57 92
 57 87
 57 52
 57 34
 56 81
 56 83
 57 52
 57 86
 57 91
 57 55
 56 45
 56 47
 58 91
 58 51
 56 48
 56 41
 58 93
 58 92
 57 87
 57 33
 56 92
 56 93
 57 37
 57 87
 58 81
 58 91
 56 32
 56 47
 56 53
 56 53
 57 33
 57 31
 57 87
 57 91
 56 53
 56 30
 57 83
 57 54
 56 43
 56 51
 58 94
 58 93
 56 57
 56 53
 59 85
 59 86
 58 50
 58 32
 57 85
 57 51
 58 87
 58 87
 57 52
 57 83
 57 59
 57 86
 59 94
 59 92
 56 61
 56 87
 59 94
 59 53
 57 88
 57 31
 56 50
 56 92
 58 36
 58 87
 57 89
 57 53
 59 58
 59 87
 56 53
 56 91
 56 52
 56 38
 57 52
 57 87
 58 88
 58 51
 56 93
 56 95
 57 31
 57 54
 57 51
 57 54
 58 34
 58 56
 57 85
 57 84
 57 34
 57 49
 58 53
 58 52
 57 49
 57 87
 57 51
 57 85
 58 87
 58 35
 58 93
 58 93
 55 62
 55 36
 58 89
 58 89
 58 56
 58 35
 58 51
 58 51
 55 88
 55 38
 56 94
 56 92
 56 53
 56 61
 58 86
 58 92
 58 88
 58 88
 57 50
 57 88
 57 55
 57 32
 57 52
 57 94
 58 88
 58 51
 56 82
 56 89
 56 29
 56 50
 57 55
 57 91
 56 57
 56 31
 56 93
 56 54
 57 35
 57 55
 57 83
 57 92
 55 42
 55 31
 58 84
 58 93
 58 44
 58 88
 57 54
 57 88
 56 32
 56 33
 56 82
 56 93
 60 30
 60 35
 54 93
 54 94
 58 30
 58 88
 57 54
 57 94
 57 86
 57 41
 56 86
 56 93
 58 29
 58 87
 56 51
 56 84
 58 32
 58 38
 56 90
 56 92
 57 87
 57 41
 56 93
 56 92
 57 87
 57 46
 55 93
 55 94
 57 88
 57 30
 57 92
 57 93
 57 31
 57 31
 57 85
 57 92
 57 56
 57 37
 56 51
 56 92
 57 31
 57 32
 58 94
 58 94
 56 88
 56 29
 57 94
 57 86
 56 32
 56 39
 58 53
 58 81
 58 29
 58 54
 56 92
 56 93
 57 88
 57 44
 58 51
 58 84
 58 57
 58 35
 56 83
 56 52
 57 34
 57 48
 57 91
 57 55
 57 45
 57 87
 56 92
 56 93
 59 42
 59 51
 57 94
 57 92
 57 58
 57 87
 57 91
 57 82
 56 36
 56 87
 57 94
 57 51
 56 51
 56 35
 57 89
 57 54
 57 32
 57 52
 57 95
 57 51
 56 87
 56 45
 57 92
 57 87
 57 32
 57 88
 56 84
 56 87
 56 87
 56 52
 55 54
 55 94
 57 53
 57 36
 59 80
 59 84
 57 87
 57 39
 57 93
 57 53
 58 45
 58 37
 56 92
 56 82
 57 59
 57 58
 57 82
 57 83
 56 87
 56 86
 56 93
 56 54
 58 33
 58 41
 58 51
 58 81
 57 53
 57 49
 56 50
 56 86
 59 60
 59 33
 56 53
 56 94
 56 45
 56 55
 57 92
 57 53
 57 38
 57 61
 58 52
 58 88
 57 31
 57 88
 57 82
 57 93
 56 88
 56 88
 56 84
 56 84
 56 36
 56 41
 58 87
 58 93
 56 51
 56 28
 57 51
 57 93
 58 45
 58 31
 56 93
 56 91
 56 33
 56 54
 57 86
 57 94
 58 53
 58 53
 57 95
 57 86
 57 32
 57 51
 57 51
 57 94
 58 47
 58 56
 56 93
 56 94
 57 50
 57 30
 57 93
 57 94
 56 33
 56 56
 56 94
 56 94
 57 43
 57 34
 58 53
 58 95
 59 52
 59 32
 55 94
 55 50
 58 39
 58 30
 56 55
 56 51
 57 55
 57 54
 57 84
 57 93
 58 88
 58 29
 56 52
 56 87
 56 29
 56 50
 59 92
 59 50
 57 46
 57 88
 56 91
 56 51
 57 32
 57 35
 57 89
 57 80
 57 46
 57 54
 58 94
 58 86
 55 87
 55 32
 56 95
 56 92
