 4 3
 4 3
 15 11
 15 11
 50 39
 50 40
 99 95
 99 94
 5 18
 5 23
 18 70
 18 70
 55 85
 55 93
 73 45
 73 37
 58 97
 58 95
 52 35
 52 14
 56 87
 56 51
 59 66
 59 64
 57 55
 57 39
 58 81
 58 90
 56 69
 56 39
 56 86
 56 79
 58 34
 58 85
 58 94
 58 77
 58 54
 58 73
 56 89
 56 95
 57 50
 57 28
 58 94
 58 95
 56 29
 56 29
 56 76
 56 91
 57 66
 57 47
 57 82
 57 90
 56 36
 56 52
 59 80
 59 79
 56 70
 56 27
 56 79
 56 86
 57 28
 57 74
 56 96
 56 97
 58 21
 58 37
 57 92
 57 71
 56 30
 56 42
 58 95
 58 82
 56 76
 56 36
 57 81
 57 96
 57 18
 57 33
 58 72
 58 68
 56 27
 56 27
 57 95
 57 88
 56 73
 56 27
 57 91
 57 96
 55 33
 55 51
 57 93
 57 88
 56 28
 56 71
 58 81
 58 81
 55 56
 55 38
 58 95
 58 96
 57 55
 57 33
 57 62
 57 91
 57 83
 57 75
 56 83
 56 93
 57 50
 57 51
 56 92
 56 84
 58 64
 58 50
 58 93
 58 79
 57 30
 57 31
 58 57
 58 54
 54 86
 54 31
 58 56
 58 76
 57 28
 57 31
 58 91
 58 94
 55 47
 55 29
 57 94
 57 84
 57 32
 57 85
 56 95
 56 82
 58 58
 58 59
 56 82
 56 94
 58 27
 58 85
 57 94
 57 92
 57 50
 57 27
 56 95
 56 95
 57 62
 57 31
 55 71
 55 95
 59 29
 59 25
 57 96
 57 94
 56 71
 56 33
 58 96
 58 89
 57 36
 57 52
 56 95
 56 92
 56 45
 56 24
 59 96
 59 89
 57 30
 57 38
 56 85
 56 93
 58 39
 58 38
 57 95
 57 73
 57 43
 57 37
 59 94
 59 85
 55 34
 55 39
 59 95
 59 94
 56 42
 56 37
 58 80
 58 94
 56 53
 56 52
 56 96
 56 95
 58 17
 58 36
 58 89
 58 68
 57 81
 57 86
 59 83
 59 59
 57 86
 57 72
 55 95
 55 90
 61 32
 61 44
 55 94
 55 81
 58 26
 58 46
 57 80
 57 89
 54 58
 54 51
 59 83
 59 94
 56 47
 56 28
 59 77
 59 77
 57 53
 57 34
 57 83
 57 95
 56 38
 56 57
 58 85
 58 89
 57 73
 57 47
 58 72
 58 72
 57 70
 57 41
 56 89
 56 86
 57 56
 57 48
 58 85
 58 90
 56 50
 56 70
 56 83
 56 80
 58 41
 58 66
 56 94
 56 96
 57 33
 57 48
 55 88
 55 70
 58 39
 58 62
 57 88
 57 91
 58 46
 58 79
 56 79
 56 96
 57 27
 57 25
 58 67
 58 94
 56 53
 56 66
 56 84
 56 79
 57 54
 57 50
 56 95
 56 96
 57 17
 57 18
 57 93
 57 92
 57 91
 57 52
 56 48
 56 93
 57 47
 57 91
 58 91
 58 87
 56 88
 56 90
 56 49
 56 52
 55 44
 55 89
 59 46
 59 41
 57 90
 57 92
 57 43
 57 40
 56 90
 56 90
 58 89
 58 43
 56 88
 56 88
 57 45
 57 45
 56 89
 56 89
 56 45
 56 89
 58 43
 58 89
 58 47
 58 90
 58 44
 58 88
 58 90
 58 41
 57 88
 57 89
 57 43
 57 42
 58 46
 58 90
 56 90
 56 45
 58 46
 58 49
 57 90
 57 45
 57 47
 57 44
 57 48
 57 91
 58 44
 58 44
 57 47
 57 90
 57 45
 57 88
 57 42
 57 40
 58 89
 58 88
 55 88
 55 90
 57 47
 57 91
 58 39
 58 89
 55 89
 55 90
 59 90
 59 89
 56 46
 56 91
 56 89
 56 43
 58 90
 58 44
 57 43
 57 90
 56 89
 56 91
 56 39
 56 88
 57 44
 57 89
 58 43
 58 90
 57 42
 57 91
 57 88
 57 43
 55 90
 55 48
 58 49
 58 41
 58 90
 58 43
 58 48
 58 88
 56 91
 56 48
 58 41
 58 45
 58 90
 58 44
 56 44
 56 90
 57 44
 57 46
 55 40
 55 90
 60 88
 60 44
 56 92
 56 45
 56 91
 56 49
 57 43
 57 91
 58 88
 58 43
 57 90
 57 48
 57 89
 57 90
 57 41
 57 42
 58 87
 58 89
 56 47
 56 46
 57 42
 57 90
 56 44
 56 87
 56 89
 56 89
 56 43
 56 90
 58 88
 58 40
 57 42
 57 88
 56 88
 56 47
 58 42
 58 44
 58 90
 58 88
 56 49
 56 49
 58 91
 58 46
 58 44
 58 41
 57 89
 57 45
 56 41
 56 90
 57 89
 57 88
 57 88
 57 87
 57 90
 57 89
 58 47
 58 46
 58 41
 58 90
 57 48
 57 44
 55 45
 55 49
 56 42
 56 45
 56 47
 56 88
 59 48
 59 49
 56 50
 56 46
 55 91
 55 89
 59 88
 59 87
 56 90
 56 89
 56 90
 56 91
 58 89
 58 89
 57 44
 57 44
 58 90
 58 91
 56 43
 56 41
 57 88
 57 40
 58 45
 58 46
 56 47
 56 90
 55 40
 55 45
 58 45
 58 90
 57 89
 57 92
 56 40
 56 90
 56 43
 56 88
 58 90
 58 44
 57 89
 57 92
 57 90
 57 42
 56 41
 56 89
 58 89
 58 90
 58 91
 58 91
 57 90
 57 41
 57 45
 57 88
 58 45
 58 46
 57 89
 57 90
 56 40
 56 89
 57 48
 57 50
 58 89
 58 45
 56 91
 56 44
 57 41
 57 45
 59 46
 59 49
 58 45
 58 90
 58 90
 58 88
 56 42
 56 44
 56 91
 56 47
 56 91
 56 44
 57 88
 57 88
 56 46
 56 89
 57 48
 57 46
 56 39
 56 90
 58 89
 58 87
 56 90
 56 44
 57 90
 57 46
 59 90
 59 90
 56 49
 56 44
 57 46
 57 44
 57 40
 57 90
 57 41
 57 40
 56 89
 56 89
 56 46
 56 90
 58 43
 58 88
 57 88
 57 47
 57 90
 57 46
 57 90
 57 46
 57 43
 57 40
 57 89
 57 41
 57 46
 57 43
 56 40
 56 44
 57 89
 57 89
 57 45
 57 89
 58 47
 58 90
 55 89
 55 89
 59 45
 59 47
 59 46
 59 45
 55 90
 55 90
 58 40
 58 42
 55 89
 55 46
 58 48
 58 44
 56 90
 56 89
 58 88
 58 45
 56 45
 56 43
 57 44
 57 42
 58 89
 58 43
 58 45
 58 89
 57 49
 57 88
 56 43
 56 41
 58 44
 58 87
 56 88
 56 91
 57 91
 57 92
 57 44
 57 40
 56 47
 56 90
 56 46
 56 48
 58 43
 58 89
 56 41
 56 40
 58 88
 58 90
 56 51
 56 51
 56 91
 56 91
 56 44
 56 43
 58 91
 58 90
 57 89
 57 90
 57 88
 57 90
 56 43
 56 46
 57 90
 57 90
 56 91
 56 91
 57 47
 57 41
 57 90
 57 89
 55 45
 55 91
 57 88
 57 90
 57 90
 57 90
 58 46
 58 91
 57 46
 57 89
 57 88
 57 88
 56 88
 56 48
 57 91
 57 91
 57 39
 57 43
 58 89
 58 90
 57 89
 57 50
 57 43
 57 90
 56 91
 56 46
 57 89
 57 89
 56 49
 56 90
 57 40
 57 40
 58 90
 58 41
 58 43
 58 90
 58 90
 58 45
 55 41
 55 45
 57 88
 57 90
 58 89
 58 90
 58 92
 58 44
 56 41
 56 42
 58 46
 58 48
 57 50
 57 91
 58 91
 58 90
 57 88
 57 39
 57 90
 57 91
 58 91
 58 91
 56 89
 56 43
 58 89
 58 89
 57 91
 57 45
 57 89
 57 46
 59 45
 59 45
 56 90
 56 45
 58 42
 58 91
 56 90
 56 89
 57 90
 57 88
 59 41
 59 90
 55 90
 55 46
 56 90
 56 42
 58 91
 58 47
 57 90
 57 91
 58 91
 58 42
 57 48
 57 88
 56 48
 56 49
 58 91
 58 91
 59 43
 59 91
 55 88
 55 88
 56 50
 56 90
 58 41
 58 43
 57 43
 57 89
 56 45
 56 44
 56 90
 56 91
 57 40
 57 91
 57 47
 57 44
 58 45
 58 91
 58 44
 58 90
 58 88
 58 89
 57 90
 57 48
 57 90
 57 48
 58 90
 58 44
 57 42
 57 41
 57 89
 57 46
 56 91
 56 91
 58 90
 58 90
 57 45
 57 43
 57 90
 57 46
 57 46
 57 91
 56 90
 56 42
 57 89
 57 90
 58 48
 58 43
 57 90
 57 43
 57 43
 57 89
 57 91
 57 45
 55 91
 55 43
 58 90
 58 39
 57 45
 57 90
 56 90
 56 46
 57 90
 57 89
 58 43
 58 43
 57 91
 57 90
 56 90
 56 46
 55 43
 55 42
 58 90
 58 87
 57 90
 57 45
 57 39
 57 46
 57 46
 57 43
 56 88
 56 88
 57 45
 57 91
 58 43
 58 45
 56 89
 56 43
 57 45
 57 90
 57 91
 57 45
 57 44
 57 89
 57 89
 57 45
 56 91
 56 44
 59 91
 59 91
 56 44
 56 89
 57 89
 57 90
 58 91
 58 48
 57 88
 57 43
 57 87
 57 89
 56 45
 56 46
 57 90
 57 40
 55 88
 55 90
 57 88
 57 44
 58 90
 58 47
 57 40
 57 44
 59 88
 59 89
 56 42
 56 48
 57 44
 57 45
 57 89
 57 89
 56 89
 56 88
 57 90
 57 90
 56 44
 56 89
 57 43
 57 47
 57 91
 57 90
 58 41
 58 47
 56 90
 56 91
 57 89
 57 44
 57 46
 57 90
 58 90
 58 90
 55 43
 55 41
 56 42
 56 44
 57 91
 57 45
 57 89
 57 90
 58 90
 58 44
 57 88
 57 88
 56 91
 56 92
 57 89
 57 89
 56 88
 56 46
 56 43
 56 48
 57 89
 57 43
 57 43
 57 89
 58 90
 58 90
 58 47
 58 42
 56 42
 56 89
 58 40
 58 87
 58 91
 58 46
 56 41
 56 42
 56 88
 56 43
 56 89
 56 89
 58 89
 58 47
 58 46
 58 44
 58 42
 58 88
 58 44
 58 47
 56 45
 56 90
 57 42
 57 41
 59 91
 59 90
 55 45
 55 90
 57 40
 57 44
 56 43
 56 45
 58 89
 58 90
 56 49
 56 42
 57 90
 57 42
 56 88
 56 45
 56 90
 56 90
 59 44
 59 40
 58 88
 58 89
 58 41
 58 86
 56 90
 56 91
 57 89
 57 90
 55 44
 55 41
 59 89
 59 48
 55 90
 55 43
 57 40
 57 89
 56 44
 56 90
 57 48
 57 91
 57 91
 57 89
 57 89
 57 42
 56 89
 56 47
 58 91
 58 47
 57 42
 57 44
 58 44
 58 44
 57 45
 57 90
 55 45
 55 46
 57 43
 57 90
 58 44
 58 88
 57 88
 57 48
 57 89
 57 91
 58 41
 58 89
 56 44
 56 47
 56 45
 56 46
 57 90
 57 42
 57 42
 57 43
 55 48
 55 90
 58 44
 58 45
 57 42
 57 41
 56 88
 56 44
 57 45
 57 90
 57 91
 57 89
 58 40
 58 90
 57 49
 57 89
 55 90
 55 89
 58 40
 58 44
 56 89
 56 46
 56 48
 56 47
 57 45
 57 89
 58 90
 58 88
 59 45
 59 42
 58 92
 58 45
 56 40
 56 43
 58 41
 58 47
 57 90
 57 90
 57 90
 57 91
 56 89
 56 44
 58 43
 58 89
 56 48
 56 47
 55 42
 55 44
 58 88
 58 44
 56 89
 56 50
 55 42
 55 90
 57 90
 57 90
 56 42
 56 90
 55 90
 55 48
 57 91
 57 90
 57 44
 57 44
 56 90
 56 47
 58 47
 58 89
 59 90
 59 41
 57 45
 57 90
 58 44
 58 42
 56 91
 56 90
 59 41
 59 87
 56 45
 56 43
 58 48
 58 90
 58 91
 58 44
 57 46
 57 88
 58 48
 58 45
 56 91
 56 90
 58 42
 58 89
 56 46
 56 89
 58 51
 58 89
 57 90
 57 45
 57 44
 57 42
 56 87
 56 90
 57 91
 57 89
 57 90
 57 45
 55 89
 55 88
 58 90
 58 48
 57 44
 57 45
 58 89
 58 43
 58 46
 58 46
 55 90
 55 89
 58 90
 58 45
 55 42
 55 88
 58 50
 58 49
 58 91
 58 90
 58 42
 58 42
 56 88
 56 47
 58 91
 58 47
 57 46
 57 90
 56 42
 56 86
 58 90
 58 87
 58 91
 58 89
 56 43
 56 89
 58 89
 58 89
 58 90
 58 46
 55 47
 55 44
 58 89
 58 90
 58 90
 58 87
 58 90
 58 43
 56 44
 56 42
 57 44
 57 89
 58 89
 58 88
 57 91
 57 48
 58 90
 58 91
 56 41
 56 87
 57 48
 57 89
 57 43
 57 46
 57 91
 57 90
 58 88
 58 43
 55 44
 55 89
 59 41
 59 90
 57 42
 57 43
 57 49
 57 89
 58 91
 58 43
 56 90
 56 39
 56 88
 56 89
 57 49
 57 47
 56 42
 56 91
 58 43
 58 41
 57 47
 57 46
 57 47
 57 41
 58 90
 58 43
 56 43
 56 88
 58 89
 58 91
 58 91
 58 48
 57 43
 57 90
 55 90
 55 88
 58 90
 58 89
 56 91
 56 46
 57 88
 57 89
 57 44
 57 89
 56 90
 56 46
 58 44
 58 43
 57 45
 57 47
 58 49
 58 47
 56 91
 56 44
 57 91
 57 43
 57 47
 57 46
 56 90
 56 45
 57 46
 57 45
 58 87
 58 87
 55 51
 55 46
 58 91
 58 44
 57 90
 57 90
 57 88
 57 45
 59 45
 59 88
 57 39
 57 91
 56 44
 56 89
 58 90
 58 88
 55 91
 55 90
 57 89
 57 90
 57 88
 57 45
 57 89
 57 48
 56 91
 56 92
 56 89
 56 43
 56 90
 56 47
 57 42
 57 90
 57 90
 57 42
 56 44
 56 90
 57 49
 57 45
 57 90
 57 44
 57 43
 57 90
 55 46
 55 43
 57 91
 57 50
 56 90
 56 42
 57 44
 57 46
 58 90
 58 89
 57 92
 57 89
 57 90
 57 89
 57 43
 57 46
 58 45
 58 47
 56 90
 56 44
 56 89
 56 90
 57 88
 57 88
 58 45
 58 46
 56 90
 56 43
 56 89
 56 89
 57 91
 57 52
 57 90
 57 90
 57 42
 57 43
 57 42
 57 89
 56 90
 56 46
 56 42
 56 46
 57 43
 57 46
 57 90
 57 90
 57 43
 57 48
 55 90
 55 39
 57 90
 57 47
 59 46
 59 88
 58 91
 58 46
 57 91
 57 40
 55 48
 55 47
 58 90
 58 45
 55 42
 55 42
 56 41
 56 89
 58 44
 58 46
 58 89
 58 43
 55 89
 55 92
 56 88
 56 89
 57 91
 57 90
 57 46
 57 40
 57 91
 57 45
 57 42
 57 49
 56 89
 56 91
 59 88
 59 45
 57 90
 57 44
 57 90
 57 90
 57 44
 57 43
 56 89
 56 89
 57 88
 57 90
 56 90
 56 91
 58 41
 58 44
 58 89
 58 42
 57 89
 57 50
 57 90
 57 50
 57 44
 57 43
 55 45
 55 40
 58 50
 58 48
 57 44
 57 43
 57 88
 57 90
 58 44
 58 42
 56 48
 56 89
 56 43
 56 44
 56 47
 56 89
 57 42
 57 89
 57 92
 57 91
 58 90
 58 90
 55 89
 55 44
 58 44
 58 46
 59 47
 59 91
 56 87
 56 42
 58 90
 58 47
 58 45
 58 46
 55 44
 55 90
 56 43
 56 90
 59 90
 59 90
 58 44
 58 43
 56 91
 56 42
 57 91
 57 41
 58 46
 58 45
 56 41
 56 90
 58 90
 58 46
 58 47
 58 90
 57 41
 57 91
 57 89
 57 90
 58 88
 58 88
 58 47
 58 90
 55 44
 55 45
 59 44
 59 41
 56 89
 56 49
 57 46
 57 91
 56 47
 56 90
 55 88
 55 44
 58 91
 58 49
 57 43
 57 42
 56 89
 56 88
 60 88
 60 89
 56 45
 56 44
 56 42
 56 90
 57 44
 57 88
 57 46
 57 45
 57 90
 57 90
 58 89
 58 39
 56 89
 56 88
 58 43
 58 90
 55 91
 55 90
 57 43
 57 88
 58 46
 58 88
 56 43
 56 90
 55 90
 55 91
 59 42
 59 88
 58 91
 58 90
 55 90
 55 90
 56 44
 56 90
 57 45
 57 89
 56 90
 56 89
 58 42
 58 89
 56 87
 56 91
 57 91
 57 88
 56 49
 56 92
 57 90
 57 90
 59 87
 59 43
 55 47
 55 89
 55 46
 55 89
 59 44
 59 43
 56 90
 56 48
 59 45
 59 90
 57 90
 57 41
 58 90
 58 88
 56 47
 56 91
 56 89
 56 90
 58 88
 58 43
 56 89
 56 88
 55 44
 55 89
 57 41
 57 90
 58 43
 58 89
 56 43
 56 89
 58 91
 58 46
 57 90
 57 43
 57 90
 57 44
 58 90
 58 47
 56 89
 56 42
 58 43
 58 40
 56 45
 56 90
 57 89
 57 91
 57 43
 57 42
 56 89
 56 88
 56 89
 56 88
 57 42
 57 91
 57 41
 57 43
 58 42
 58 87
 57 90
 57 90
 57 39
 57 89
 57 88
 57 43
 57 89
 57 47
 57 89
 57 44
 57 45
 57 89
 57 89
 57 45
 56 47
 56 46
 57 44
 57 91
 57 89
 57 45
 56 88
 56 89
 58 90
 58 91
 56 40
 56 91
 58 44
 58 44
 57 90
 57 90
 56 89
 56 89
 57 91
 57 90
 58 44
 58 89
 56 44
 56 91
 56 48
 56 42
 57 42
 57 91
 57 44
 57 90
 56 91
 56 47
 57 44
 57 90
 56 43
 56 89
 58 90
 58 92
 56 90
 56 47
 59 47
 59 88
 58 87
 58 42
 57 90
 57 44
 58 90
 58 92
 57 44
 57 40
 57 90
 57 49
 59 91
 59 51
 56 91
 56 90
 59 46
 59 88
 57 50
 57 44
 56 90
 56 90
 58 87
 58 87
 57 89
 57 88
 59 89
 59 50
 56 42
 56 90
 56 88
 56 43
 57 43
 57 90
 58 43
 58 45
 56 89
 56 42
 57 47
 57 88
 57 90
 57 90
 58 44
 58 46
 57 47
 57 89
 57 88
 57 89
 58 90
 58 46
 57 41
 57 43
 57 90
 57 88
 58 91
 58 47
 58 42
 58 90
 55 90
 55 42
 58 45
 58 89
 58 43
 58 45
 58 47
 58 89
 55 88
 55 89
 56 88
 56 91
 56 88
 56 91
 58 46
 58 88
 58 44
 58 90
 57 90
 57 47
 57 91
 57 42
 57 87
 57 42
 58 49
 58 89
 56 46
 56 90
 56 42
 56 90
 57 46
 57 89
 56 47
 56 46
 56 91
 56 50
 57 88
 57 40
 57 44
 57 90
 55 89
 55 89
 58 44
 58 42
 58 44
 58 42
 57 45
 57 50
 56 47
 56 91
 56 41
 56 90
 60 43
 60 86
 54 44
 54 48
 58 91
 58 90
 57 90
 57 41
 57 88
 57 44
 56 90
 56 91
 58 89
 58 44
 56 43
 56 88
 58 90
 58 89
 56 46
 56 43
 57 90
 57 88
 56 43
 56 46
 57 90
 57 89
 55 90
 55 44
 57 41
 57 89
 57 90
 57 44
 57 90
 57 46
 57 44
 57 40
 57 46
 57 88
 56 50
 56 46
 57 42
 57 40
 58 42
 58 40
 56 89
 56 45
 57 91
 57 48
 56 42
 56 43
 58 43
 58 42
 58 47
 58 89
 56 90
 56 89
 57 46
 57 89
 58 88
 58 88
 58 46
 58 49
 56 45
 56 42
 57 45
 57 89
 57 91
 57 88
 57 44
 57 46
 56 89
 56 45
 59 44
 59 88
 57 47
 57 89
 57 46
 57 90
 57 42
 57 43
 56 88
 56 90
 57 41
 57 44
 56 90
 56 41
 57 86
 57 89
 57 45
 57 47
 57 91
 57 90
 56 42
 56 89
 57 44
 57 45
 57 47
 57 47
 56 42
 56 91
 56 89
 56 87
 55 89
 55 90
 57 90
 57 90
 59 91
 59 40
 57 89
 57 43
 57 89
 57 90
 58 43
 58 45
 56 41
 56 40
 57 43
 57 89
 57 90
 57 90
 56 90
 56 90
 56 89
 56 44
 58 90
 58 88
 58 90
 58 90
 57 87
 57 42
 56 45
 56 45
 59 90
 59 90
 56 89
 56 90
 56 45
 56 44
 57 45
 57 89
 57 46
 57 91
 58 44
 58 90
 57 88
 57 44
 57 44
 57 48
 56 90
 56 90
 56 89
 56 90
 56 47
 56 88
 58 44
 58 50
 56 90
 56 41
 57 44
 57 88
 58 50
 58 89
 56 45
 56 43
 56 40
 56 46
 57 90
 57 44
 58 90
 58 90
 57 89
 57 90
 57 89
 57 87
 57 88
 57 45
 58 91
 58 90
 56 44
 56 90
 57 91
 57 89
 57 90
 57 90
 56 40
 56 48
 56 90
 56 89
 57 89
 57 90
 58 90
 58 90
 59 41
 59 90
 55 89
 55 44
 58 50
 58 90
 56 90
 56 44
 57 90
 57 42
 57 39
 57 44
 58 45
 58 91
 56 89
 56 90
 56 91
 56 43
 59 90
 59 43
 57 90
 57 91
 56 39
 56 40
 57 89
 57 91
 57 90
 57 45
 57 44
 57 45
 58 90
 58 42
 55 88
 55 89
 56 40
 56 89
