 4 3
 4 3
 15 11
 15 11
 50 40
 50 40
 99 94
 99 95
 5 23
 5 19
 18 64
 18 69
 55 91
 55 92
 73 43
 73 37
 58 95
 58 93
 52 37
 52 26
 56 92
 56 64
 59 88
 59 58
 57 53
 57 91
 58 89
 58 48
 56 87
 56 36
 56 88
 56 44
 58 89
 58 87
 58 91
 58 45
 58 88
 58 50
 56 92
 56 92
 57 51
 57 89
 58 92
 58 89
 56 90
 56 35
 56 49
 56 93
 57 34
 57 89
 57 46
 57 93
 56 43
 56 89
 59 49
 59 92
 56 88
 56 89
 56 47
 56 47
 57 36
 57 50
 56 86
 56 89
 58 90
 58 89
 57 49
 57 86
 56 35
 56 34
 58 92
 58 51
 56 89
 56 55
 57 88
 57 85
 57 89
 57 88
 58 85
 58 87
 56 89
 56 34
 57 92
 57 89
 56 38
 56 89
 57 50
 57 86
 55 49
 55 36
 57 92
 57 93
 56 34
 56 52
 58 50
 58 84
 55 35
 55 38
 58 87
 58 47
 57 38
 57 44
 57 49
 57 48
 57 46
 57 90
 56 48
 56 92
 57 37
 57 35
 56 48
 56 84
 58 38
 58 58
 58 45
 58 47
 57 34
 57 88
 58 91
 58 91
 54 49
 54 90
 58 46
 58 89
 57 36
 57 88
 58 89
 58 90
 55 90
 55 49
 57 92
 57 89
 57 43
 57 36
 56 84
 56 86
 58 90
 58 52
 56 46
 56 92
 58 87
 58 88
 57 55
 57 52
 57 42
 57 90
 56 93
 56 44
 57 37
 57 87
 55 89
 55 85
 59 91
 59 47
 57 92
 57 46
 56 86
 56 87
 58 86
 58 52
 57 91
 57 47
 56 92
 56 43
 56 86
 56 87
 59 52
 59 52
 57 57
 57 42
 56 92
 56 44
 58 34
 58 87
 57 52
 57 90
 57 90
 57 53
 59 45
 59 92
 55 35
 55 34
 59 53
 59 85
 56 53
 56 90
 58 45
 58 47
 56 36
 56 35
 56 85
 56 83
 58 91
 58 48
 58 90
 58 42
 57 37
 57 87
 59 86
 59 54
 57 90
 57 42
 55 93
 55 91
 61 34
 61 86
 55 52
 55 50
 58 51
 58 90
 57 42
 57 93
 54 33
 54 38
 59 84
 59 86
 56 55
 56 90
 59 46
 59 92
 57 36
 57 40
 57 82
 57 83
 56 57
 56 53
 58 92
 58 91
 57 36
 57 36
 58 89
 58 52
 57 89
 57 47
 56 48
 56 47
 57 34
 57 33
 58 52
 58 50
 56 90
 56 50
 56 45
 56 91
 58 37
 58 36
 56 55
 56 88
 57 89
 57 90
 55 47
 55 48
 58 32
 58 34
 57 84
 57 53
 58 56
 58 53
 56 89
 56 43
 57 36
 57 40
 58 87
 58 89
 56 56
 56 90
 56 44
 56 91
 57 88
 57 33
 56 52
 56 51
 57 90
 57 43
 57 88
 57 41
 57 35
 57 85
 56 88
 56 54
 57 55
 57 56
 58 90
 58 92
 56 33
 56 88
 56 84
 56 86
 55 56
 55 52
 59 90
 59 92
 57 88
 57 36
 57 53
 57 92
 56 90
 56 47
 58 44
 58 94
 56 38
 56 87
 57 86
 57 83
 56 90
 56 56
 56 45
 56 91
 58 37
 58 40
 58 89
 58 92
 58 42
 58 47
 58 93
 58 49
 57 33
 57 34
 57 53
 57 84
 58 57
 58 57
 56 92
 56 45
 58 88
 58 87
 57 53
 57 55
 57 53
 57 89
 57 93
 57 90
 58 33
 58 38
 57 49
 57 86
 57 90
 57 43
 57 91
 57 91
 58 85
 58 86
 55 90
 55 89
 57 46
 57 91
 58 93
 58 48
 55 88
 55 87
 59 85
 59 52
 56 91
 56 55
 56 44
 56 92
 58 36
 58 35
 57 86
 57 86
 56 52
 56 47
 56 90
 56 93
 57 46
 57 33
 58 87
 58 48
 57 90
 57 54
 57 41
 57 40
 55 41
 55 86
 58 54
 58 88
 58 46
 58 48
 58 93
 58 50
 56 87
 56 34
 58 52
 58 87
 58 91
 58 90
 56 44
 56 45
 57 35
 57 86
 55 85
 55 84
 60 44
 60 50
 56 47
 56 44
 56 40
 56 33
 57 84
 57 51
 58 90
 58 55
 57 93
 57 43
 57 38
 57 36
 57 86
 57 88
 58 52
 58 43
 56 92
 56 93
 57 86
 57 87
 56 49
 56 52
 56 90
 56 91
 56 92
 56 92
 58 38
 58 87
 57 50
 57 89
 56 53
 56 48
 58 49
 58 92
 58 32
 58 88
 56 86
 56 51
 58 56
 58 92
 58 92
 58 41
 57 87
 57 39
 56 90
 56 55
 57 49
 57 89
 57 92
 57 92
 57 35
 57 36
 58 85
 58 51
 58 91
 58 57
 57 91
 57 92
 55 39
 55 87
 56 88
 56 54
 56 51
 56 49
 59 91
 59 44
 56 47
 56 35
 55 84
 55 51
 59 54
 59 52
 56 92
 56 90
 56 34
 56 37
 58 87
 58 85
 57 38
 57 90
 58 92
 58 92
 56 87
 56 36
 57 86
 57 52
 58 50
 58 52
 56 91
 56 90
 55 35
 55 37
 58 53
 58 86
 57 47
 57 51
 56 92
 56 93
 56 88
 56 36
 58 83
 58 51
 57 91
 57 91
 57 92
 57 92
 56 87
 56 35
 58 87
 58 89
 58 51
 58 46
 57 91
 57 44
 57 33
 57 38
 58 50
 58 84
 57 50
 57 61
 56 41
 56 44
 57 35
 57 87
 58 84
 58 52
 56 52
 56 89
 57 92
 57 92
 59 34
 59 88
 58 51
 58 52
 58 57
 58 91
 56 44
 56 92
 56 39
 56 86
 56 91
 56 90
 57 91
 57 49
 56 92
 56 93
 57 87
 57 88
 56 49
 56 86
 58 91
 58 57
 56 41
 56 92
 57 40
 57 44
 59 88
 59 85
 56 89
 56 90
 57 46
 57 45
 57 87
 57 38
 57 88
 57 85
 56 90
 56 92
 56 93
 56 45
 58 42
 58 41
 57 85
 57 87
 57 89
 57 52
 57 45
 57 91
 57 36
 57 35
 57 83
 57 49
 57 92
 57 45
 56 45
 56 91
 57 40
 57 88
 57 88
 57 55
 58 47
 58 88
 55 92
 55 45
 59 87
 59 88
 59 84
 59 90
 55 91
 55 49
 58 93
 58 92
 55 41
 55 39
 58 86
 58 90
 56 39
 56 89
 58 47
 58 91
 56 35
 56 87
 57 84
 57 85
 58 42
 58 91
 58 92
 58 92
 57 43
 57 34
 56 53
 56 91
 58 48
 58 47
 56 92
 56 45
 57 36
 57 34
 57 84
 57 87
 56 54
 56 56
 56 91
 56 89
 58 38
 58 38
 56 53
 56 85
 58 89
 58 56
 56 92
 56 91
 56 35
 56 88
 56 86
 56 49
 58 53
 58 56
 57 91
 57 43
 57 37
 57 87
 56 90
 56 85
 57 51
 57 48
 56 92
 56 92
 57 87
 57 87
 57 52
 57 49
 55 59
 55 59
 57 43
 57 44
 57 87
 57 38
 58 91
 58 87
 57 89
 57 91
 57 48
 57 93
 56 50
 56 35
 57 87
 57 83
 57 55
 57 91
 58 92
 58 43
 57 86
 57 87
 57 89
 57 55
 56 42
 56 52
 57 49
 57 93
 56 87
 56 37
 57 49
 57 85
 58 50
 58 90
 58 93
 58 42
 58 85
 58 87
 55 51
 55 87
 57 47
 57 48
 58 45
 58 92
 58 33
 58 87
 56 86
 56 85
 58 91
 58 51
 57 44
 57 42
 58 35
 58 33
 57 56
 57 51
 57 49
 57 89
 58 92
 58 49
 56 35
 56 33
 58 82
 58 50
 57 56
 57 51
 57 92
 57 90
 59 39
 59 87
 56 90
 56 54
 58 89
 58 46
 56 91
 56 92
 57 35
 57 34
 59 52
 59 84
 55 91
 55 90
 56 41
 56 91
 58 85
 58 37
 57 86
 57 53
 58 49
 58 90
 57 92
 57 44
 56 35
 56 89
 58 88
 58 84
 59 91
 59 90
 55 90
 55 92
 56 87
 56 88
 58 88
 58 87
 57 43
 57 90
 56 45
 56 45
 56 33
 56 37
 57 86
 57 86
 57 48
 57 49
 58 41
 58 88
 58 35
 58 39
 58 87
 58 89
 57 43
 57 49
 57 47
 57 92
 58 88
 58 86
 57 51
 57 86
 57 60
 57 56
 56 44
 56 43
 58 86
 58 87
 57 90
 57 89
 57 47
 57 45
 57 93
 57 45
 56 39
 56 39
 57 48
 57 50
 58 52
 58 46
 57 45
 57 91
 57 38
 57 39
 57 55
 57 53
 55 39
 55 90
 58 92
 58 93
 57 87
 57 34
 56 84
 56 89
 57 90
 57 54
 58 93
 58 89
 57 40
 57 35
 56 54
 56 54
 55 90
 55 51
 58 92
 58 93
 57 35
 57 87
 57 52
 57 86
 57 47
 57 54
 56 91
 56 89
 57 87
 57 40
 58 86
 58 87
 56 88
 56 50
 57 47
 57 92
 57 35
 57 33
 57 50
 57 51
 57 54
 57 57
 56 92
 56 42
 59 40
 59 40
 56 85
 56 90
 57 48
 57 56
 58 89
 58 44
 57 87
 57 88
 57 52
 57 83
 56 49
 56 52
 57 92
 57 92
 55 87
 55 87
 57 89
 57 89
 58 52
 58 51
 57 92
 57 93
 59 87
 59 88
 56 50
 56 87
 57 45
 57 49
 57 92
 57 93
 56 87
 56 39
 57 87
 57 52
 56 90
 56 47
 57 92
 57 45
 57 88
 57 87
 58 82
 58 53
 56 53
 56 46
 57 93
 57 41
 57 39
 57 35
 58 90
 58 88
 55 88
 55 52
 56 93
 56 91
 57 88
 57 88
 57 85
 57 50
 58 52
 58 50
 57 92
 57 92
 56 36
 56 86
 57 53
 57 86
 56 48
 56 53
 56 91
 56 93
 57 36
 57 38
 57 85
 57 51
 58 91
 58 91
 58 92
 58 93
 56 87
 56 35
 58 54
 58 51
 58 46
 58 47
 56 45
 56 49
 56 88
 56 87
 56 85
 56 85
 58 56
 58 56
 58 40
 58 93
 58 35
 58 36
 58 85
 58 88
 56 90
 56 46
 57 48
 57 92
 59 33
 59 33
 55 49
 55 50
 57 54
 57 58
 56 92
 56 45
 58 87
 58 34
 56 52
 56 89
 57 91
 57 50
 56 90
 56 92
 56 35
 56 87
 59 86
 59 86
 58 91
 58 92
 58 91
 58 92
 56 37
 56 87
 57 87
 57 89
 55 46
 55 90
 59 93
 59 90
 55 34
 55 36
 57 51
 57 53
 56 48
 56 52
 57 92
 57 44
 57 87
 57 86
 57 53
 57 87
 56 46
 56 90
 58 92
 58 44
 57 34
 57 35
 58 84
 58 86
 57 49
 57 59
 55 91
 55 91
 57 39
 57 87
 58 51
 58 89
 57 89
 57 45
 57 92
 57 92
 58 35
 58 88
 56 86
 56 85
 56 50
 56 42
 57 93
 57 92
 57 35
 57 35
 55 56
 55 86
 58 47
 58 89
 57 49
 57 92
 56 87
 56 34
 57 51
 57 54
 57 92
 57 59
 58 89
 58 92
 57 35
 57 86
 55 89
 55 52
 58 90
 58 47
 56 43
 56 93
 56 89
 56 88
 57 88
 57 84
 58 55
 58 50
 59 91
 59 44
 58 38
 58 36
 56 55
 56 89
 58 48
 58 52
 57 46
 57 88
 57 36
 57 36
 56 82
 56 49
 58 54
 58 90
 56 91
 56 41
 55 34
 55 87
 58 86
 58 55
 56 43
 56 52
 55 92
 55 92
 57 35
 57 36
 56 82
 56 53
 55 92
 55 53
 57 90
 57 92
 57 34
 57 41
 56 91
 56 86
 58 89
 58 91
 59 91
 59 49
 57 34
 57 36
 58 86
 58 52
 56 90
 56 91
 59 44
 59 45
 56 88
 56 38
 58 86
 58 52
 58 89
 58 37
 57 93
 57 47
 58 88
 58 38
 56 83
 56 84
 58 90
 58 57
 56 43
 56 92
 58 40
 58 86
 57 49
 57 87
 57 50
 57 90
 56 91
 56 46
 57 86
 57 45
 57 84
 57 52
 55 46
 55 47
 58 91
 58 91
 57 36
 57 34
 58 91
 58 86
 58 52
 58 90
 55 91
 55 94
 58 87
 58 36
 55 85
 55 85
 58 54
 58 92
 58 45
 58 44
 58 86
 58 36
 56 87
 56 56
 58 91
 58 89
 57 93
 57 46
 56 36
 56 36
 58 52
 58 86
 58 91
 58 91
 56 41
 56 92
 58 38
 58 86
 58 57
 58 88
 55 90
 55 89
 58 88
 58 93
 58 39
 58 34
 58 51
 58 83
 56 90
 56 56
 57 93
 57 91
 58 86
 58 86
 57 52
 57 88
 58 89
 58 58
 56 45
 56 48
 57 35
 57 34
 57 87
 57 85
 57 91
 57 56
 58 90
 58 93
 55 37
 55 86
 59 85
 59 86
 57 44
 57 89
 57 91
 57 43
 58 36
 58 36
 56 88
 56 84
 56 91
 56 91
 57 92
 57 92
 56 42
 56 41
 58 87
 58 89
 57 90
 57 36
 57 93
 57 46
 58 41
 58 39
 56 91
 56 50
 58 48
 58 50
 58 42
 58 43
 57 41
 57 87
 55 90
 55 51
 58 52
 58 89
 56 92
 56 93
 57 88
 57 36
 57 49
 57 88
 56 51
 56 52
 58 91
 58 43
 57 37
 57 85
 58 88
 58 50
 56 53
 56 89
 57 48
 57 49
 57 87
 57 87
 56 88
 56 84
 57 44
 57 91
 58 92
 58 91
 55 37
 55 87
 58 88
 58 53
 57 51
 57 40
 57 92
 57 90
 59 87
 59 87
 57 50
 57 52
 56 56
 56 51
 58 91
 58 43
 55 87
 55 38
 57 86
 57 52
 57 48
 57 55
 57 92
 57 92
 56 36
 56 87
 56 53
 56 52
 56 58
 56 56
 57 92
 57 91
 57 39
 57 87
 56 53
 56 56
 57 44
 57 52
 57 93
 57 47
 57 37
 57 88
 55 52
 55 52
 57 57
 57 40
 56 93
 56 92
 57 41
 57 39
 58 88
 58 50
 57 89
 57 55
 57 87
 57 43
 57 87
 57 33
 58 92
 58 84
 56 53
 56 48
 56 90
 56 44
 57 35
 57 38
 58 84
 58 53
 56 90
 56 51
 56 47
 56 93
 57 32
 57 87
 57 52
 57 87
 57 90
 57 91
 57 91
 57 91
 56 35
 56 38
 56 87
 56 86
 57 90
 57 89
 57 92
 57 48
 57 36
 57 87
 55 84
 55 50
 57 56
 57 91
 59 44
 59 92
 58 85
 58 37
 57 53
 57 89
 55 91
 55 89
 58 92
 58 92
 55 88
 55 89
 56 48
 56 50
 58 91
 58 43
 58 45
 58 44
 55 86
 55 37
 56 90
 56 52
 57 49
 57 48
 57 91
 57 45
 57 35
 57 36
 57 49
 57 87
 56 58
 56 55
 59 42
 59 92
 57 88
 57 86
 57 84
 57 51
 57 56
 57 48
 56 94
 56 44
 57 37
 57 87
 56 83
 56 86
 58 49
 58 91
 58 91
 58 90
 57 87
 57 37
 57 88
 57 50
 57 51
 57 90
 55 91
 55 92
 58 36
 58 37
 57 52
 57 84
 57 60
 57 60
 58 44
 58 91
 56 34
 56 42
 56 90
 56 51
 56 46
 56 90
 57 44
 57 91
 57 87
 57 88
 58 85
 58 85
 55 90
 55 52
 58 93
 58 91
 59 40
 59 41
 56 88
 56 86
 58 91
 58 89
 58 94
 58 91
 55 32
 55 36
 56 51
 56 52
 59 58
 59 90
 58 92
 58 44
 56 87
 56 86
 57 54
 57 86
 58 47
 58 45
 56 93
 56 46
 58 44
 58 36
 58 85
 58 88
 57 58
 57 90
 57 91
 57 92
 58 41
 58 86
 58 86
 58 88
 55 49
 55 42
 59 93
 59 92
 56 86
 56 86
 57 88
 57 85
 56 91
 56 47
 55 92
 55 91
 58 36
 58 38
 57 53
 57 92
 56 90
 56 44
 60 93
 60 91
 56 87
 56 42
 56 52
 56 51
 57 47
 57 91
 57 90
 57 92
 57 40
 57 87
 58 89
 58 89
 56 90
 56 91
 58 45
 58 88
 55 87
 55 86
 57 85
 57 86
 58 90
 58 49
 56 92
 56 93
 55 34
 55 87
 59 88
 59 52
 58 52
 58 46
 55 93
 55 93
 56 40
 56 88
 57 51
 57 84
 56 91
 56 53
 58 91
 58 43
 56 87
 56 34
 57 87
 57 86
 56 50
 56 49
 57 45
 57 92
 59 36
 59 34
 55 82
 55 50
 55 91
 55 92
 59 41
 59 44
 56 86
 56 87
 59 87
 59 89
 57 53
 57 90
 58 92
 58 46
 56 37
 56 88
 56 85
 56 85
 58 53
 58 53
 56 92
 56 93
 55 88
 55 86
 57 88
 57 51
 58 43
 58 89
 56 92
 56 92
 58 87
 58 37
 57 85
 57 89
 57 57
 57 90
 58 93
 58 44
 56 37
 56 87
 58 89
 58 90
 56 46
 56 50
 57 92
 57 92
 57 87
 57 87
 56 86
 56 51
 56 91
 56 92
 57 42
 57 43
 57 35
 57 36
 58 56
 58 53
 57 47
 57 49
 57 46
 57 93
 57 87
 57 32
 57 52
 57 50
 57 55
 57 55
 57 92
 57 92
 57 37
 57 86
 56 89
 56 53
 57 89
 57 90
 57 89
 57 45
 56 35
 56 87
 58 91
 58 51
 56 53
 56 57
 58 93
 58 91
 57 34
 57 38
 56 53
 56 91
 57 52
 57 45
 58 93
 58 93
 56 89
 56 33
 56 49
 56 51
 57 91
 57 47
 57 92
 57 91
 56 36
 56 40
 57 90
 57 89
 56 44
 56 47
 58 44
 58 48
 56 41
 56 34
 59 49
 59 51
 58 54
 58 90
 57 90
 57 43
 58 88
 58 87
 57 90
 57 87
 57 51
 57 91
 59 47
 59 45
 56 34
 56 38
 59 91
 59 84
 57 91
 57 52
 56 92
 56 92
 58 35
 58 38
 57 88
 57 52
 59 90
 59 51
 56 92
 56 93
 56 34
 56 34
 57 52
 57 84
 58 90
 58 53
 56 43
 56 92
 57 87
 57 35
 57 53
 57 89
 58 89
 58 41
 57 92
 57 93
 57 32
 57 34
 58 50
 58 88
 57 42
 57 42
 57 92
 57 91
 58 85
 58 35
 58 55
 58 85
 55 50
 55 90
 58 44
 58 49
 58 33
 58 36
 58 51
 58 85
 55 48
 55 50
 56 40
 56 91
 56 87
 56 36
 58 85
 58 90
 58 90
 58 47
 57 92
 57 93
 57 87
 57 34
 57 86
 57 51
 58 91
 58 90
 56 43
 56 91
 56 35
 56 40
 57 88
 57 56
 56 46
 56 89
 56 45
 56 47
 57 88
 57 88
 57 51
 57 87
 55 55
 55 54
 58 93
 58 91
 58 87
 58 42
 57 85
 57 54
 56 87
 56 90
 56 92
 56 46
 60 87
 60 34
 54 51
 54 85
 58 61
 58 90
 57 42
 57 46
 57 35
 57 39
 56 86
 56 86
 58 53
 58 54
 56 44
 56 45
 58 87
 58 87
 56 83
 56 86
 57 53
 57 46
 56 91
 56 92
 57 36
 57 87
 55 87
 55 54
 57 50
 57 47
 57 91
 57 93
 57 87
 57 86
 57 89
 57 87
 57 42
 57 91
 56 43
 56 92
 57 38
 57 37
 58 56
 58 53
 56 44
 56 39
 57 48
 57 46
 56 34
 56 34
 58 85
 58 52
 58 50
 58 51
 56 89
 56 45
 57 37
 57 87
 58 85
 58 53
 58 49
 58 55
 56 92
 56 45
 57 35
 57 36
 57 87
 57 82
 57 54
 57 92
 56 93
 56 91
 59 85
 59 34
 57 54
 57 88
 57 90
 57 89
 57 47
 57 93
 56 33
 56 33
 57 83
 57 90
 56 48
 56 58
 57 92
 57 92
 57 36
 57 87
 57 89
 57 91
 56 89
 56 39
 57 45
 57 93
 57 88
 57 36
 56 86
 56 84
 56 58
 56 91
 55 42
 55 42
 57 36
 57 37
 59 86
 59 52
 57 48
 57 89
 57 91
 57 44
 58 34
 58 87
 56 83
 56 85
 57 54
 57 59
 57 93
 57 41
 56 87
 56 37
 56 52
 56 86
 58 53
 58 91
 58 93
 58 92
 57 88
 57 32
 56 84
 56 86
 59 49
 59 90
 56 90
 56 89
 56 38
 56 87
 57 91
 57 55
 57 50
 57 50
 58 89
 58 93
 57 36
 57 86
 57 85
 57 88
 56 90
 56 91
 56 91
 56 92
 56 87
 56 38
 58 87
 58 89
 56 38
 56 88
 57 92
 57 46
 58 87
 58 32
 56 53
 56 88
 56 57
 56 91
 57 42
 57 41
 58 86
 58 37
 57 89
 57 88
 57 46
 57 90
 57 49
 57 88
 58 86
 58 88
 56 86
 56 49
 57 58
 57 90
 57 90
 57 42
 56 86
 56 87
 56 84
 56 87
 57 49
 57 89
 58 91
 58 93
 59 36
 59 41
 55 48
 55 49
 58 58
 58 90
 56 45
 56 42
 57 37
 57 88
 57 84
 57 88
 58 38
 58 48
 56 46
 56 45
 56 89
 56 88
 59 86
 59 84
 57 91
 57 91
 56 90
 56 42
 57 86
 57 87
 57 85
 57 90
 57 56
 57 41
 58 44
 58 93
 55 35
 55 32
 56 85
 56 88
