 4 3
 4 3
 15 11
 15 11
 50 40
 50 39
 99 94
 99 94
 5 23
 5 22
 18 66
 18 66
 55 92
 55 85
 73 28
 73 35
 58 85
 58 96
 52 28
 52 42
 56 85
 56 74
 59 73
 59 81
 57 44
 57 48
 58 53
 58 45
 56 70
 56 52
 56 91
 56 87
 58 42
 58 39
 58 44
 58 91
 58 43
 58 39
 56 47
 56 46
 57 87
 57 44
 58 47
 58 46
 56 88
 56 37
 56 89
 56 88
 57 37
 57 48
 57 91
 57 91
 56 38
 56 42
 59 90
 59 92
 56 89
 56 89
 56 47
 56 44
 57 45
 57 39
 56 49
 56 86
 58 90
 58 46
 57 92
 57 46
 56 36
 56 46
 58 86
 58 91
 56 90
 56 90
 57 46
 57 91
 57 89
 57 89
 58 88
 58 47
 56 47
 56 89
 57 91
 57 46
 56 45
 56 88
 57 89
 57 49
 55 45
 55 37
 57 92
 57 44
 56 46
 56 89
 58 91
 58 88
 55 46
 55 36
 58 90
 58 89
 57 88
 57 36
 57 87
 57 92
 57 37
 57 42
 56 91
 56 90
 57 37
 57 87
 56 90
 56 50
 58 89
 58 39
 58 46
 58 91
 57 42
 57 49
 58 92
 58 88
 54 37
 54 45
 58 91
 58 93
 57 38
 57 40
 58 92
 58 88
 55 90
 55 46
 57 45
 57 46
 57 89
 57 38
 56 88
 56 86
 58 50
 58 90
 56 44
 56 92
 58 87
 58 88
 57 48
 57 86
 57 48
 57 90
 56 44
 56 92
 57 39
 57 88
 55 92
 55 87
 59 91
 59 90
 57 92
 57 43
 56 88
 56 87
 58 88
 58 50
 57 50
 57 51
 56 91
 56 45
 56 45
 56 40
 59 86
 59 92
 57 55
 57 90
 56 91
 56 92
 58 39
 58 38
 57 52
 57 53
 57 48
 57 55
 59 46
 59 44
 55 37
 55 87
 59 86
 59 89
 56 52
 56 54
 58 90
 58 42
 56 38
 56 85
 56 54
 56 85
 58 90
 58 91
 58 91
 58 92
 57 86
 57 37
 59 85
 59 86
 57 50
 57 91
 55 91
 55 44
 61 87
 61 86
 55 50
 55 51
 58 49
 58 90
 57 91
 57 45
 54 36
 54 88
 59 87
 59 88
 56 48
 56 91
 59 92
 59 91
 57 35
 57 87
 57 87
 57 50
 56 90
 56 90
 58 92
 58 42
 57 39
 57 37
 58 53
 58 88
 57 52
 57 47
 56 92
 56 93
 57 38
 57 38
 58 88
 58 87
 56 91
 56 43
 56 92
 56 91
 58 87
 58 35
 56 89
 56 51
 57 91
 57 53
 55 41
 55 91
 58 87
 58 88
 57 87
 57 86
 58 51
 58 49
 56 91
 56 92
 57 85
 57 87
 58 87
 58 89
 56 48
 56 53
 56 92
 56 45
 57 36
 57 86
 56 86
 56 88
 57 55
 57 48
 57 91
 57 91
 57 39
 57 34
 56 88
 56 86
 57 53
 57 90
 58 93
 58 93
 56 88
 56 87
 56 87
 56 86
 55 52
 55 48
 59 91
 59 91
 57 88
 57 37
 57 86
 57 88
 56 54
 56 48
 58 45
 58 92
 56 87
 56 39
 57 89
 57 50
 56 45
 56 91
 56 44
 56 44
 58 88
 58 89
 58 51
 58 88
 58 52
 58 52
 58 42
 58 92
 57 86
 57 37
 57 53
 57 89
 58 57
 58 90
 56 93
 56 92
 58 38
 58 87
 57 86
 57 88
 57 90
 57 91
 57 92
 57 45
 58 87
 58 39
 57 86
 57 88
 57 91
 57 90
 57 92
 57 92
 58 87
 58 37
 55 87
 55 87
 57 90
 57 50
 58 92
 58 40
 55 40
 55 89
 59 50
 59 88
 56 54
 56 49
 56 92
 56 42
 58 38
 58 38
 57 86
 57 87
 56 90
 56 90
 56 93
 56 92
 57 86
 57 88
 58 50
 58 87
 57 90
 57 91
 57 92
 57 42
 55 87
 55 87
 58 51
 58 52
 58 54
 58 48
 58 91
 58 42
 56 39
 56 88
 58 51
 58 87
 58 50
 58 56
 56 43
 56 45
 57 38
 57 38
 55 52
 55 53
 60 51
 60 51
 56 91
 56 92
 56 86
 56 87
 57 51
 57 50
 58 51
 58 49
 57 92
 57 43
 57 38
 57 38
 57 57
 57 55
 58 91
 58 91
 56 44
 56 43
 57 35
 57 37
 56 54
 56 52
 56 90
 56 91
 56 45
 56 92
 58 87
 58 88
 57 55
 57 53
 56 47
 56 51
 58 91
 58 42
 58 36
 58 39
 56 88
 56 85
 58 48
 58 90
 58 44
 58 43
 57 38
 57 87
 56 51
 56 84
 57 51
 57 46
 57 43
 57 92
 57 87
 57 40
 58 51
 58 87
 58 50
 58 91
 57 92
 57 91
 55 88
 55 86
 56 87
 56 87
 56 46
 56 91
 59 92
 59 45
 56 38
 56 87
 55 51
 55 88
 59 90
 59 52
 56 92
 56 43
 56 38
 56 35
 58 52
 58 85
 57 50
 57 48
 58 91
 58 45
 56 40
 56 35
 57 51
 57 85
 58 92
 58 49
 56 91
 56 92
 55 35
 55 37
 58 54
 58 51
 57 92
 57 91
 56 91
 56 45
 56 38
 56 87
 58 89
 58 87
 57 45
 57 48
 57 43
 57 45
 56 88
 56 87
 58 89
 58 86
 58 54
 58 91
 57 45
 57 93
 57 37
 57 87
 58 87
 58 86
 57 92
 57 50
 56 92
 56 93
 57 88
 57 85
 58 54
 58 88
 56 91
 56 90
 57 91
 57 45
 59 36
 59 37
 58 87
 58 86
 58 92
 58 51
 56 43
 56 44
 56 39
 56 88
 56 89
 56 53
 57 49
 57 47
 56 92
 56 92
 57 38
 57 87
 56 48
 56 87
 58 52
 58 91
 56 91
 56 91
 57 87
 57 37
 59 87
 59 89
 56 46
 56 48
 57 90
 57 93
 57 87
 57 87
 57 50
 57 85
 56 90
 56 46
 56 44
 56 44
 58 38
 58 86
 57 87
 57 85
 57 52
 57 46
 57 93
 57 92
 57 36
 57 37
 57 87
 57 53
 57 90
 57 90
 56 92
 56 45
 57 87
 57 38
 57 51
 57 87
 58 91
 58 46
 55 92
 55 42
 59 38
 59 88
 59 87
 59 49
 55 91
 55 90
 58 43
 58 43
 55 38
 55 86
 58 86
 58 52
 56 47
 56 47
 58 43
 58 90
 56 35
 56 35
 57 51
 57 53
 58 47
 58 54
 58 93
 58 91
 57 38
 57 37
 56 87
 56 87
 58 48
 58 91
 56 44
 56 92
 57 39
 57 87
 57 89
 57 52
 56 91
 56 53
 56 92
 56 90
 58 37
 58 36
 56 86
 56 52
 58 47
 58 48
 56 91
 56 45
 56 39
 56 38
 56 87
 56 88
 58 53
 58 49
 57 44
 57 43
 57 87
 57 36
 56 87
 56 86
 57 92
 57 91
 56 92
 56 43
 57 35
 57 39
 57 52
 57 86
 55 52
 55 91
 57 92
 57 92
 57 85
 57 36
 58 53
 58 88
 57 90
 57 50
 57 91
 57 44
 56 86
 56 36
 57 89
 57 88
 57 91
 57 90
 58 92
 58 92
 57 88
 57 35
 57 86
 57 54
 56 49
 56 51
 57 92
 57 91
 56 86
 56 38
 57 52
 57 87
 58 52
 58 90
 58 92
 58 91
 58 88
 58 86
 55 88
 55 88
 57 46
 57 52
 58 91
 58 43
 58 35
 58 36
 56 52
 56 86
 58 90
 58 51
 57 91
 57 91
 58 86
 58 86
 57 86
 57 51
 57 90
 57 47
 58 92
 58 91
 56 35
 56 88
 58 85
 58 49
 57 53
 57 52
 57 91
 57 44
 59 35
 59 35
 56 90
 56 87
 58 91
 58 51
 56 42
 56 92
 57 38
 57 85
 59 88
 59 53
 55 91
 55 51
 56 92
 56 92
 58 34
 58 36
 57 53
 57 55
 58 91
 58 51
 57 91
 57 43
 56 37
 56 87
 58 89
 58 50
 59 52
 59 53
 55 43
 55 45
 56 37
 56 39
 58 89
 58 55
 57 45
 57 52
 56 41
 56 92
 56 38
 56 38
 57 53
 57 49
 57 91
 57 48
 58 91
 58 92
 58 37
 58 37
 58 85
 58 48
 57 47
 57 91
 57 44
 57 91
 58 88
 58 87
 57 84
 57 87
 57 47
 57 91
 56 41
 56 91
 58 35
 58 87
 57 87
 57 88
 57 91
 57 51
 57 44
 57 92
 56 38
 56 87
 57 50
 57 87
 58 50
 58 46
 57 91
 57 41
 57 87
 57 35
 57 84
 57 87
 55 52
 55 53
 58 93
 58 42
 57 86
 57 87
 56 85
 56 87
 57 90
 57 46
 58 91
 58 92
 57 88
 57 40
 56 87
 56 88
 55 47
 55 49
 58 91
 58 93
 57 38
 57 37
 57 88
 57 87
 57 90
 57 49
 56 42
 56 92
 57 37
 57 35
 58 49
 58 88
 56 50
 56 90
 57 44
 57 92
 57 86
 57 88
 57 87
 57 49
 57 91
 57 50
 56 93
 56 92
 59 37
 59 34
 56 86
 56 51
 57 90
 57 91
 58 42
 58 91
 57 87
 57 35
 57 88
 57 87
 56 49
 56 91
 57 43
 57 91
 55 87
 55 39
 57 85
 57 89
 58 90
 58 90
 57 92
 57 92
 59 87
 59 37
 56 86
 56 87
 57 90
 57 52
 57 92
 57 42
 56 86
 56 86
 57 90
 57 85
 56 53
 56 52
 57 44
 57 93
 57 86
 57 87
 58 87
 58 89
 56 91
 56 89
 57 92
 57 92
 57 38
 57 87
 58 85
 58 88
 55 90
 55 90
 56 91
 56 91
 57 87
 57 86
 57 86
 57 49
 58 91
 58 46
 57 93
 57 43
 56 38
 56 35
 57 89
 57 53
 56 91
 56 50
 56 43
 56 93
 57 35
 57 35
 57 86
 57 86
 58 56
 58 92
 58 92
 58 92
 56 36
 56 38
 58 87
 58 49
 58 91
 58 92
 56 42
 56 92
 56 86
 56 39
 56 53
 56 49
 58 91
 58 90
 58 92
 58 44
 58 36
 58 85
 58 87
 58 88
 56 52
 56 46
 57 43
 57 92
 59 87
 59 86
 55 85
 55 88
 57 91
 57 53
 56 92
 56 91
 58 86
 58 87
 56 51
 56 53
 57 91
 57 53
 56 93
 56 92
 56 35
 56 87
 59 87
 59 87
 58 57
 58 90
 58 43
 58 92
 56 37
 56 37
 57 87
 57 51
 55 48
 55 49
 59 43
 59 92
 55 34
 55 38
 57 87
 57 52
 56 90
 56 51
 57 45
 57 92
 57 39
 57 39
 57 51
 57 84
 56 91
 56 52
 58 91
 58 93
 57 86
 57 88
 58 52
 58 87
 57 54
 57 48
 55 41
 55 92
 57 38
 57 37
 58 51
 58 89
 57 91
 57 50
 57 41
 57 43
 58 36
 58 35
 56 55
 56 52
 56 91
 56 48
 57 91
 57 92
 57 40
 57 37
 55 51
 55 87
 58 91
 58 90
 57 91
 57 45
 56 87
 56 35
 57 52
 57 88
 57 90
 57 90
 58 92
 58 92
 57 35
 57 35
 55 85
 55 87
 58 90
 58 49
 56 91
 56 43
 56 38
 56 36
 57 48
 57 88
 58 51
 58 48
 59 91
 59 44
 58 38
 58 38
 56 85
 56 86
 58 91
 58 47
 57 42
 57 91
 57 37
 57 87
 56 86
 56 85
 58 45
 58 48
 56 45
 56 43
 55 86
 55 40
 58 53
 58 54
 56 90
 56 55
 55 91
 55 92
 57 87
 57 86
 56 85
 56 90
 55 49
 55 48
 57 45
 57 45
 57 86
 57 38
 56 86
 56 89
 58 90
 58 90
 59 45
 59 44
 57 86
 57 35
 58 51
 58 86
 56 55
 56 52
 59 45
 59 92
 56 39
 56 39
 58 54
 58 51
 58 50
 58 91
 57 92
 57 44
 58 39
 58 86
 56 87
 56 86
 58 54
 58 49
 56 41
 56 43
 58 34
 58 38
 57 54
 57 86
 57 48
 57 91
 56 44
 56 91
 57 40
 57 37
 57 87
 57 87
 55 50
 55 51
 58 92
 58 92
 57 39
 57 36
 58 86
 58 54
 58 44
 58 91
 55 92
 55 92
 58 38
 58 86
 55 87
 55 88
 58 44
 58 53
 58 91
 58 42
 58 87
 58 35
 56 52
 56 89
 58 90
 58 90
 57 91
 57 43
 56 38
 56 38
 58 87
 58 55
 58 50
 58 50
 56 42
 56 92
 58 35
 58 35
 58 49
 58 86
 55 54
 55 50
 58 45
 58 42
 58 37
 58 37
 58 85
 58 89
 56 46
 56 48
 57 42
 57 93
 58 38
 58 37
 57 53
 57 88
 58 90
 58 48
 56 93
 56 43
 57 35
 57 37
 57 50
 57 88
 57 46
 57 92
 58 42
 58 43
 55 40
 55 87
 59 50
 59 87
 57 48
 57 48
 57 91
 57 91
 58 88
 58 87
 56 86
 56 51
 56 52
 56 52
 57 41
 57 91
 56 35
 56 37
 58 51
 58 50
 57 52
 57 53
 57 46
 57 91
 58 88
 58 39
 56 88
 56 53
 58 89
 58 91
 58 42
 58 92
 57 87
 57 36
 55 87
 55 52
 58 51
 58 51
 56 91
 56 91
 57 36
 57 86
 57 89
 57 87
 56 50
 56 52
 58 91
 58 44
 57 88
 57 86
 58 89
 58 48
 56 51
 56 48
 57 91
 57 91
 57 36
 57 39
 56 86
 56 52
 57 55
 57 91
 58 44
 58 92
 55 39
 55 88
 58 50
 58 88
 57 91
 57 49
 57 45
 57 42
 59 35
 59 38
 57 87
 57 86
 56 55
 56 51
 58 92
 58 43
 55 37
 55 87
 57 85
 57 53
 57 91
 57 50
 57 92
 57 93
 56 35
 56 88
 56 52
 56 52
 56 55
 56 90
 57 43
 57 43
 57 88
 57 88
 56 55
 56 86
 57 51
 57 91
 57 93
 57 42
 57 87
 57 86
 55 88
 55 88
 57 91
 57 48
 56 43
 56 91
 57 88
 57 36
 58 86
 58 87
 57 49
 57 53
 57 92
 57 92
 57 36
 57 38
 58 86
 58 53
 56 91
 56 48
 56 41
 56 92
 57 87
 57 87
 58 49
 58 85
 56 91
 56 46
 56 41
 56 92
 57 35
 57 87
 57 86
 57 85
 57 49
 57 50
 57 43
 57 92
 56 38
 56 38
 56 88
 56 54
 57 91
 57 92
 57 92
 57 43
 57 36
 57 35
 55 54
 55 50
 57 49
 57 91
 59 91
 59 91
 58 37
 58 39
 57 88
 57 53
 55 52
 55 50
 58 43
 58 43
 55 38
 55 88
 56 87
 56 49
 58 90
 58 90
 58 41
 58 92
 55 36
 55 38
 56 89
 56 88
 57 49
 57 46
 57 45
 57 46
 57 38
 57 35
 57 51
 57 48
 56 50
 56 90
 59 92
 59 91
 57 87
 57 38
 57 87
 57 49
 57 51
 57 91
 56 44
 56 42
 57 36
 57 88
 56 86
 56 87
 58 49
 58 51
 58 92
 58 43
 57 37
 57 35
 57 51
 57 88
 57 91
 57 90
 55 44
 55 43
 58 38
 58 40
 57 52
 57 53
 57 90
 57 56
 58 91
 58 92
 56 88
 56 36
 56 89
 56 89
 56 90
 56 48
 57 44
 57 41
 57 89
 57 87
 58 87
 58 52
 55 47
 55 55
 58 92
 58 43
 59 35
 59 35
 56 51
 56 48
 58 91
 58 54
 58 92
 58 42
 55 88
 55 87
 56 86
 56 87
 59 49
 59 91
 58 92
 58 92
 56 38
 56 87
 57 51
 57 86
 58 52
 58 52
 56 43
 56 91
 58 87
 58 87
 58 54
 58 86
 57 90
 57 49
 57 42
 57 43
 58 35
 58 36
 58 51
 58 89
 55 91
 55 46
 59 92
 59 42
 56 34
 56 87
 57 87
 57 89
 56 47
 56 91
 55 41
 55 92
 58 39
 58 88
 57 86
 57 52
 56 91
 56 52
 60 93
 60 44
 56 86
 56 88
 56 85
 56 88
 57 90
 57 51
 57 91
 57 90
 57 38
 57 89
 58 89
 58 88
 56 90
 56 90
 58 92
 58 91
 55 38
 55 37
 57 50
 57 53
 58 51
 58 50
 56 92
 56 91
 55 39
 55 88
 59 86
 59 84
 58 91
 58 48
 55 45
 55 92
 56 86
 56 38
 57 88
 57 88
 56 48
 56 50
 58 43
 58 92
 56 40
 56 37
 57 87
 57 51
 56 90
 56 50
 57 46
 57 41
 59 35
 59 87
 55 51
 55 54
 55 49
 55 48
 59 93
 59 92
 56 87
 56 87
 59 51
 59 88
 57 91
 57 52
 58 92
 58 43
 56 36
 56 37
 56 49
 56 50
 58 50
 58 90
 56 91
 56 91
 55 89
 55 35
 57 51
 57 52
 58 53
 58 47
 56 43
 56 92
 58 85
 58 87
 57 88
 57 49
 57 91
 57 90
 58 92
 58 91
 56 39
 56 34
 58 51
 58 53
 56 50
 56 53
 57 44
 57 42
 57 39
 57 86
 56 53
 56 87
 56 90
 56 49
 57 91
 57 92
 57 87
 57 36
 58 55
 58 53
 57 92
 57 48
 57 41
 57 92
 57 85
 57 36
 57 85
 57 87
 57 53
 57 91
 57 44
 57 44
 57 36
 57 86
 56 54
 56 85
 57 52
 57 90
 57 42
 57 45
 56 39
 56 36
 58 50
 58 53
 56 90
 56 48
 58 42
 58 92
 57 87
 57 39
 56 48
 56 87
 57 90
 57 90
 58 45
 58 40
 56 36
 56 87
 56 87
 56 52
 57 53
 57 91
 57 42
 57 44
 56 39
 56 39
 57 50
 57 88
 56 52
 56 49
 58 92
 58 42
 56 36
 56 39
 59 88
 59 87
 58 90
 58 90
 57 43
 57 42
 58 38
 58 87
 57 86
 57 54
 57 90
 57 90
 59 92
 59 92
 56 87
 56 86
 59 87
 59 86
 57 89
 57 51
 56 91
 56 91
 58 40
 58 35
 57 87
 57 86
 59 47
 59 91
 56 41
 56 45
 56 39
 56 38
 57 53
 57 52
 58 50
 58 91
 56 43
 56 93
 57 36
 57 37
 57 85
 57 51
 58 52
 58 91
 57 45
 57 40
 57 37
 57 37
 58 51
 58 87
 57 92
 57 50
 57 93
 57 43
 58 88
 58 35
 58 49
 58 87
 55 91
 55 55
 58 91
 58 40
 58 39
 58 36
 58 89
 58 88
 55 91
 55 55
 56 41
 56 93
 56 36
 56 36
 58 86
 58 49
 58 90
 58 92
 57 40
 57 90
 57 35
 57 39
 57 85
 57 86
 58 91
 58 90
 56 92
 56 93
 56 35
 56 39
 57 87
 57 87
 56 45
 56 47
 56 92
 56 42
 57 87
 57 40
 57 56
 57 90
 55 51
 55 91
 58 41
 58 42
 58 37
 58 88
 57 87
 57 53
 56 90
 56 90
 56 92
 56 92
 60 37
 60 37
 54 88
 54 53
 58 48
 58 91
 57 93
 57 92
 57 37
 57 37
 56 86
 56 50
 58 52
 58 50
 56 45
 56 91
 58 35
 58 36
 56 86
 56 88
 57 91
 57 49
 56 42
 56 42
 57 38
 57 86
 55 51
 55 88
 57 51
 57 48
 57 92
 57 91
 57 87
 57 88
 57 86
 57 86
 57 90
 57 91
 56 92
 56 92
 57 38
 57 35
 58 50
 58 89
 56 52
 56 50
 57 92
 57 93
 56 36
 56 37
 58 85
 58 88
 58 91
 58 49
 56 92
 56 92
 57 37
 57 37
 58 85
 58 86
 58 49
 58 90
 56 47
 56 91
 57 36
 57 86
 57 88
 57 85
 57 53
 57 44
 56 92
 56 41
 59 88
 59 88
 57 86
 57 50
 57 53
 57 91
 57 44
 57 44
 56 88
 56 86
 57 88
 57 85
 56 91
 56 53
 57 91
 57 91
 57 86
 57 36
 57 51
 57 50
 56 46
 56 54
 57 91
 57 92
 57 86
 57 39
 56 89
 56 87
 56 49
 56 47
 55 92
 55 92
 57 35
 57 87
 59 52
 59 54
 57 91
 57 49
 57 92
 57 41
 58 87
 58 87
 56 87
 56 50
 57 91
 57 90
 57 92
 57 92
 56 35
 56 39
 56 86
 56 87
 58 54
 58 90
 58 92
 58 92
 57 87
 57 88
 56 87
 56 51
 59 90
 59 90
 56 41
 56 41
 56 37
 56 87
 57 87
 57 51
 57 52
 57 47
 58 92
 58 42
 57 86
 57 36
 57 88
 57 52
 56 90
 56 52
 56 92
 56 91
 56 34
 56 38
 58 88
 58 87
 56 50
 56 91
 57 92
 57 93
 58 88
 58 88
 56 52
 56 54
 56 90
 56 48
 57 91
 57 93
 58 37
 58 37
 57 89
 57 89
 57 50
 57 49
 57 93
 57 92
 58 39
 58 87
 56 50
 56 50
 57 90
 57 90
 57 41
 57 91
 56 34
 56 87
 56 88
 56 55
 57 89
 57 53
 58 41
 58 91
 59 38
 59 86
 55 85
 55 89
 58 47
 58 90
 56 41
 56 43
 57 39
 57 88
 57 54
 57 51
 58 51
 58 90
 56 91
 56 44
 56 35
 56 37
 59 51
 59 85
 57 45
 57 49
 56 92
 56 92
 57 35
 57 86
 57 52
 57 50
 57 91
 57 50
 58 45
 58 42
 55 86
 55 38
 56 55
 56 53
