 3 4
 3 4
 11 15
 11 15
 39 50
 39 50
 95 99
 94 99
 21 5
 23 5
 67 18
 66 18
 88 55
 85 55
 35 73
 34 73
 88 58
 92 58
 11 52
 24 52
 71 56
 66 56
 95 59
 83 59
 31 57
 73 57
 93 58
 93 58
 57 56
 34 56
 52 56
 51 56
 25 58
 27 58
 60 58
 58 58
 78 58
 53 58
 96 56
 86 56
 26 57
 38 57
 78 58
 89 58
 63 56
 25 56
 68 56
 81 56
 63 57
 29 57
 89 57
 95 57
 26 56
 54 56
 88 59
 87 59
 47 56
 33 56
 87 56
 95 56
 43 57
 42 57
 85 56
 97 56
 29 58
 22 58
 94 57
 91 57
 67 56
 22 56
 94 58
 77 58
 31 56
 54 56
 96 57
 78 57
 23 57
 50 57
 80 58
 93 58
 36 56
 28 56
 94 57
 80 57
 43 56
 60 56
 86 57
 89 57
 51 55
 24 55
 92 57
 94 57
 80 56
 35 56
 72 58
 59 58
 29 55
 85 55
 66 58
 83 58
 29 57
 34 57
 82 57
 78 57
 28 57
 27 57
 86 56
 82 56
 37 57
 47 57
 94 56
 90 56
 31 58
 59 58
 80 58
 92 58
 34 57
 61 57
 65 58
 89 58
 53 54
 32 54
 66 58
 93 58
 49 57
 72 57
 95 58
 80 58
 28 55
 59 55
 89 57
 71 57
 26 57
 27 57
 78 56
 83 56
 60 58
 47 58
 67 56
 89 56
 26 58
 28 58
 92 57
 90 57
 35 57
 47 57
 94 56
 91 56
 60 57
 77 57
 92 55
 93 55
 37 59
 27 59
 96 57
 93 57
 21 56
 20 56
 91 58
 92 58
 33 57
 81 57
 85 56
 67 56
 33 56
 81 56
 81 59
 88 59
 26 57
 67 57
 73 56
 96 56
 37 58
 23 58
 90 57
 77 57
 39 57
 67 57
 96 59
 96 59
 40 55
 20 55
 85 59
 81 59
 51 56
 38 56
 76 58
 87 58
 32 56
 47 56
 93 56
 94 56
 19 58
 49 58
 75 58
 90 58
 78 57
 74 57
 92 59
 95 59
 48 57
 32 57
 95 55
 95 55
 20 61
 23 61
 91 55
 69 55
 77 58
 38 58
 82 57
 91 57
 39 54
 41 54
 92 59
 95 59
 16 56
 22 56
 74 59
 72 59
 88 57
 87 57
 93 57
 80 57
 41 56
 38 56
 91 58
 42 58
 80 57
 90 57
 91 58
 43 58
 89 57
 90 57
 43 56
 92 56
 89 57
 88 57
 47 58
 89 58
 41 56
 91 56
 91 56
 73 56
 88 58
 88 58
 89 56
 88 56
 42 57
 48 57
 46 55
 49 55
 38 58
 38 58
 91 57
 45 57
 90 58
 49 58
 91 56
 45 56
 43 57
 90 57
 88 58
 48 58
 49 56
 41 56
 44 56
 47 56
 89 57
 89 57
 91 56
 91 56
 88 57
 44 57
 44 57
 92 57
 89 57
 88 57
 47 56
 92 56
 91 57
 51 57
 88 58
 90 58
 88 56
 39 56
 47 56
 86 56
 42 55
 50 55
 90 59
 45 59
 47 57
 43 57
 88 57
 46 57
 89 56
 38 56
 91 58
 43 58
 89 56
 89 56
 89 57
 48 57
 45 56
 47 56
 92 56
 90 56
 40 58
 48 58
 48 58
 45 58
 88 58
 88 58
 90 58
 46 58
 43 57
 90 57
 89 57
 91 57
 89 58
 48 58
 89 56
 47 56
 44 58
 89 58
 91 57
 91 57
 90 57
 89 57
 88 57
 46 57
 88 58
 90 58
 92 57
 90 57
 42 57
 40 57
 45 57
 91 57
 90 58
 42 58
 91 55
 47 55
 44 57
 45 57
 44 58
 46 58
 89 55
 45 55
 87 59
 88 59
 46 56
 90 56
 47 56
 48 56
 39 58
 37 58
 89 57
 45 57
 89 56
 90 56
 88 56
 46 56
 46 57
 41 57
 48 58
 89 58
 89 57
 89 57
 47 57
 92 57
 48 55
 90 55
 48 58
 44 58
 47 58
 89 58
 46 58
 47 58
 48 56
 37 56
 87 58
 47 58
 89 58
 89 58
 46 56
 49 56
 46 57
 89 57
 90 55
 44 55
 41 60
 45 60
 92 56
 48 56
 38 56
 90 56
 46 57
 45 57
 90 58
 41 58
 44 57
 47 57
 40 57
 89 57
 47 57
 47 57
 89 58
 89 58
 45 56
 89 56
 38 57
 40 57
 46 56
 90 56
 43 56
 38 56
 88 56
 90 56
 90 58
 89 58
 88 57
 87 57
 42 56
 40 56
 91 58
 47 58
 37 58
 44 58
 90 56
 45 56
 90 58
 40 58
 46 58
 45 58
 88 57
 41 57
 88 56
 90 56
 38 57
 89 57
 44 57
 47 57
 89 57
 89 57
 44 58
 89 58
 89 58
 44 58
 45 57
 43 57
 89 55
 51 55
 88 56
 47 56
 46 56
 42 56
 46 59
 90 59
 41 56
 89 56
 88 55
 44 55
 90 59
 90 59
 45 56
 91 56
 47 56
 89 56
 90 58
 90 58
 90 57
 90 57
 43 58
 46 58
 41 56
 37 56
 90 57
 90 57
 45 58
 90 58
 89 56
 92 56
 88 55
 90 55
 48 58
 50 58
 89 57
 36 57
 47 56
 46 56
 90 56
 41 56
 45 58
 87 58
 44 57
 46 57
 44 57
 89 57
 90 56
 41 56
 90 58
 48 58
 45 58
 90 58
 88 57
 44 57
 88 57
 48 57
 48 58
 87 58
 49 57
 88 57
 92 56
 44 56
 46 57
 90 57
 47 58
 90 58
 90 56
 88 56
 88 57
 91 57
 90 59
 40 59
 91 58
 46 58
 90 58
 39 58
 90 56
 47 56
 51 56
 90 56
 46 56
 44 56
 39 57
 42 57
 90 56
 45 56
 47 57
 41 57
 46 56
 47 56
 38 58
 90 58
 89 56
 92 56
 41 57
 43 57
 91 59
 48 59
 40 56
 89 56
 89 57
 47 57
 44 57
 89 57
 44 57
 45 57
 90 56
 89 56
 91 56
 90 56
 48 58
 48 58
 48 57
 92 57
 89 57
 44 57
 46 57
 90 57
 90 57
 47 57
 92 57
 47 57
 46 57
 89 57
 45 56
 48 56
 47 57
 36 57
 92 57
 92 57
 89 58
 50 58
 46 55
 91 55
 89 59
 42 59
 92 59
 44 59
 39 55
 39 55
 89 58
 87 58
 44 55
 39 55
 86 58
 45 58
 44 56
 88 56
 45 58
 47 58
 46 56
 41 56
 90 57
 92 57
 88 58
 90 58
 90 58
 91 58
 37 57
 90 57
 89 56
 89 56
 46 58
 39 58
 90 56
 47 56
 41 57
 90 57
 44 57
 90 57
 89 56
 89 56
 91 56
 91 56
 49 58
 38 58
 89 56
 44 56
 39 58
 88 58
 91 56
 91 56
 46 56
 38 56
 91 56
 91 56
 88 58
 90 58
 86 57
 45 57
 90 57
 90 57
 48 56
 89 56
 40 57
 90 57
 44 56
 90 56
 89 57
 48 57
 87 57
 88 57
 47 55
 88 55
 90 57
 89 57
 88 57
 47 57
 91 58
 47 58
 89 57
 49 57
 44 57
 47 57
 41 56
 89 56
 48 57
 87 57
 90 57
 45 57
 46 58
 46 58
 45 57
 39 57
 88 57
 46 57
 40 56
 41 56
 92 57
 46 57
 38 56
 49 56
 46 57
 91 57
 88 58
 44 58
 89 58
 88 58
 88 58
 44 58
 47 55
 90 55
 43 57
 90 57
 43 58
 88 58
 44 58
 42 58
 47 56
 91 56
 45 58
 43 58
 90 57
 89 57
 89 58
 47 58
 44 57
 91 57
 90 57
 89 57
 91 58
 49 58
 46 56
 41 56
 90 58
 90 58
 37 57
 89 57
 46 57
 89 57
 44 59
 39 59
 87 56
 90 56
 39 58
 90 58
 45 56
 87 56
 90 57
 46 57
 92 59
 48 59
 89 55
 90 55
 48 56
 91 56
 38 58
 38 58
 88 57
 91 57
 89 58
 37 58
 43 57
 90 57
 41 56
 89 56
 47 58
 89 58
 40 59
 90 59
 46 55
 46 55
 48 56
 90 56
 47 58
 92 58
 90 57
 89 57
 46 56
 89 56
 47 56
 36 56
 91 57
 89 57
 88 57
 41 57
 88 58
 89 58
 44 58
 89 58
 48 58
 89 58
 89 57
 44 57
 46 57
 47 57
 39 58
 89 58
 91 57
 87 57
 48 57
 89 57
 87 56
 45 56
 88 58
 40 58
 45 57
 47 57
 89 57
 90 57
 47 57
 47 57
 40 56
 90 56
 45 57
 48 57
 42 58
 40 58
 86 57
 87 57
 41 57
 90 57
 46 57
 47 57
 39 55
 42 55
 92 58
 47 58
 89 57
 50 57
 46 56
 46 56
 40 57
 49 57
 46 58
 88 58
 38 57
 89 57
 86 56
 48 56
 38 55
 44 55
 47 58
 92 58
 46 57
 89 57
 43 57
 45 57
 40 57
 40 57
 44 56
 92 56
 89 57
 48 57
 90 58
 43 58
 89 56
 38 56
 46 57
 89 57
 43 57
 88 57
 88 57
 46 57
 41 57
 88 57
 91 56
 89 56
 46 59
 40 59
 47 56
 91 56
 41 57
 90 57
 89 58
 48 58
 49 57
 43 57
 89 57
 44 57
 90 56
 47 56
 92 57
 45 57
 90 55
 89 55
 88 57
 44 57
 89 58
 89 58
 91 57
 90 57
 52 59
 43 59
 89 56
 46 56
 40 57
 49 57
 90 57
 46 57
 37 56
 88 56
 46 57
 91 57
 88 56
 89 56
 44 57
 88 57
 42 57
 37 57
 48 58
 89 58
 38 56
 45 56
 46 57
 89 57
 89 57
 89 57
 91 58
 88 58
 42 55
 90 55
 46 56
 90 56
 90 57
 37 57
 48 57
 91 57
 41 58
 89 58
 89 57
 45 57
 41 56
 46 56
 92 57
 86 57
 37 56
 88 56
 91 56
 46 56
 88 57
 89 57
 89 57
 45 57
 89 58
 89 58
 44 58
 47 58
 42 56
 38 56
 91 58
 91 58
 52 58
 89 58
 91 56
 47 56
 42 56
 90 56
 90 56
 45 56
 40 58
 89 58
 44 58
 46 58
 40 58
 39 58
 91 58
 46 58
 48 56
 42 56
 89 57
 46 57
 90 59
 88 59
 48 55
 90 55
 46 57
 90 57
 93 56
 89 56
 51 58
 37 58
 45 56
 90 56
 89 57
 89 57
 46 56
 91 56
 89 56
 89 56
 89 59
 91 59
 90 58
 47 58
 92 58
 89 58
 90 56
 45 56
 48 57
 90 57
 46 55
 41 55
 91 59
 46 59
 89 55
 40 55
 46 57
 89 57
 88 56
 42 56
 48 57
 47 57
 40 57
 44 57
 90 57
 91 57
 38 56
 89 56
 90 58
 90 58
 37 57
 89 57
 90 58
 90 58
 44 57
 89 57
 91 55
 89 55
 90 57
 44 57
 92 58
 90 58
 43 57
 89 57
 89 57
 45 57
 90 58
 39 58
 91 56
 47 56
 89 56
 43 56
 92 57
 92 57
 45 57
 42 57
 48 55
 89 55
 44 58
 46 58
 48 57
 45 57
 40 56
 90 56
 91 57
 92 57
 47 57
 38 57
 90 58
 49 58
 90 57
 44 57
 88 55
 89 55
 39 58
 37 58
 47 56
 89 56
 44 56
 89 56
 92 57
 46 57
 46 58
 45 58
 92 59
 92 59
 46 58
 43 58
 46 56
 48 56
 44 58
 45 58
 90 57
 91 57
 89 57
 39 57
 47 56
 93 56
 46 58
 40 58
 45 56
 89 56
 88 55
 89 55
 91 58
 47 58
 89 56
 89 56
 47 55
 90 55
 89 57
 90 57
 45 56
 90 56
 90 55
 38 55
 46 57
 89 57
 90 57
 46 57
 90 56
 87 56
 88 58
 90 58
 89 59
 48 59
 89 57
 41 57
 91 58
 91 58
 40 56
 44 56
 45 59
 91 59
 89 56
 52 56
 89 58
 91 58
 42 58
 49 58
 46 57
 90 57
 46 58
 89 58
 47 56
 91 56
 37 58
 49 58
 90 56
 92 56
 40 58
 48 58
 90 57
 91 57
 49 57
 89 57
 91 56
 47 56
 41 57
 89 57
 47 57
 90 57
 89 55
 89 55
 91 58
 47 58
 90 57
 52 57
 88 58
 89 58
 40 58
 88 58
 91 55
 92 55
 89 58
 39 58
 91 55
 50 55
 47 58
 89 58
 46 58
 91 58
 89 58
 90 58
 92 56
 90 56
 90 58
 52 58
 92 57
 91 57
 45 56
 90 56
 90 58
 45 58
 45 58
 43 58
 87 56
 44 56
 40 58
 48 58
 45 58
 91 58
 38 55
 89 55
 46 58
 46 58
 43 58
 90 58
 91 58
 45 58
 43 56
 36 56
 88 57
 48 57
 89 58
 90 58
 50 57
 91 57
 90 58
 44 58
 91 56
 46 56
 89 57
 90 57
 91 57
 45 57
 89 57
 88 57
 44 58
 48 58
 48 55
 90 55
 90 59
 46 59
 89 57
 47 57
 91 57
 45 57
 38 58
 90 58
 47 56
 93 56
 37 56
 89 56
 88 57
 88 57
 88 56
 47 56
 47 58
 45 58
 39 57
 89 57
 89 57
 87 57
 40 58
 37 58
 44 56
 87 56
 90 58
 90 58
 89 58
 90 58
 41 57
 89 57
 46 55
 92 55
 90 58
 90 58
 47 56
 44 56
 41 57
 49 57
 90 57
 91 57
 45 56
 47 56
 91 58
 90 58
 89 57
 40 57
 90 58
 90 58
 90 56
 44 56
 91 57
 91 57
 89 57
 89 57
 49 56
 87 56
 90 57
 90 57
 45 58
 91 58
 89 55
 45 55
 88 58
 46 58
 91 57
 41 57
 91 57
 87 57
 89 59
 45 59
 89 57
 47 57
 46 56
 89 56
 87 58
 46 58
 88 55
 46 55
 48 57
 88 57
 89 57
 43 57
 88 57
 45 57
 37 56
 46 56
 48 56
 91 56
 40 56
 90 56
 47 57
 48 57
 88 57
 89 57
 91 56
 45 56
 90 57
 90 57
 45 57
 89 57
 89 57
 89 57
 89 55
 86 55
 44 57
 38 57
 47 56
 44 56
 49 57
 43 57
 45 58
 90 58
 51 57
 89 57
 88 57
 44 57
 49 57
 89 57
 87 58
 44 58
 89 56
 48 56
 88 56
 91 56
 47 57
 46 57
 92 58
 49 58
 39 56
 90 56
 46 56
 91 56
 90 57
 37 57
 92 57
 92 57
 41 57
 37 57
 47 57
 89 57
 88 56
 40 56
 89 56
 44 56
 88 57
 41 57
 48 57
 88 57
 47 57
 42 57
 45 55
 44 55
 89 57
 50 57
 91 59
 91 59
 90 58
 89 58
 45 57
 87 57
 88 55
 88 55
 92 58
 47 58
 89 55
 38 55
 91 56
 44 56
 89 58
 89 58
 91 58
 90 58
 89 55
 89 55
 92 56
 46 56
 89 57
 41 57
 45 57
 48 57
 46 57
 45 57
 92 57
 91 57
 89 56
 38 56
 44 59
 93 59
 45 57
 90 57
 90 57
 45 57
 41 57
 43 57
 90 56
 43 56
 47 57
 45 57
 90 56
 46 56
 90 58
 42 58
 88 58
 45 58
 90 57
 43 57
 88 57
 43 57
 90 57
 44 57
 46 55
 89 55
 38 58
 46 58
 92 57
 46 57
 43 57
 49 57
 90 58
 43 58
 90 56
 89 56
 44 56
 47 56
 43 56
 42 56
 93 57
 43 57
 89 57
 89 57
 45 58
 89 58
 41 55
 89 55
 45 58
 47 58
 46 59
 40 59
 89 56
 92 56
 40 58
 88 58
 88 58
 92 58
 48 55
 89 55
 86 56
 92 56
 89 59
 43 59
 46 58
 91 58
 90 56
 40 56
 45 57
 44 57
 88 58
 41 58
 88 56
 89 56
 51 58
 89 58
 88 58
 48 58
 47 57
 89 57
 89 57
 46 57
 40 58
 42 58
 91 58
 92 58
 38 55
 44 55
 44 59
 48 59
 89 56
 41 56
 46 57
 48 57
 90 56
 43 56
 91 55
 92 55
 38 58
 49 58
 87 57
 48 57
 50 56
 43 56
 44 60
 47 60
 89 56
 45 56
 91 56
 91 56
 41 57
 38 57
 46 57
 88 57
 90 57
 90 57
 44 58
 90 58
 89 56
 40 56
 45 58
 86 58
 51 55
 50 55
 46 57
 92 57
 48 58
 44 58
 46 56
 46 56
 90 55
 43 55
 89 59
 46 59
 39 58
 38 58
 47 55
 48 55
 48 56
 46 56
 91 57
 87 57
 89 56
 41 56
 92 58
 91 58
 44 56
 45 56
 46 57
 48 57
 44 56
 88 56
 49 57
 89 57
 47 59
 90 59
 91 55
 91 55
 39 55
 88 55
 91 59
 48 59
 37 56
 91 56
 44 59
 90 59
 42 57
 88 57
 49 58
 91 58
 90 56
 39 56
 90 56
 89 56
 39 58
 89 58
 45 56
 87 56
 39 55
 90 55
 90 57
 90 57
 49 58
 41 58
 44 56
 47 56
 89 58
 41 58
 46 57
 90 57
 90 57
 40 57
 90 58
 48 58
 90 56
 89 56
 90 58
 86 58
 44 56
 44 56
 91 57
 47 57
 40 57
 42 57
 89 56
 91 56
 48 56
 89 56
 86 57
 87 57
 90 57
 89 57
 92 58
 43 58
 48 57
 89 57
 47 57
 89 57
 39 57
 88 57
 46 57
 90 57
 90 57
 88 57
 92 57
 45 57
 89 57
 91 57
 49 56
 91 56
 90 57
 49 57
 89 57
 89 57
 52 56
 89 56
 89 58
 92 58
 41 56
 39 56
 47 58
 89 58
 45 57
 47 57
 46 56
 48 56
 89 57
 37 57
 89 58
 92 58
 89 56
 43 56
 92 56
 89 56
 90 57
 89 57
 90 57
 91 57
 90 56
 43 56
 89 57
 91 57
 38 56
 44 56
 91 58
 46 58
 90 56
 47 56
 88 59
 45 59
 90 58
 48 58
 86 57
 46 57
 40 58
 47 58
 47 57
 45 57
 51 57
 90 57
 46 59
 45 59
 90 56
 89 56
 89 59
 46 59
 48 57
 90 57
 90 56
 44 56
 47 58
 89 58
 87 57
 91 57
 48 59
 46 59
 46 56
 87 56
 89 56
 90 56
 89 57
 89 57
 49 58
 44 58
 91 56
 90 56
 46 57
 44 57
 89 57
 46 57
 40 58
 39 58
 91 57
 91 57
 41 57
 41 57
 89 58
 46 58
 89 57
 41 57
 45 57
 45 57
 45 58
 90 58
 90 58
 45 58
 89 55
 89 55
 90 58
 46 58
 88 58
 40 58
 92 58
 90 58
 44 55
 42 55
 47 56
 89 56
 89 56
 38 56
 47 58
 92 58
 90 58
 89 58
 44 57
 46 57
 38 57
 43 57
 89 57
 46 57
 48 58
 44 58
 46 56
 89 56
 89 56
 38 56
 44 57
 46 57
 89 56
 41 56
 91 56
 46 56
 48 57
 89 57
 47 57
 92 57
 88 55
 39 55
 92 58
 88 58
 89 58
 41 58
 90 57
 91 57
 90 56
 45 56
 46 56
 92 56
 89 60
 89 60
 45 54
 90 54
 41 58
 88 58
 91 57
 45 57
 38 57
 43 57
 45 56
 92 56
 38 58
 42 58
 47 56
 45 56
 89 58
 38 58
 46 56
 88 56
 42 57
 49 57
 45 56
 91 56
 89 57
 89 57
 45 55
 48 55
 41 57
 38 57
 44 57
 91 57
 46 57
 44 57
 92 57
 88 57
 89 57
 48 57
 89 56
 45 56
 90 57
 90 57
 87 58
 90 58
 89 56
 41 56
 92 57
 45 57
 44 56
 38 56
 89 58
 44 58
 48 58
 48 58
 90 56
 89 56
 90 57
 89 57
 48 58
 90 58
 90 58
 39 58
 89 56
 92 56
 41 57
 89 57
 47 57
 48 57
 89 57
 48 57
 91 56
 91 56
 89 59
 41 59
 44 57
 49 57
 89 57
 44 57
 91 57
 44 57
 89 56
 89 56
 47 57
 48 57
 49 56
 89 56
 45 57
 44 57
 44 57
 50 57
 49 57
 90 57
 47 56
 89 56
 44 57
 47 57
 89 57
 89 57
 88 56
 45 56
 88 56
 90 56
 90 55
 90 55
 46 57
 38 57
 49 59
 91 59
 90 57
 43 57
 88 57
 47 57
 89 58
 42 58
 47 56
 47 56
 47 57
 90 57
 44 57
 91 57
 89 56
 90 56
 46 56
 45 56
 89 58
 88 58
 45 58
 88 58
 90 57
 39 57
 88 56
 91 56
 89 59
 89 59
 49 56
 88 56
 38 56
 89 56
 90 57
 88 57
 48 57
 39 57
 89 58
 90 58
 40 57
 46 57
 90 57
 89 57
 43 56
 41 56
 47 56
 48 56
 38 56
 44 56
 91 58
 91 58
 90 56
 89 56
 46 57
 47 57
 90 58
 90 58
 47 56
 49 56
 48 56
 89 56
 86 57
 88 57
 42 58
 38 58
 89 57
 47 57
 47 57
 41 57
 92 57
 90 57
 48 58
 45 58
 43 56
 48 56
 45 57
 38 57
 89 57
 89 57
 45 56
 38 56
 45 56
 87 56
 90 57
 89 57
 87 58
 89 58
 47 59
 47 59
 44 55
 88 55
 42 58
 38 58
 89 56
 46 56
 39 57
 88 57
 91 57
 43 57
 90 58
 89 58
 44 56
 92 56
 45 56
 89 56
 46 59
 92 59
 40 57
 42 57
 92 56
 47 56
 89 57
 50 57
 88 57
 48 57
 91 57
 40 57
 47 58
 88 58
 89 55
 89 55
 45 56
 45 56
