 4 3
 4 3
 15 11
 15 11
 50 39
 50 39
 99 95
 99 94
 5 21
 5 23
 18 67
 18 66
 55 88
 55 85
 73 35
 73 34
 58 88
 58 92
 52 11
 52 24
 56 71
 56 66
 59 95
 59 83
 57 31
 57 73
 58 93
 58 93
 56 57
 56 34
 56 52
 56 51
 58 25
 58 27
 58 60
 58 58
 58 78
 58 53
 56 96
 56 86
 57 26
 57 38
 58 78
 58 89
 56 63
 56 25
 56 68
 56 81
 57 63
 57 29
 57 89
 57 95
 56 26
 56 54
 59 88
 59 87
 56 47
 56 33
 56 87
 56 95
 57 43
 57 42
 56 85
 56 97
 58 29
 58 22
 57 94
 57 91
 56 67
 56 22
 58 94
 58 77
 56 31
 56 54
 57 96
 57 78
 57 23
 57 50
 58 80
 58 93
 56 36
 56 28
 57 94
 57 80
 56 43
 56 60
 57 86
 57 89
 55 51
 55 24
 57 92
 57 94
 56 80
 56 35
 58 72
 58 59
 55 29
 55 85
 58 66
 58 83
 57 29
 57 34
 57 82
 57 78
 57 28
 57 27
 56 86
 56 82
 57 37
 57 47
 56 94
 56 90
 58 31
 58 59
 58 80
 58 92
 57 34
 57 61
 58 65
 58 89
 54 53
 54 32
 58 66
 58 93
 57 49
 57 72
 58 95
 58 80
 55 28
 55 59
 57 89
 57 71
 57 26
 57 27
 56 78
 56 83
 58 60
 58 47
 56 67
 56 89
 58 26
 58 28
 57 92
 57 90
 57 35
 57 47
 56 94
 56 91
 57 60
 57 77
 55 92
 55 93
 59 37
 59 27
 57 96
 57 93
 56 21
 56 20
 58 91
 58 92
 57 33
 57 81
 56 85
 56 67
 56 33
 56 81
 59 81
 59 88
 57 26
 57 67
 56 73
 56 96
 58 37
 58 23
 57 90
 57 77
 57 39
 57 67
 59 96
 59 96
 55 40
 55 20
 59 85
 59 81
 56 51
 56 38
 58 76
 58 87
 56 32
 56 47
 56 93
 56 94
 58 19
 58 49
 58 75
 58 90
 57 78
 57 74
 59 92
 59 95
 57 48
 57 32
 55 95
 55 95
 61 20
 61 23
 55 91
 55 69
 58 77
 58 38
 57 82
 57 91
 54 39
 54 41
 59 92
 59 95
 56 16
 56 22
 59 74
 59 72
 57 88
 57 87
 57 93
 57 80
 56 41
 56 38
 58 91
 58 42
 57 80
 57 90
 58 91
 58 43
 57 89
 57 90
 56 43
 56 92
 57 89
 57 88
 58 47
 58 89
 56 41
 56 91
 56 91
 56 73
 58 88
 58 88
 56 89
 56 88
 57 42
 57 48
 55 46
 55 49
 58 38
 58 38
 57 91
 57 45
 58 90
 58 49
 56 91
 56 45
 57 43
 57 90
 58 88
 58 48
 56 49
 56 41
 56 44
 56 47
 57 89
 57 89
 56 91
 56 91
 57 88
 57 44
 57 44
 57 92
 57 89
 57 88
 56 47
 56 92
 57 91
 57 51
 58 88
 58 90
 56 88
 56 39
 56 47
 56 86
 55 42
 55 50
 59 90
 59 45
 57 47
 57 43
 57 88
 57 46
 56 89
 56 38
 58 91
 58 43
 56 89
 56 89
 57 89
 57 48
 56 45
 56 47
 56 92
 56 90
 58 40
 58 48
 58 48
 58 45
 58 88
 58 88
 58 90
 58 46
 57 43
 57 90
 57 89
 57 91
 58 89
 58 48
 56 89
 56 47
 58 44
 58 89
 57 91
 57 91
 57 90
 57 89
 57 88
 57 46
 58 88
 58 90
 57 92
 57 90
 57 42
 57 40
 57 45
 57 91
 58 90
 58 42
 55 91
 55 47
 57 44
 57 45
 58 44
 58 46
 55 89
 55 45
 59 87
 59 88
 56 46
 56 90
 56 47
 56 48
 58 39
 58 37
 57 89
 57 45
 56 89
 56 90
 56 88
 56 46
 57 46
 57 41
 58 48
 58 89
 57 89
 57 89
 57 47
 57 92
 55 48
 55 90
 58 48
 58 44
 58 47
 58 89
 58 46
 58 47
 56 48
 56 37
 58 87
 58 47
 58 89
 58 89
 56 46
 56 49
 57 46
 57 89
 55 90
 55 44
 60 41
 60 45
 56 92
 56 48
 56 38
 56 90
 57 46
 57 45
 58 90
 58 41
 57 44
 57 47
 57 40
 57 89
 57 47
 57 47
 58 89
 58 89
 56 45
 56 89
 57 38
 57 40
 56 46
 56 90
 56 43
 56 38
 56 88
 56 90
 58 90
 58 89
 57 88
 57 87
 56 42
 56 40
 58 91
 58 47
 58 37
 58 44
 56 90
 56 45
 58 90
 58 40
 58 46
 58 45
 57 88
 57 41
 56 88
 56 90
 57 38
 57 89
 57 44
 57 47
 57 89
 57 89
 58 44
 58 89
 58 89
 58 44
 57 45
 57 43
 55 89
 55 51
 56 88
 56 47
 56 46
 56 42
 59 46
 59 90
 56 41
 56 89
 55 88
 55 44
 59 90
 59 90
 56 45
 56 91
 56 47
 56 89
 58 90
 58 90
 57 90
 57 90
 58 43
 58 46
 56 41
 56 37
 57 90
 57 90
 58 45
 58 90
 56 89
 56 92
 55 88
 55 90
 58 48
 58 50
 57 89
 57 36
 56 47
 56 46
 56 90
 56 41
 58 45
 58 87
 57 44
 57 46
 57 44
 57 89
 56 90
 56 41
 58 90
 58 48
 58 45
 58 90
 57 88
 57 44
 57 88
 57 48
 58 48
 58 87
 57 49
 57 88
 56 92
 56 44
 57 46
 57 90
 58 47
 58 90
 56 90
 56 88
 57 88
 57 91
 59 90
 59 40
 58 91
 58 46
 58 90
 58 39
 56 90
 56 47
 56 51
 56 90
 56 46
 56 44
 57 39
 57 42
 56 90
 56 45
 57 47
 57 41
 56 46
 56 47
 58 38
 58 90
 56 89
 56 92
 57 41
 57 43
 59 91
 59 48
 56 40
 56 89
 57 89
 57 47
 57 44
 57 89
 57 44
 57 45
 56 90
 56 89
 56 91
 56 90
 58 48
 58 48
 57 48
 57 92
 57 89
 57 44
 57 46
 57 90
 57 90
 57 47
 57 92
 57 47
 57 46
 57 89
 56 45
 56 48
 57 47
 57 36
 57 92
 57 92
 58 89
 58 50
 55 46
 55 91
 59 89
 59 42
 59 92
 59 44
 55 39
 55 39
 58 89
 58 87
 55 44
 55 39
 58 86
 58 45
 56 44
 56 88
 58 45
 58 47
 56 46
 56 41
 57 90
 57 92
 58 88
 58 90
 58 90
 58 91
 57 37
 57 90
 56 89
 56 89
 58 46
 58 39
 56 90
 56 47
 57 41
 57 90
 57 44
 57 90
 56 89
 56 89
 56 91
 56 91
 58 49
 58 38
 56 89
 56 44
 58 39
 58 88
 56 91
 56 91
 56 46
 56 38
 56 91
 56 91
 58 88
 58 90
 57 86
 57 45
 57 90
 57 90
 56 48
 56 89
 57 40
 57 90
 56 44
 56 90
 57 89
 57 48
 57 87
 57 88
 55 47
 55 88
 57 90
 57 89
 57 88
 57 47
 58 91
 58 47
 57 89
 57 49
 57 44
 57 47
 56 41
 56 89
 57 48
 57 87
 57 90
 57 45
 58 46
 58 46
 57 45
 57 39
 57 88
 57 46
 56 40
 56 41
 57 92
 57 46
 56 38
 56 49
 57 46
 57 91
 58 88
 58 44
 58 89
 58 88
 58 88
 58 44
 55 47
 55 90
 57 43
 57 90
 58 43
 58 88
 58 44
 58 42
 56 47
 56 91
 58 45
 58 43
 57 90
 57 89
 58 89
 58 47
 57 44
 57 91
 57 90
 57 89
 58 91
 58 49
 56 46
 56 41
 58 90
 58 90
 57 37
 57 89
 57 46
 57 89
 59 44
 59 39
 56 87
 56 90
 58 39
 58 90
 56 45
 56 87
 57 90
 57 46
 59 92
 59 48
 55 89
 55 90
 56 48
 56 91
 58 38
 58 38
 57 88
 57 91
 58 89
 58 37
 57 43
 57 90
 56 41
 56 89
 58 47
 58 89
 59 40
 59 90
 55 46
 55 46
 56 48
 56 90
 58 47
 58 92
 57 90
 57 89
 56 46
 56 89
 56 47
 56 36
 57 91
 57 89
 57 88
 57 41
 58 88
 58 89
 58 44
 58 89
 58 48
 58 89
 57 89
 57 44
 57 46
 57 47
 58 39
 58 89
 57 91
 57 87
 57 48
 57 89
 56 87
 56 45
 58 88
 58 40
 57 45
 57 47
 57 89
 57 90
 57 47
 57 47
 56 40
 56 90
 57 45
 57 48
 58 42
 58 40
 57 86
 57 87
 57 41
 57 90
 57 46
 57 47
 55 39
 55 42
 58 92
 58 47
 57 89
 57 50
 56 46
 56 46
 57 40
 57 49
 58 46
 58 88
 57 38
 57 89
 56 86
 56 48
 55 38
 55 44
 58 47
 58 92
 57 46
 57 89
 57 43
 57 45
 57 40
 57 40
 56 44
 56 92
 57 89
 57 48
 58 90
 58 43
 56 89
 56 38
 57 46
 57 89
 57 43
 57 88
 57 88
 57 46
 57 41
 57 88
 56 91
 56 89
 59 46
 59 40
 56 47
 56 91
 57 41
 57 90
 58 89
 58 48
 57 49
 57 43
 57 89
 57 44
 56 90
 56 47
 57 92
 57 45
 55 90
 55 89
 57 88
 57 44
 58 89
 58 89
 57 91
 57 90
 59 52
 59 43
 56 89
 56 46
 57 40
 57 49
 57 90
 57 46
 56 37
 56 88
 57 46
 57 91
 56 88
 56 89
 57 44
 57 88
 57 42
 57 37
 58 48
 58 89
 56 38
 56 45
 57 46
 57 89
 57 89
 57 89
 58 91
 58 88
 55 42
 55 90
 56 46
 56 90
 57 90
 57 37
 57 48
 57 91
 58 41
 58 89
 57 89
 57 45
 56 41
 56 46
 57 92
 57 86
 56 37
 56 88
 56 91
 56 46
 57 88
 57 89
 57 89
 57 45
 58 89
 58 89
 58 44
 58 47
 56 42
 56 38
 58 91
 58 91
 58 52
 58 89
 56 91
 56 47
 56 42
 56 90
 56 90
 56 45
 58 40
 58 89
 58 44
 58 46
 58 40
 58 39
 58 91
 58 46
 56 48
 56 42
 57 89
 57 46
 59 90
 59 88
 55 48
 55 90
 57 46
 57 90
 56 93
 56 89
 58 51
 58 37
 56 45
 56 90
 57 89
 57 89
 56 46
 56 91
 56 89
 56 89
 59 89
 59 91
 58 90
 58 47
 58 92
 58 89
 56 90
 56 45
 57 48
 57 90
 55 46
 55 41
 59 91
 59 46
 55 89
 55 40
 57 46
 57 89
 56 88
 56 42
 57 48
 57 47
 57 40
 57 44
 57 90
 57 91
 56 38
 56 89
 58 90
 58 90
 57 37
 57 89
 58 90
 58 90
 57 44
 57 89
 55 91
 55 89
 57 90
 57 44
 58 92
 58 90
 57 43
 57 89
 57 89
 57 45
 58 90
 58 39
 56 91
 56 47
 56 89
 56 43
 57 92
 57 92
 57 45
 57 42
 55 48
 55 89
 58 44
 58 46
 57 48
 57 45
 56 40
 56 90
 57 91
 57 92
 57 47
 57 38
 58 90
 58 49
 57 90
 57 44
 55 88
 55 89
 58 39
 58 37
 56 47
 56 89
 56 44
 56 89
 57 92
 57 46
 58 46
 58 45
 59 92
 59 92
 58 46
 58 43
 56 46
 56 48
 58 44
 58 45
 57 90
 57 91
 57 89
 57 39
 56 47
 56 93
 58 46
 58 40
 56 45
 56 89
 55 88
 55 89
 58 91
 58 47
 56 89
 56 89
 55 47
 55 90
 57 89
 57 90
 56 45
 56 90
 55 90
 55 38
 57 46
 57 89
 57 90
 57 46
 56 90
 56 87
 58 88
 58 90
 59 89
 59 48
 57 89
 57 41
 58 91
 58 91
 56 40
 56 44
 59 45
 59 91
 56 89
 56 52
 58 89
 58 91
 58 42
 58 49
 57 46
 57 90
 58 46
 58 89
 56 47
 56 91
 58 37
 58 49
 56 90
 56 92
 58 40
 58 48
 57 90
 57 91
 57 49
 57 89
 56 91
 56 47
 57 41
 57 89
 57 47
 57 90
 55 89
 55 89
 58 91
 58 47
 57 90
 57 52
 58 88
 58 89
 58 40
 58 88
 55 91
 55 92
 58 89
 58 39
 55 91
 55 50
 58 47
 58 89
 58 46
 58 91
 58 89
 58 90
 56 92
 56 90
 58 90
 58 52
 57 92
 57 91
 56 45
 56 90
 58 90
 58 45
 58 45
 58 43
 56 87
 56 44
 58 40
 58 48
 58 45
 58 91
 55 38
 55 89
 58 46
 58 46
 58 43
 58 90
 58 91
 58 45
 56 43
 56 36
 57 88
 57 48
 58 89
 58 90
 57 50
 57 91
 58 90
 58 44
 56 91
 56 46
 57 89
 57 90
 57 91
 57 45
 57 89
 57 88
 58 44
 58 48
 55 48
 55 90
 59 90
 59 46
 57 89
 57 47
 57 91
 57 45
 58 38
 58 90
 56 47
 56 93
 56 37
 56 89
 57 88
 57 88
 56 88
 56 47
 58 47
 58 45
 57 39
 57 89
 57 89
 57 87
 58 40
 58 37
 56 44
 56 87
 58 90
 58 90
 58 89
 58 90
 57 41
 57 89
 55 46
 55 92
 58 90
 58 90
 56 47
 56 44
 57 41
 57 49
 57 90
 57 91
 56 45
 56 47
 58 91
 58 90
 57 89
 57 40
 58 90
 58 90
 56 90
 56 44
 57 91
 57 91
 57 89
 57 89
 56 49
 56 87
 57 90
 57 90
 58 45
 58 91
 55 89
 55 45
 58 88
 58 46
 57 91
 57 41
 57 91
 57 87
 59 89
 59 45
 57 89
 57 47
 56 46
 56 89
 58 87
 58 46
 55 88
 55 46
 57 48
 57 88
 57 89
 57 43
 57 88
 57 45
 56 37
 56 46
 56 48
 56 91
 56 40
 56 90
 57 47
 57 48
 57 88
 57 89
 56 91
 56 45
 57 90
 57 90
 57 45
 57 89
 57 89
 57 89
 55 89
 55 86
 57 44
 57 38
 56 47
 56 44
 57 49
 57 43
 58 45
 58 90
 57 51
 57 89
 57 88
 57 44
 57 49
 57 89
 58 87
 58 44
 56 89
 56 48
 56 88
 56 91
 57 47
 57 46
 58 92
 58 49
 56 39
 56 90
 56 46
 56 91
 57 90
 57 37
 57 92
 57 92
 57 41
 57 37
 57 47
 57 89
 56 88
 56 40
 56 89
 56 44
 57 88
 57 41
 57 48
 57 88
 57 47
 57 42
 55 45
 55 44
 57 89
 57 50
 59 91
 59 91
 58 90
 58 89
 57 45
 57 87
 55 88
 55 88
 58 92
 58 47
 55 89
 55 38
 56 91
 56 44
 58 89
 58 89
 58 91
 58 90
 55 89
 55 89
 56 92
 56 46
 57 89
 57 41
 57 45
 57 48
 57 46
 57 45
 57 92
 57 91
 56 89
 56 38
 59 44
 59 93
 57 45
 57 90
 57 90
 57 45
 57 41
 57 43
 56 90
 56 43
 57 47
 57 45
 56 90
 56 46
 58 90
 58 42
 58 88
 58 45
 57 90
 57 43
 57 88
 57 43
 57 90
 57 44
 55 46
 55 89
 58 38
 58 46
 57 92
 57 46
 57 43
 57 49
 58 90
 58 43
 56 90
 56 89
 56 44
 56 47
 56 43
 56 42
 57 93
 57 43
 57 89
 57 89
 58 45
 58 89
 55 41
 55 89
 58 45
 58 47
 59 46
 59 40
 56 89
 56 92
 58 40
 58 88
 58 88
 58 92
 55 48
 55 89
 56 86
 56 92
 59 89
 59 43
 58 46
 58 91
 56 90
 56 40
 57 45
 57 44
 58 88
 58 41
 56 88
 56 89
 58 51
 58 89
 58 88
 58 48
 57 47
 57 89
 57 89
 57 46
 58 40
 58 42
 58 91
 58 92
 55 38
 55 44
 59 44
 59 48
 56 89
 56 41
 57 46
 57 48
 56 90
 56 43
 55 91
 55 92
 58 38
 58 49
 57 87
 57 48
 56 50
 56 43
 60 44
 60 47
 56 89
 56 45
 56 91
 56 91
 57 41
 57 38
 57 46
 57 88
 57 90
 57 90
 58 44
 58 90
 56 89
 56 40
 58 45
 58 86
 55 51
 55 50
 57 46
 57 92
 58 48
 58 44
 56 46
 56 46
 55 90
 55 43
 59 89
 59 46
 58 39
 58 38
 55 47
 55 48
 56 48
 56 46
 57 91
 57 87
 56 89
 56 41
 58 92
 58 91
 56 44
 56 45
 57 46
 57 48
 56 44
 56 88
 57 49
 57 89
 59 47
 59 90
 55 91
 55 91
 55 39
 55 88
 59 91
 59 48
 56 37
 56 91
 59 44
 59 90
 57 42
 57 88
 58 49
 58 91
 56 90
 56 39
 56 90
 56 89
 58 39
 58 89
 56 45
 56 87
 55 39
 55 90
 57 90
 57 90
 58 49
 58 41
 56 44
 56 47
 58 89
 58 41
 57 46
 57 90
 57 90
 57 40
 58 90
 58 48
 56 90
 56 89
 58 90
 58 86
 56 44
 56 44
 57 91
 57 47
 57 40
 57 42
 56 89
 56 91
 56 48
 56 89
 57 86
 57 87
 57 90
 57 89
 58 92
 58 43
 57 48
 57 89
 57 47
 57 89
 57 39
 57 88
 57 46
 57 90
 57 90
 57 88
 57 92
 57 45
 57 89
 57 91
 56 49
 56 91
 57 90
 57 49
 57 89
 57 89
 56 52
 56 89
 58 89
 58 92
 56 41
 56 39
 58 47
 58 89
 57 45
 57 47
 56 46
 56 48
 57 89
 57 37
 58 89
 58 92
 56 89
 56 43
 56 92
 56 89
 57 90
 57 89
 57 90
 57 91
 56 90
 56 43
 57 89
 57 91
 56 38
 56 44
 58 91
 58 46
 56 90
 56 47
 59 88
 59 45
 58 90
 58 48
 57 86
 57 46
 58 40
 58 47
 57 47
 57 45
 57 51
 57 90
 59 46
 59 45
 56 90
 56 89
 59 89
 59 46
 57 48
 57 90
 56 90
 56 44
 58 47
 58 89
 57 87
 57 91
 59 48
 59 46
 56 46
 56 87
 56 89
 56 90
 57 89
 57 89
 58 49
 58 44
 56 91
 56 90
 57 46
 57 44
 57 89
 57 46
 58 40
 58 39
 57 91
 57 91
 57 41
 57 41
 58 89
 58 46
 57 89
 57 41
 57 45
 57 45
 58 45
 58 90
 58 90
 58 45
 55 89
 55 89
 58 90
 58 46
 58 88
 58 40
 58 92
 58 90
 55 44
 55 42
 56 47
 56 89
 56 89
 56 38
 58 47
 58 92
 58 90
 58 89
 57 44
 57 46
 57 38
 57 43
 57 89
 57 46
 58 48
 58 44
 56 46
 56 89
 56 89
 56 38
 57 44
 57 46
 56 89
 56 41
 56 91
 56 46
 57 48
 57 89
 57 47
 57 92
 55 88
 55 39
 58 92
 58 88
 58 89
 58 41
 57 90
 57 91
 56 90
 56 45
 56 46
 56 92
 60 89
 60 89
 54 45
 54 90
 58 41
 58 88
 57 91
 57 45
 57 38
 57 43
 56 45
 56 92
 58 38
 58 42
 56 47
 56 45
 58 89
 58 38
 56 46
 56 88
 57 42
 57 49
 56 45
 56 91
 57 89
 57 89
 55 45
 55 48
 57 41
 57 38
 57 44
 57 91
 57 46
 57 44
 57 92
 57 88
 57 89
 57 48
 56 89
 56 45
 57 90
 57 90
 58 87
 58 90
 56 89
 56 41
 57 92
 57 45
 56 44
 56 38
 58 89
 58 44
 58 48
 58 48
 56 90
 56 89
 57 90
 57 89
 58 48
 58 90
 58 90
 58 39
 56 89
 56 92
 57 41
 57 89
 57 47
 57 48
 57 89
 57 48
 56 91
 56 91
 59 89
 59 41
 57 44
 57 49
 57 89
 57 44
 57 91
 57 44
 56 89
 56 89
 57 47
 57 48
 56 49
 56 89
 57 45
 57 44
 57 44
 57 50
 57 49
 57 90
 56 47
 56 89
 57 44
 57 47
 57 89
 57 89
 56 88
 56 45
 56 88
 56 90
 55 90
 55 90
 57 46
 57 38
 59 49
 59 91
 57 90
 57 43
 57 88
 57 47
 58 89
 58 42
 56 47
 56 47
 57 47
 57 90
 57 44
 57 91
 56 89
 56 90
 56 46
 56 45
 58 89
 58 88
 58 45
 58 88
 57 90
 57 39
 56 88
 56 91
 59 89
 59 89
 56 49
 56 88
 56 38
 56 89
 57 90
 57 88
 57 48
 57 39
 58 89
 58 90
 57 40
 57 46
 57 90
 57 89
 56 43
 56 41
 56 47
 56 48
 56 38
 56 44
 58 91
 58 91
 56 90
 56 89
 57 46
 57 47
 58 90
 58 90
 56 47
 56 49
 56 48
 56 89
 57 86
 57 88
 58 42
 58 38
 57 89
 57 47
 57 47
 57 41
 57 92
 57 90
 58 48
 58 45
 56 43
 56 48
 57 45
 57 38
 57 89
 57 89
 56 45
 56 38
 56 45
 56 87
 57 90
 57 89
 58 87
 58 89
 59 47
 59 47
 55 44
 55 88
 58 42
 58 38
 56 89
 56 46
 57 39
 57 88
 57 91
 57 43
 58 90
 58 89
 56 44
 56 92
 56 45
 56 89
 59 46
 59 92
 57 40
 57 42
 56 92
 56 47
 57 89
 57 50
 57 88
 57 48
 57 91
 57 40
 58 47
 58 88
 55 89
 55 89
 56 45
 56 45
