 4 3
 4 3
 15 11
 15 11
 50 40
 50 39
 99 95
 99 94
 5 20
 5 21
 18 68
 18 62
 55 89
 55 93
 73 44
 73 31
 58 95
 58 87
 52 18
 52 24
 56 82
 56 74
 59 91
 59 80
 57 47
 57 47
 58 88
 58 85
 56 38
 56 43
 56 91
 56 70
 58 50
 58 42
 58 92
 58 87
 58 51
 58 42
 56 49
 56 88
 57 40
 57 90
 58 92
 58 89
 56 89
 56 90
 56 47
 56 46
 57 35
 57 88
 57 92
 57 50
 56 88
 56 53
 59 88
 59 49
 56 48
 56 89
 56 47
 56 92
 57 37
 57 40
 56 49
 56 47
 58 90
 58 35
 57 49
 57 92
 56 34
 56 48
 58 48
 58 93
 56 88
 56 89
 57 48
 57 47
 57 34
 57 40
 58 48
 58 45
 56 34
 56 38
 57 47
 57 92
 56 88
 56 89
 57 88
 57 92
 55 50
 55 52
 57 87
 57 92
 56 90
 56 46
 58 84
 58 92
 55 90
 55 36
 58 91
 58 46
 57 34
 57 40
 57 49
 57 48
 57 47
 57 49
 56 51
 56 93
 57 89
 57 51
 56 47
 56 46
 58 45
 58 35
 58 93
 58 88
 57 56
 57 53
 58 91
 58 49
 54 36
 54 88
 58 90
 58 91
 57 40
 57 88
 58 87
 58 49
 55 90
 55 38
 57 46
 57 92
 57 88
 57 39
 56 48
 56 47
 58 38
 58 36
 56 46
 56 48
 58 89
 58 89
 57 88
 57 86
 57 34
 57 47
 56 50
 56 86
 57 38
 57 89
 55 87
 55 87
 59 89
 59 51
 57 86
 57 47
 56 56
 56 47
 58 48
 58 92
 57 39
 57 53
 56 87
 56 89
 56 35
 56 89
 59 85
 59 87
 57 88
 57 88
 56 50
 56 92
 58 34
 58 54
 57 92
 57 92
 57 88
 57 39
 59 92
 59 48
 55 38
 55 37
 59 48
 59 88
 56 46
 56 88
 58 92
 58 49
 56 89
 56 49
 56 93
 56 92
 58 46
 58 40
 58 48
 58 91
 57 89
 57 36
 59 85
 59 91
 57 49
 57 50
 55 47
 55 47
 61 37
 61 90
 55 93
 55 93
 58 34
 58 41
 57 88
 57 50
 54 55
 54 88
 59 92
 59 46
 56 89
 56 46
 59 50
 59 48
 57 35
 57 50
 57 48
 57 87
 56 34
 56 89
 58 87
 58 49
 57 34
 57 39
 58 47
 58 92
 57 88
 57 45
 56 50
 56 85
 57 89
 57 34
 58 49
 58 92
 56 50
 56 53
 56 86
 56 50
 58 50
 58 89
 56 48
 56 87
 57 51
 57 47
 55 92
 55 90
 58 89
 58 39
 57 86
 57 93
 58 88
 58 35
 56 93
 56 48
 57 48
 57 50
 58 87
 58 92
 56 37
 56 88
 56 91
 56 93
 57 38
 57 90
 56 44
 56 48
 57 88
 57 45
 57 92
 57 47
 57 47
 57 45
 56 92
 56 92
 57 45
 57 33
 58 92
 58 49
 56 89
 56 90
 56 88
 56 93
 55 87
 55 34
 59 92
 59 87
 57 49
 57 90
 57 92
 57 47
 56 35
 56 34
 58 91
 58 50
 56 53
 56 53
 57 88
 57 92
 56 36
 56 87
 56 86
 56 51
 58 90
 58 54
 58 92
 58 44
 58 39
 58 50
 58 86
 58 52
 57 44
 57 90
 57 46
 57 93
 58 37
 58 43
 56 86
 56 90
 58 51
 58 55
 57 91
 57 45
 57 34
 57 87
 57 51
 57 87
 58 90
 58 51
 57 44
 57 91
 57 87
 57 36
 57 51
 57 52
 58 56
 58 56
 55 93
 55 93
 57 32
 57 86
 58 87
 58 88
 55 51
 55 91
 59 91
 59 47
 56 35
 56 42
 56 53
 56 54
 58 50
 58 90
 57 46
 57 91
 56 37
 56 35
 56 86
 56 50
 57 90
 57 50
 58 46
 58 92
 57 34
 57 35
 57 55
 57 51
 55 49
 55 90
 58 45
 58 92
 58 87
 58 38
 58 89
 58 54
 56 91
 56 91
 58 44
 58 43
 58 37
 58 35
 56 83
 56 86
 57 54
 57 55
 55 45
 55 90
 60 35
 60 39
 56 86
 56 86
 56 43
 56 48
 57 93
 57 45
 58 36
 58 88
 57 53
 57 51
 57 90
 57 59
 57 91
 57 93
 58 86
 58 86
 56 87
 56 54
 57 90
 57 44
 56 92
 56 93
 56 34
 56 35
 56 54
 56 51
 58 53
 58 57
 57 92
 57 92
 56 39
 56 36
 58 85
 58 90
 58 55
 58 89
 56 48
 56 92
 58 35
 58 87
 58 84
 58 88
 57 91
 57 52
 56 92
 56 92
 57 86
 57 38
 57 92
 57 87
 57 45
 57 55
 58 92
 58 92
 58 88
 58 36
 57 49
 57 53
 55 54
 55 52
 56 92
 56 45
 56 86
 56 38
 59 88
 59 92
 56 90
 56 50
 55 47
 55 92
 59 35
 59 34
 56 87
 56 51
 56 54
 56 46
 58 91
 58 93
 57 88
 57 87
 58 92
 58 87
 56 90
 56 50
 57 45
 57 93
 58 88
 58 43
 56 88
 56 89
 55 90
 55 60
 58 91
 58 92
 57 39
 57 88
 56 88
 56 55
 56 49
 56 89
 58 46
 58 92
 57 88
 57 35
 57 51
 57 50
 56 57
 56 55
 58 44
 58 43
 58 41
 58 87
 57 56
 57 53
 57 90
 57 89
 58 92
 58 93
 57 35
 57 88
 56 84
 56 82
 57 92
 57 51
 58 43
 58 44
 56 39
 56 85
 57 53
 57 56
 59 41
 59 46
 58 92
 58 93
 58 34
 58 35
 56 51
 56 85
 56 90
 56 50
 56 92
 56 93
 57 44
 57 87
 56 86
 56 86
 57 54
 57 89
 56 92
 56 47
 58 41
 58 88
 56 86
 56 52
 57 58
 57 91
 59 92
 59 43
 56 87
 56 86
 57 54
 57 56
 57 90
 57 89
 57 48
 57 92
 56 36
 56 88
 56 50
 56 87
 58 54
 58 51
 57 45
 57 92
 57 87
 57 35
 57 58
 57 53
 57 51
 57 46
 57 93
 57 92
 57 88
 57 88
 56 83
 56 86
 57 91
 57 45
 57 42
 57 89
 58 35
 58 86
 55 88
 55 88
 59 55
 59 54
 59 92
 59 92
 55 37
 55 35
 58 90
 58 88
 55 48
 55 91
 58 45
 58 92
 56 36
 56 85
 58 54
 58 52
 56 52
 56 91
 57 93
 57 92
 58 35
 58 88
 58 85
 58 84
 57 55
 57 54
 56 44
 56 93
 58 33
 58 85
 56 54
 56 54
 57 91
 57 90
 57 45
 57 44
 56 87
 56 37
 56 85
 56 85
 58 91
 58 56
 56 43
 56 44
 58 85
 58 39
 56 89
 56 52
 56 90
 56 89
 56 92
 56 93
 58 36
 58 34
 57 83
 57 88
 57 51
 57 55
 56 42
 56 92
 57 87
 57 37
 56 51
 56 89
 57 52
 57 90
 57 47
 57 46
 55 87
 55 39
 57 81
 57 54
 57 52
 57 46
 58 91
 58 92
 57 88
 57 37
 57 54
 57 51
 56 53
 56 54
 57 92
 57 49
 57 33
 57 35
 58 86
 58 84
 57 91
 57 49
 57 92
 57 93
 56 86
 56 40
 57 91
 57 86
 56 39
 56 44
 57 92
 57 92
 58 87
 58 42
 58 82
 58 82
 58 59
 58 91
 55 90
 55 42
 57 37
 57 34
 58 56
 58 55
 58 47
 58 89
 56 47
 56 93
 58 36
 58 41
 57 88
 57 84
 58 53
 58 92
 57 93
 57 92
 57 86
 57 86
 58 52
 58 56
 56 91
 56 42
 58 92
 58 48
 57 87
 57 88
 57 85
 57 85
 59 57
 59 56
 56 90
 56 92
 58 87
 58 86
 56 53
 56 55
 57 89
 57 89
 59 48
 59 44
 55 37
 55 36
 56 53
 56 85
 58 54
 58 91
 57 42
 57 44
 58 36
 58 34
 57 55
 57 52
 56 44
 56 39
 58 93
 58 47
 59 39
 59 33
 55 86
 55 87
 56 91
 56 91
 58 45
 58 90
 57 87
 57 34
 56 85
 56 88
 56 48
 56 90
 57 92
 57 44
 57 36
 57 87
 58 88
 58 81
 58 56
 58 50
 58 91
 58 44
 57 88
 57 34
 57 55
 57 53
 58 44
 58 90
 57 93
 57 89
 57 34
 57 37
 56 49
 56 49
 58 43
 58 91
 57 41
 57 41
 57 37
 57 39
 57 86
 57 52
 56 90
 56 89
 57 91
 57 91
 58 88
 58 35
 57 85
 57 50
 57 57
 57 52
 57 43
 57 43
 55 86
 55 43
 58 52
 58 84
 57 47
 57 89
 56 93
 56 93
 57 87
 57 37
 58 83
 58 84
 57 53
 57 90
 56 45
 56 42
 55 36
 55 38
 58 86
 58 55
 57 49
 57 90
 57 44
 57 92
 57 36
 57 86
 56 86
 56 85
 57 90
 57 58
 58 92
 58 91
 56 87
 56 86
 57 52
 57 86
 57 90
 57 47
 57 44
 57 92
 57 87
 57 35
 56 87
 56 83
 59 55
 59 58
 56 45
 56 93
 57 37
 57 37
 58 85
 58 89
 57 89
 57 90
 57 50
 57 91
 56 88
 56 87
 57 50
 57 50
 55 60
 55 52
 57 44
 57 90
 58 35
 58 87
 57 89
 57 53
 59 55
 59 90
 56 93
 56 92
 57 86
 57 36
 57 85
 57 52
 56 91
 56 55
 57 88
 57 93
 56 87
 56 87
 57 55
 57 85
 57 90
 57 89
 58 91
 58 92
 56 87
 56 87
 57 92
 57 90
 57 53
 57 52
 58 92
 58 90
 55 34
 55 86
 56 87
 56 88
 57 41
 57 89
 57 93
 57 91
 58 87
 58 87
 57 83
 57 85
 56 90
 56 91
 57 92
 57 92
 56 34
 56 86
 56 88
 56 88
 57 49
 57 90
 57 91
 57 45
 58 34
 58 33
 58 83
 58 84
 56 59
 56 60
 58 42
 58 91
 58 87
 58 39
 56 86
 56 88
 56 89
 56 49
 56 47
 56 48
 58 38
 58 43
 58 50
 58 85
 58 92
 58 91
 58 92
 58 44
 56 36
 56 87
 57 91
 57 57
 59 54
 59 43
 55 45
 55 92
 57 88
 57 33
 56 49
 56 84
 58 90
 58 49
 56 91
 56 44
 57 37
 57 34
 56 53
 56 85
 56 90
 56 90
 59 46
 59 46
 58 34
 58 33
 58 86
 58 52
 56 91
 56 54
 57 45
 57 92
 55 86
 55 86
 59 88
 59 88
 55 90
 55 45
 57 48
 57 44
 56 87
 56 35
 57 51
 57 51
 57 52
 57 53
 57 45
 57 89
 56 39
 56 87
 58 87
 58 87
 57 43
 57 90
 58 92
 58 45
 57 33
 57 87
 55 52
 55 52
 57 53
 57 91
 58 92
 58 91
 57 38
 57 34
 57 88
 57 88
 58 49
 58 89
 56 48
 56 46
 56 87
 56 35
 57 52
 57 84
 57 91
 57 91
 55 42
 55 90
 58 86
 58 40
 57 89
 57 57
 56 90
 56 89
 57 93
 57 47
 57 33
 57 39
 58 49
 58 83
 57 54
 57 53
 55 44
 55 42
 58 34
 58 87
 56 54
 56 56
 56 51
 56 90
 57 92
 57 93
 58 88
 58 87
 59 86
 59 49
 58 52
 58 90
 56 91
 56 90
 58 36
 58 35
 57 53
 57 90
 57 90
 57 55
 56 44
 56 45
 58 87
 58 88
 56 86
 56 48
 55 55
 55 91
 58 42
 58 90
 56 87
 56 33
 55 87
 55 56
 57 54
 57 49
 56 47
 56 48
 55 33
 55 40
 57 87
 57 50
 57 91
 57 54
 56 45
 56 92
 58 86
 58 38
 59 53
 59 84
 57 41
 57 90
 58 91
 58 45
 56 36
 56 88
 59 50
 59 52
 56 58
 56 53
 58 90
 58 92
 58 37
 58 36
 57 56
 57 88
 58 53
 58 46
 56 93
 56 93
 58 40
 58 33
 56 84
 56 85
 58 38
 58 90
 57 89
 57 91
 57 85
 57 88
 56 86
 56 89
 57 90
 57 89
 57 92
 57 93
 55 31
 55 32
 58 52
 58 85
 57 55
 57 90
 58 89
 58 91
 58 37
 58 39
 55 86
 55 84
 58 90
 58 89
 55 93
 55 45
 58 36
 58 87
 58 85
 58 53
 58 57
 58 54
 56 92
 56 89
 58 37
 58 34
 57 89
 57 90
 56 48
 56 90
 58 91
 58 93
 58 87
 58 41
 56 54
 56 84
 58 51
 58 51
 58 42
 58 91
 55 42
 55 37
 58 86
 58 86
 58 89
 58 50
 58 49
 58 45
 56 86
 56 37
 57 50
 57 49
 58 90
 58 52
 57 92
 57 91
 58 38
 58 38
 56 55
 56 53
 57 35
 57 43
 57 47
 57 49
 57 87
 57 33
 58 86
 58 85
 55 90
 55 91
 59 93
 59 91
 57 38
 57 39
 57 92
 57 53
 58 40
 58 49
 56 92
 56 94
 56 87
 56 35
 57 85
 57 51
 56 54
 56 49
 58 41
 58 91
 57 86
 57 86
 57 85
 57 89
 58 51
 58 90
 56 47
 56 47
 58 37
 58 36
 58 86
 58 53
 57 57
 57 54
 55 93
 55 92
 58 37
 58 86
 56 51
 56 54
 57 89
 57 46
 57 47
 57 45
 56 34
 56 37
 58 83
 58 50
 57 53
 57 52
 58 43
 58 93
 56 86
 56 38
 57 53
 57 52
 57 51
 57 88
 56 93
 56 93
 57 88
 57 37
 58 50
 58 48
 55 90
 55 91
 58 44
 58 41
 57 34
 57 35
 57 55
 57 86
 59 46
 59 90
 57 93
 57 93
 56 35
 56 38
 58 51
 58 82
 55 91
 55 52
 57 93
 57 41
 57 87
 57 38
 57 51
 57 55
 56 43
 56 48
 56 89
 56 45
 56 32
 56 87
 57 53
 57 87
 57 56
 57 90
 56 44
 56 92
 57 37
 57 86
 57 51
 57 90
 57 89
 57 49
 55 93
 55 93
 57 88
 57 36
 56 87
 56 83
 57 56
 57 90
 58 91
 58 42
 57 36
 57 36
 57 88
 57 50
 57 53
 57 39
 58 88
 58 91
 56 38
 56 88
 56 53
 56 85
 57 50
 57 60
 58 90
 58 45
 56 42
 56 87
 56 53
 56 91
 57 50
 57 90
 57 45
 57 43
 57 87
 57 88
 57 86
 57 50
 56 90
 56 50
 56 42
 56 45
 57 38
 57 35
 57 55
 57 89
 57 51
 57 49
 55 91
 55 93
 57 38
 57 32
 59 49
 59 82
 58 51
 58 53
 57 45
 57 92
 55 37
 55 36
 58 88
 58 89
 55 53
 55 49
 56 92
 56 47
 58 33
 58 87
 58 51
 58 91
 55 54
 55 91
 56 90
 56 91
 57 88
 57 37
 57 54
 57 87
 57 89
 57 89
 57 93
 57 89
 56 88
 56 86
 59 85
 59 87
 57 91
 57 56
 57 40
 57 43
 57 87
 57 86
 56 87
 56 86
 57 90
 57 48
 56 89
 56 90
 58 89
 58 36
 58 86
 58 52
 57 51
 57 45
 57 92
 57 43
 57 33
 57 86
 55 87
 55 85
 58 47
 58 90
 57 47
 57 46
 57 88
 57 34
 58 54
 58 85
 56 58
 56 91
 56 44
 56 91
 56 87
 56 87
 57 85
 57 90
 57 51
 57 49
 58 46
 58 91
 55 87
 55 33
 58 87
 58 51
 59 61
 59 91
 56 90
 56 91
 58 40
 58 46
 58 85
 58 88
 55 51
 55 89
 56 48
 56 46
 59 39
 59 33
 58 86
 58 87
 56 43
 56 90
 57 92
 57 92
 58 36
 58 87
 56 53
 56 53
 58 51
 58 55
 58 92
 58 93
 57 87
 57 87
 57 49
 57 51
 58 58
 58 91
 58 41
 58 92
 55 88
 55 37
 59 88
 59 53
 56 88
 56 89
 57 45
 57 92
 56 87
 56 32
 55 49
 55 83
 58 53
 58 91
 57 91
 57 44
 56 36
 56 40
 60 90
 60 89
 56 89
 56 46
 56 93
 56 92
 57 86
 57 87
 57 87
 57 86
 57 91
 57 55
 58 93
 58 93
 56 87
 56 87
 58 92
 58 91
 55 55
 55 50
 57 91
 57 47
 58 88
 58 35
 56 84
 56 52
 55 92
 55 51
 59 93
 59 93
 58 38
 58 88
 55 53
 55 53
 56 50
 56 90
 57 91
 57 92
 56 86
 56 34
 58 51
 58 85
 56 90
 56 91
 57 44
 57 91
 56 86
 56 35
 57 89
 57 89
 59 46
 59 55
 55 47
 55 94
 55 33
 55 34
 59 83
 59 84
 56 90
 56 91
 59 42
 59 43
 57 36
 57 34
 58 53
 58 55
 56 55
 56 90
 56 93
 56 44
 58 47
 58 35
 56 85
 56 85
 55 91
 55 90
 57 92
 57 90
 58 85
 58 39
 56 90
 56 86
 58 51
 58 90
 57 93
 57 93
 57 35
 57 88
 58 50
 58 49
 56 90
 56 54
 58 92
 58 42
 56 39
 56 86
 57 87
 57 88
 57 89
 57 88
 56 45
 56 88
 56 87
 56 37
 57 85
 57 82
 57 45
 57 90
 58 41
 58 93
 57 36
 57 38
 57 91
 57 86
 57 42
 57 53
 57 45
 57 93
 57 35
 57 35
 57 49
 57 86
 57 91
 57 91
 56 41
 56 93
 57 37
 57 37
 57 55
 57 51
 56 89
 56 52
 58 45
 58 89
 56 35
 56 33
 58 50
 58 53
 57 51
 57 59
 56 92
 56 93
 57 34
 57 86
 58 86
 58 57
 56 91
 56 47
 56 91
 56 92
 57 34
 57 86
 57 91
 57 85
 56 90
 56 51
 57 90
 57 44
 56 88
 56 33
 58 88
 58 86
 56 89
 56 47
 59 92
 59 44
 58 88
 58 88
 57 82
 57 49
 58 55
 58 50
 57 92
 57 90
 57 39
 57 36
 59 84
 59 56
 56 49
 56 45
 59 93
 59 46
 57 88
 57 87
 56 89
 56 89
 58 56
 58 48
 57 91
 57 92
 59 39
 59 35
 56 56
 56 88
 56 49
 56 49
 57 92
 57 94
 58 35
 58 33
 56 50
 56 85
 57 57
 57 91
 57 40
 57 43
 58 87
 58 86
 57 92
 57 90
 57 51
 57 48
 58 47
 58 50
 57 36
 57 87
 57 84
 57 52
 58 91
 58 52
 58 43
 58 44
 55 86
 55 35
 58 91
 58 85
 58 44
 58 48
 58 49
 58 93
 55 35
 55 36
 56 83
 56 86
 56 52
 56 91
 58 93
 58 92
 58 86
 58 85
 57 52
 57 53
 57 89
 57 90
 57 93
 57 49
 58 34
 58 88
 56 83
 56 87
 56 91
 56 54
 57 92
 57 91
 56 88
 56 36
 56 87
 56 53
 57 88
 57 55
 57 93
 57 93
 55 87
 55 88
 58 83
 58 87
 58 59
 58 59
 57 41
 57 91
 56 87
 56 39
 56 89
 56 92
 60 45
 60 89
 54 93
 54 92
 58 38
 58 33
 57 83
 57 84
 57 61
 57 90
 56 45
 56 45
 58 34
 58 35
 56 87
 56 53
 58 90
 58 89
 56 93
 56 44
 57 88
 57 88
 56 51
 56 86
 57 58
 57 91
 55 41
 55 42
 57 86
 57 33
 57 85
 57 51
 57 91
 57 49
 57 91
 57 93
 57 37
 57 88
 56 85
 56 88
 57 91
 57 53
 58 93
 58 92
 56 36
 56 87
 57 53
 57 51
 56 91
 56 44
 58 46
 58 44
 58 87
 58 39
 56 85
 56 84
 57 59
 57 58
 58 42
 58 93
 58 86
 58 36
 56 86
 56 87
 57 89
 57 91
 57 93
 57 48
 57 87
 57 33
 56 86
 56 85
 59 58
 59 47
 57 90
 57 91
 57 87
 57 39
 57 86
 57 55
 56 91
 56 88
 57 93
 57 92
 56 36
 56 36
 57 53
 57 53
 57 92
 57 56
 57 42
 57 90
 56 39
 56 38
 57 54
 57 89
 57 90
 57 89
 56 92
 56 91
 56 87
 56 87
 55 88
 55 52
 57 90
 57 90
 59 92
 59 92
 57 36
 57 36
 57 91
 57 89
 58 89
 58 56
 56 92
 56 47
 57 36
 57 87
 57 85
 57 49
 56 51
 56 57
 56 45
 56 93
 58 38
 58 86
 58 55
 58 88
 57 52
 57 45
 56 92
 56 93
 59 87
 59 32
 56 86
 56 52
 56 50
 56 59
 57 92
 57 44
 57 87
 57 35
 58 85
 58 88
 57 49
 57 89
 57 90
 57 93
 56 87
 56 33
 56 85
 56 87
 56 92
 56 57
 58 42
 58 91
 56 36
 56 87
 57 53
 57 89
 58 49
 58 89
 56 92
 56 46
 56 87
 56 88
 57 86
 57 49
 58 60
 58 90
 57 91
 57 93
 57 37
 57 88
 57 56
 57 87
 58 46
 58 91
 56 91
 56 92
 57 33
 57 34
 57 50
 57 51
 56 49
 56 52
 56 92
 56 92
 57 35
 57 86
 58 89
 58 55
 59 90
 59 90
 55 93
 55 93
 58 35
 58 33
 56 86
 56 84
 57 51
 57 91
 57 92
 57 92
 58 40
 58 39
 56 54
 56 88
 56 47
 56 89
 59 92
 59 92
 57 33
 57 87
 56 88
 56 86
 57 91
 57 91
 57 91
 57 93
 57 41
 57 42
 58 54
 58 88
 55 90
 55 90
 56 48
 56 93
