 4 2
 4 2
 15 8
 15 8
 50 30
 50 30
 99 83
 99 83
 5 55
 5 56
 18 98
 18 98
 55 10
 55 9
 73 33
 73 34
 58 86
 58 87
 52 39
 52 43
 56 96
 56 95
 59 19
 59 19
 57 57
 57 57
 58 96
 58 96
 56 16
 56 17
 56 59
 56 59
 58 97
 58 98
 58 10
 58 11
 58 40
 58 36
 56 95
 56 92
 57 26
 57 27
 58 77
 58 74
 56 72
 56 74
 56 75
 56 71
 57 79
 57 77
 57 61
 57 61
 56 87
 56 82
 59 63
 59 52
 56 93
 56 98
 56 9
 56 10
 57 35
 57 36
 56 90
 56 92
 58 30
 58 35
 57 86
 57 84
 56 60
 56 49
 58 98
 58 98
 56 7
 56 12
 57 28
 57 29
 57 86
 57 86
 58 60
 58 56
 56 97
 56 98
 57 17
 57 12
 56 44
 56 44
 57 99
 57 98
 55 10
 55 8
 57 29
 57 28
 56 85
 56 82
 58 63
 58 62
 55 93
 55 90
 58 34
 58 31
 57 84
 57 82
 57 51
 57 50
 57 99
 57 98
 56 7
 56 7
 57 29
 57 22
 56 71
 56 72
 58 77
 58 74
 58 72
 58 74
 57 72
 57 76
 58 60
 58 58
 54 92
 54 92
 58 27
 58 25
 57 74
 57 77
 58 65
 58 70
 55 89
 55 84
 57 48
 57 44
 57 97
 57 96
 56 16
 56 12
 58 47
 58 45
 56 98
 56 99
 58 9
 58 7
 57 29
 57 32
 57 78
 57 78
 56 61
 56 65
 57 92
 57 94
 55 23
 55 26
 59 76
 59 72
 57 79
 57 77
 56 71
 56 66
 58 81
 58 78
 57 65
 57 64
 56 95
 56 96
 56 21
 56 27
 59 68
 59 71
 57 83
 57 85
 56 41
 56 38
 58 97
 58 97
 57 16
 57 11
 57 50
 57 47
 59 98
 59 98
 55 8
 55 7
 59 27
 59 28
 56 75
 56 76
 58 71
 58 73
 56 77
 56 80
 56 58
 56 65
 58 92
 58 92
 58 27
 58 29
 57 83
 57 79
 59 64
 59 62
 57 86
 57 87
 55 42
 55 41
 61 95
 61 95
 55 21
 55 18
 58 72
 58 74
 57 78
 57 80
 54 57
 54 66
 59 91
 59 86
 56 29
 56 44
 59 93
 59 91
 57 31
 57 46
 57 96
 57 96
 56 22
 56 22
 58 73
 58 79
 57 81
 57 81
 58 58
 58 57
 57 91
 57 95
 56 34
 56 26
 57 83
 57 80
 58 59
 58 41
 56 96
 56 97
 56 12
 56 12
 58 45
 58 41
 56 97
 56 97
 57 9
 57 12
 55 36
 55 34
 58 92
 58 93
 57 27
 57 29
 58 82
 58 79
 56 64
 56 60
 57 95
 57 89
 58 22
 58 23
 56 73
 56 68
 56 79
 56 78
 57 60
 57 70
 56 84
 56 85
 57 38
 57 55
 57 97
 57 98
 57 9
 57 8
 56 33
 56 34
 57 88
 57 91
 58 35
 58 38
 56 90
 56 90
 56 39
 56 32
 55 93
 55 89
 59 38
 59 36
 57 87
 57 84
 57 36
 57 37
 56 96
 56 91
 58 31
 58 33
 56 69
 56 75
 57 82
 57 72
 56 76
 56 69
 56 75
 56 86
 58 57
 58 64
 58 89
 58 91
 58 35
 58 31
 58 82
 58 85
 57 66
 57 54
 57 96
 57 96
 58 30
 58 20
 56 81
 56 81
 58 72
 58 80
 57 71
 57 80
 57 73
 57 65
 57 67
 57 66
 58 71
 58 68
 57 61
 57 77
 57 86
 57 80
 57 59
 57 44
 58 96
 58 96
 55 15
 55 21
 57 66
 57 51
 58 97
 58 97
 55 21
 55 10
 59 39
 59 44
 56 95
 56 94
 56 24
 56 24
 58 75
 58 70
 57 89
 57 81
 56 59
 56 46
 56 96
 56 98
 57 8
 57 8
 58 31
 58 34
 57 86
 57 90
 57 43
 57 48
 55 99
 55 99
 58 7
 58 5
 58 23
 58 25
 58 76
 58 73
 56 79
 56 73
 58 72
 58 69
 58 81
 58 78
 56 70
 56 72
 57 82
 57 84
 55 62
 55 49
 60 98
 60 98
 56 9
 56 10
 56 32
 56 27
 57 81
 57 78
 58 68
 58 65
 57 91
 57 89
 57 35
 57 36
 57 93
 57 95
 58 30
 58 32
 56 84
 56 91
 57 49
 57 47
 56 98
 56 98
 56 7
 56 7
 56 29
 56 26
 58 77
 58 78
 57 69
 57 64
 56 88
 56 88
 58 28
 58 38
 58 92
 58 92
 56 34
 56 28
 58 87
 58 82
 58 53
 58 51
 57 99
 57 98
 56 7
 56 9
 57 29
 57 25
 57 76
 57 81
 57 63
 57 68
 58 91
 58 90
 58 33
 58 30
 57 84
 57 84
 55 46
 55 53
 56 98
 56 98
 56 7
 56 8
 59 27
 59 27
 56 86
 56 87
 55 59
 55 63
 59 93
 59 94
 56 15
 56 17
 56 60
 56 63
 58 90
 58 86
 57 32
 57 32
 58 90
 58 86
 56 40
 56 39
 57 97
 57 98
 58 16
 58 17
 56 48
 56 46
 55 98
 55 98
 58 11
 58 7
 57 32
 57 28
 56 83
 56 82
 56 53
 56 56
 58 97
 58 97
 57 11
 57 11
 57 32
 57 36
 56 89
 56 87
 58 44
 58 42
 58 98
 58 96
 57 10
 57 14
 57 39
 57 42
 58 96
 58 96
 57 13
 57 14
 56 50
 56 46
 57 98
 57 97
 58 7
 58 7
 56 24
 56 22
 57 77
 57 74
 59 70
 59 68
 58 81
 58 78
 58 62
 58 62
 56 89
 56 88
 56 48
 56 35
 56 95
 56 94
 57 12
 57 14
 56 52
 56 51
 57 98
 57 99
 56 7
 56 7
 58 26
 58 30
 56 71
 56 82
 57 77
 57 72
 59 74
 59 74
 56 77
 56 78
 57 75
 57 74
 57 81
 57 75
 57 67
 57 72
 56 80
 56 86
 56 66
 56 65
 58 97
 58 98
 57 17
 57 13
 57 63
 57 49
 57 99
 57 94
 57 9
 57 7
 57 34
 57 44
 57 81
 57 81
 56 60
 56 63
 57 95
 57 96
 57 15
 57 19
 58 54
 58 52
 55 99
 55 98
 59 6
 59 7
 59 24
 59 24
 55 74
 55 66
 58 85
 58 82
 55 60
 55 60
 58 96
 58 96
 56 19
 56 23
 58 59
 58 58
 56 96
 56 95
 57 20
 57 20
 58 70
 58 67
 58 85
 58 87
 57 52
 57 60
 56 98
 56 99
 58 7
 58 8
 56 31
 56 32
 57 83
 57 86
 57 53
 57 47
 56 98
 56 97
 56 7
 56 6
 58 29
 58 25
 56 79
 56 80
 58 66
 58 60
 56 91
 56 89
 56 37
 56 34
 56 92
 56 92
 58 39
 58 32
 57 88
 57 91
 57 41
 57 41
 56 96
 56 89
 57 21
 57 18
 56 70
 56 65
 57 83
 57 89
 57 41
 57 44
 55 96
 55 94
 57 16
 57 23
 57 53
 57 51
 58 98
 58 97
 57 10
 57 10
 57 38
 57 35
 56 94
 56 90
 57 27
 57 20
 57 73
 57 75
 58 79
 58 83
 57 68
 57 71
 57 80
 57 81
 56 60
 56 54
 57 98
 57 96
 56 9
 56 8
 57 34
 57 34
 58 88
 58 91
 58 33
 58 42
 58 93
 58 91
 55 39
 55 45
 57 85
 57 93
 58 43
 58 42
 58 94
 58 95
 56 16
 56 12
 58 50
 58 49
 57 99
 57 96
 58 10
 58 12
 57 30
 57 36
 57 84
 57 84
 58 54
 58 47
 56 98
 56 97
 58 10
 58 7
 57 28
 57 27
 57 80
 57 79
 59 57
 59 61
 56 95
 56 93
 58 21
 58 24
 56 62
 56 69
 57 80
 57 83
 59 58
 59 64
 55 96
 55 98
 56 12
 56 18
 58 43
 58 43
 57 95
 57 98
 58 17
 58 11
 57 47
 57 49
 56 98
 56 97
 58 6
 58 8
 59 28
 59 29
 55 81
 55 82
 56 67
 56 55
 58 95
 58 94
 57 27
 57 31
 56 83
 56 75
 56 65
 56 63
 57 95
 57 91
 57 28
 57 30
 58 93
 58 84
 58 43
 58 43
 58 95
 58 97
 57 12
 57 13
 57 45
 57 44
 58 98
 58 96
 57 10
 57 10
 57 31
 57 35
 56 83
 56 86
 58 47
 58 48
 57 98
 57 98
 57 7
 57 5
 57 25
 57 29
 56 71
 56 73
 57 78
 57 76
 58 69
 58 67
 57 80
 57 81
 57 58
 57 61
 57 95
 57 93
 55 24
 55 22
 58 66
 58 63
 57 83
 57 86
 56 57
 56 58
 57 98
 57 97
 58 9
 58 9
 57 37
 57 34
 56 93
 56 86
 55 36
 55 45
 58 98
 58 97
 57 11
 57 22
 57 45
 57 43
 57 97
 57 98
 56 10
 56 13
 57 42
 57 41
 58 98
 58 97
 56 14
 56 10
 57 40
 57 43
 57 94
 57 94
 57 22
 57 18
 57 54
 57 56
 56 97
 56 95
 59 15
 59 11
 56 48
 56 48
 57 98
 57 98
 58 6
 58 6
 57 26
 57 26
 57 77
 57 75
 56 76
 56 74
 57 72
 57 72
 55 80
 55 75
 57 75
 57 71
 58 77
 58 76
 57 56
 57 58
 59 96
 59 91
 56 23
 56 25
 57 66
 57 67
 57 85
 57 79
 56 60
 56 46
 57 97
 57 98
 56 9
 56 11
 57 27
 57 28
 57 81
 57 86
 58 58
 58 58
 56 95
 56 94
 57 18
 57 14
 57 54
 57 52
 58 97
 58 98
 55 8
 55 10
 56 29
 56 32
 57 87
 57 89
 57 34
 57 46
 58 96
 58 97
 57 11
 57 11
 56 46
 56 49
 57 98
 57 98
 56 5
 56 6
 56 28
 56 25
 57 72
 57 78
 57 76
 57 72
 58 85
 58 77
 58 70
 58 67
 56 89
 56 86
 58 46
 58 47
 58 98
 58 99
 56 14
 56 8
 56 35
 56 37
 56 87
 56 87
 58 46
 58 46
 58 99
 58 98
 58 11
 58 8
 58 29
 58 28
 56 85
 56 86
 57 51
 57 55
 59 97
 59 98
 55 8
 55 9
 57 30
 57 31
 56 89
 56 85
 58 43
 58 48
 56 98
 56 99
 57 6
 57 6
 56 26
 56 30
 56 84
 56 82
 59 58
 59 63
 58 94
 58 96
 58 16
 58 21
 56 58
 56 58
 57 96
 57 95
 55 12
 55 16
 59 44
 59 42
 55 97
 55 97
 57 8
 57 9
 56 37
 56 33
 57 90
 57 90
 57 42
 57 40
 57 95
 57 95
 56 24
 56 19
 58 60
 58 61
 57 94
 57 92
 58 25
 58 26
 57 78
 57 80
 55 65
 55 68
 57 86
 57 86
 58 42
 58 40
 57 95
 57 94
 57 19
 57 21
 58 64
 58 64
 56 77
 56 80
 56 49
 56 49
 57 99
 57 96
 57 11
 57 10
 55 37
 55 35
 58 90
 58 87
 57 44
 57 43
 56 97
 56 96
 57 14
 57 16
 57 51
 57 51
 58 97
 58 98
 57 7
 57 7
 55 31
 55 29
 58 83
 58 80
 56 56
 56 57
 56 96
 56 97
 57 12
 57 9
 58 39
 58 36
 59 95
 59 96
 58 22
 58 28
 56 63
 56 74
 58 87
 58 85
 57 37
 57 43
 57 95
 57 96
 56 16
 56 17
 58 47
 58 51
 56 98
 56 98
 55 5
 55 7
 58 23
 58 24
 56 71
 56 75
 55 71
 55 76
 57 76
 57 76
 56 74
 56 78
 55 71
 55 73
 57 76
 57 74
 57 74
 57 82
 56 66
 56 69
 58 80
 58 84
 59 49
 59 50
 57 98
 57 99
 58 8
 58 7
 56 28
 56 30
 59 83
 59 82
 56 63
 56 60
 58 96
 58 96
 58 17
 58 16
 57 56
 57 57
 58 97
 58 96
 56 12
 56 14
 58 47
 58 51
 56 97
 56 98
 58 8
 58 8
 57 28
 57 31
 57 78
 57 74
 56 66
 56 68
 57 88
 57 85
 57 39
 57 49
 55 98
 55 98
 58 11
 58 8
 57 37
 57 39
 58 90
 58 91
 58 39
 58 38
 55 94
 55 92
 58 22
 58 22
 55 75
 55 66
 58 80
 58 77
 58 49
 58 49
 58 97
 58 94
 56 9
 56 8
 58 33
 58 30
 57 89
 57 87
 56 36
 56 41
 58 96
 58 94
 58 20
 58 19
 56 69
 56 67
 58 90
 58 91
 58 26
 58 29
 55 81
 55 83
 58 59
 58 59
 58 97
 58 96
 58 14
 58 14
 56 47
 56 50
 57 98
 57 99
 58 6
 58 7
 57 28
 57 25
 58 74
 58 78
 56 64
 56 69
 57 84
 57 88
 57 55
 57 54
 57 96
 57 97
 58 10
 58 12
 55 32
 55 32
 59 84
 59 87
 57 51
 57 40
 57 98
 57 97
 58 7
 58 8
 56 33
 56 23
 56 75
 56 74
 57 66
 57 68
 56 82
 56 85
 58 50
 58 47
 57 98
 57 98
 57 7
 57 5
 58 23
 58 30
 56 73
 56 77
 58 82
 58 76
 58 67
 58 66
 57 89
 57 81
 55 47
 55 46
 58 98
 58 95
 56 11
 56 10
 57 35
 57 33
 57 86
 57 92
 56 34
 56 41
 58 94
 58 91
 57 27
 57 34
 58 83
 58 78
 56 59
 56 57
 57 97
 57 94
 57 10
 57 12
 56 44
 56 44
 57 96
 57 97
 58 13
 58 9
 55 40
 55 45
 58 94
 58 94
 57 16
 57 17
 57 53
 57 56
 59 98
 59 97
 57 10
 57 15
 56 47
 56 49
 58 97
 58 97
 55 12
 55 8
 57 38
 57 36
 57 92
 57 91
 57 32
 57 32
 56 84
 56 88
 56 49
 56 49
 56 98
 56 99
 57 8
 57 7
 57 26
 57 28
 56 76
 56 78
 57 68
 57 70
 57 85
 57 85
 57 56
 57 61
 55 97
 55 98
 57 9
 57 9
 56 40
 56 38
 57 90
 57 90
 58 35
 58 33
 57 86
 57 90
 57 39
 57 38
 57 95
 57 98
 58 18
 58 11
 56 53
 56 45
 56 97
 56 99
 57 7
 57 8
 58 28
 58 31
 56 80
 56 82
 56 63
 56 62
 57 95
 57 94
 57 22
 57 21
 57 69
 57 67
 57 83
 57 81
 56 52
 56 51
 56 97
 56 98
 57 10
 57 7
 57 32
 57 29
 57 81
 57 86
 55 55
 55 54
 57 97
 57 98
 59 10
 59 7
 58 33
 58 36
 57 87
 57 83
 55 47
 55 48
 58 98
 58 97
 55 7
 55 9
 56 30
 56 32
 58 88
 58 86
 58 49
 58 50
 55 99
 55 99
 56 5
 56 5
 57 25
 57 22
 57 76
 57 71
 57 69
 57 75
 57 75
 57 70
 56 75
 56 76
 59 81
 59 77
 57 75
 57 72
 57 61
 57 69
 57 84
 57 87
 56 52
 56 49
 57 98
 57 96
 56 8
 56 8
 58 27
 58 30
 58 87
 58 84
 57 55
 57 54
 57 98
 57 98
 57 8
 57 7
 55 29
 55 25
 58 81
 58 80
 57 64
 57 67
 57 92
 57 92
 58 29
 58 29
 56 81
 56 89
 56 59
 56 54
 56 97
 56 99
 57 6
 57 8
 57 28
 57 29
 58 80
 58 80
 55 62
 55 62
 58 94
 58 96
 59 24
 59 23
 56 70
 56 69
 58 87
 58 82
 58 52
 58 55
 55 98
 55 97
 56 9
 56 8
 59 28
 59 30
 58 80
 58 82
 56 57
 56 60
 57 94
 57 94
 58 22
 58 16
 56 59
 56 61
 58 95
 58 95
 58 18
 58 23
 57 60
 57 66
 57 92
 57 89
 58 41
 58 37
 58 87
 58 89
 55 26
 55 31
 59 90
 59 90
 56 45
 56 50
 57 93
 57 97
 56 26
 56 24
 55 63
 55 70
 58 94
 58 88
 57 36
 57 39
 56 92
 56 93
 60 35
 60 36
 56 89
 56 94
 56 28
 56 35
 57 82
 57 79
 57 47
 57 44
 57 96
 57 97
 58 14
 58 11
 56 44
 56 40
 58 94
 58 94
 55 19
 55 19
 57 52
 57 54
 58 97
 58 97
 56 15
 56 15
 55 55
 55 57
 59 87
 59 95
 58 28
 58 20
 55 72
 55 72
 56 76
 56 76
 57 57
 57 69
 56 96
 56 97
 58 18
 58 18
 56 63
 56 71
 57 91
 57 88
 56 34
 56 51
 57 86
 57 83
 59 48
 59 34
 55 90
 55 95
 55 16
 55 19
 59 56
 59 57
 56 96
 56 93
 59 19
 59 18
 57 65
 57 59
 58 90
 58 93
 56 27
 56 30
 56 85
 56 91
 58 34
 58 41
 56 94
 56 97
 55 10
 55 9
 57 40
 57 38
 58 94
 58 94
 56 18
 56 20
 58 55
 58 61
 57 95
 57 93
 57 26
 57 27
 58 72
 58 74
 56 79
 56 80
 58 62
 58 68
 56 78
 56 81
 57 62
 57 59
 57 97
 57 98
 56 13
 56 14
 56 43
 56 52
 57 96
 57 97
 57 13
 57 13
 58 37
 58 37
 57 95
 57 92
 57 22
 57 25
 57 68
 57 73
 57 78
 57 75
 57 71
 57 61
 57 85
 57 92
 57 39
 57 40
 56 93
 56 95
 57 21
 57 18
 57 53
 57 60
 56 96
 56 98
 58 9
 58 9
 56 30
 56 34
 58 90
 58 93
 57 32
 57 39
 56 94
 56 94
 57 23
 57 24
 58 80
 58 76
 56 64
 56 63
 56 87
 56 88
 57 44
 57 37
 57 94
 57 95
 56 27
 56 37
 57 79
 57 77
 56 72
 56 68
 58 86
 58 80
 56 64
 56 54
 59 92
 59 93
 58 17
 58 22
 57 64
 57 62
 58 82
 58 82
 57 45
 57 56
 57 98
 57 97
 59 8
 59 10
 56 39
 56 39
 59 92
 59 97
 57 21
 57 22
 56 67
 56 60
 58 84
 58 86
 57 45
 57 49
 59 99
 59 98
 56 8
 56 7
 56 30
 56 28
 57 81
 57 84
 58 62
 58 59
 56 93
 56 95
 57 23
 57 23
 57 66
 57 60
 58 93
 58 90
 57 32
 57 36
 57 80
 57 87
 58 55
 58 43
 57 98
 57 98
 57 7
 57 7
 58 26
 58 25
 58 78
 58 82
 55 66
 55 61
 58 92
 58 92
 58 39
 58 30
 58 91
 58 83
 55 49
 55 37
 56 96
 56 98
 56 14
 56 23
 58 49
 58 43
 58 98
 58 99
 57 8
 57 7
 57 24
 57 28
 57 76
 57 74
 58 67
 58 72
 56 84
 56 86
 56 50
 56 52
 57 98
 57 98
 56 11
 56 8
 56 29
 56 29
 57 83
 57 83
 57 57
 57 51
 55 94
 55 97
 58 16
 58 16
 58 51
 58 53
 57 98
 57 99
 56 8
 56 7
 56 24
 56 22
 60 76
 60 71
 54 78
 54 77
 58 66
 58 71
 57 86
 57 83
 57 42
 57 41
 56 99
 56 98
 58 11
 58 8
 56 31
 56 31
 58 84
 58 81
 56 48
 56 55
 57 98
 57 98
 56 6
 56 6
 57 28
 57 28
 55 79
 55 78
 57 69
 57 75
 57 77
 57 83
 57 68
 57 59
 57 91
 57 91
 57 35
 57 34
 56 83
 56 81
 57 53
 57 53
 58 98
 58 98
 56 7
 56 7
 57 31
 57 32
 56 80
 56 83
 58 63
 58 63
 58 93
 58 94
 56 27
 56 27
 57 79
 57 79
 58 67
 58 70
 58 83
 58 87
 56 54
 56 55
 57 96
 57 97
 57 14
 57 21
 57 39
 57 44
 56 97
 56 96
 59 14
 59 17
 57 59
 57 59
 57 96
 57 97
 57 11
 57 9
 56 39
 56 40
 57 92
 57 95
 56 21
 56 23
 57 66
 57 75
 57 78
 57 79
 57 71
 57 69
 56 82
 56 91
 57 49
 57 51
 57 98
 57 97
 56 9
 56 9
 56 29
 56 26
 55 83
 55 82
 57 62
 57 60
 59 93
 59 95
 57 17
 57 16
 57 59
 57 59
 58 98
 58 97
 56 12
 56 14
 57 41
 57 47
 57 97
 57 98
 56 10
 56 8
 56 27
 56 30
 58 77
 58 82
 58 56
 58 58
 57 97
 57 93
 56 18
 56 16
 59 57
 59 61
 56 96
 56 95
 56 12
 56 15
 57 55
 57 49
 57 97
 57 98
 58 7
 58 6
 57 22
 57 26
 57 71
 57 77
 56 78
 56 75
 56 65
 56 74
 56 78
 56 85
 58 60
 58 54
 56 98
 56 96
 57 13
 57 12
 58 43
 58 38
 56 95
 56 96
 56 19
 56 17
 57 58
 57 62
 58 91
 58 93
 57 23
 57 21
 57 65
 57 67
 57 88
 57 84
 58 48
 58 58
 56 97
 56 97
 57 8
 57 10
 57 34
 57 29
 56 86
 56 83
 56 56
 56 58
 57 98
 57 98
 58 10
 58 10
 59 37
 59 38
 55 91
 55 92
 58 36
 58 40
 56 92
 56 93
 57 31
 57 36
 57 89
 57 88
 58 37
 58 34
 56 93
 56 92
 56 30
 56 21
 59 70
 59 76
 57 83
 57 80
 56 55
 56 60
 57 93
 57 84
 57 36
 57 25
 57 78
 57 84
 58 52
 58 47
 55 97
 55 98
 56 10
 56 12
