 4 4
 4 4
 15 14
 15 14
 50 48
 50 48
 99 99
 99 97
 5 3
 5 6
 18 21
 18 18
 55 56
 55 34
 73 95
 73 97
 58 46
 58 96
 52 96
 52 52
 56 74
 56 96
 59 98
 59 63
 57 73
 57 96
 58 71
 58 57
 56 40
 56 95
 56 88
 56 48
 58 72
 58 96
 58 94
 58 37
 58 47
 58 65
 56 54
 56 84
 57 94
 57 96
 58 79
 58 51
 56 74
 56 57
 56 42
 56 71
 57 33
 57 16
 57 36
 57 95
 56 94
 56 73
 59 40
 59 25
 56 20
 56 96
 56 78
 56 95
 57 74
 57 54
 56 93
 56 89
 58 55
 58 78
 57 46
 57 49
 56 83
 56 75
 58 17
 58 71
 56 85
 56 55
 57 16
 57 76
 57 47
 57 85
 58 96
 58 23
 56 56
 56 52
 57 92
 57 25
 56 98
 56 93
 57 84
 57 19
 55 87
 55 45
 57 79
 57 33
 56 78
 56 22
 58 65
 58 30
 55 44
 55 59
 58 67
 58 77
 57 17
 57 81
 57 44
 57 65
 57 65
 57 92
 56 15
 56 94
 57 94
 57 93
 56 97
 56 95
 58 62
 58 95
 58 66
 58 15
 57 77
 57 23
 58 76
 58 55
 54 84
 54 68
 58 35
 58 45
 57 93
 57 97
 58 29
 58 95
 55 63
 55 49
 57 76
 57 22
 57 62
 57 64
 56 96
 56 75
 58 96
 58 96
 56 70
 56 43
 58 14
 58 14
 57 63
 57 21
 57 19
 57 20
 56 54
 56 68
 57 81
 57 75
 55 31
 55 97
 59 46
 59 22
 57 55
 57 59
 56 93
 56 57
 58 94
 58 72
 57 72
 57 60
 56 96
 56 64
 56 76
 56 96
 59 93
 59 57
 57 80
 57 58
 56 52
 56 68
 58 67
 58 69
 57 13
 57 16
 57 95
 57 41
 59 69
 59 97
 55 93
 55 79
 59 38
 59 14
 56 18
 56 79
 58 98
 58 97
 56 18
 56 96
 56 78
 56 96
 58 79
 58 85
 58 94
 58 52
 57 93
 57 17
 59 11
 59 92
 57 96
 57 16
 55 97
 55 71
 61 48
 61 61
 55 83
 55 69
 58 20
 58 96
 57 66
 57 16
 54 65
 54 17
 59 21
 59 44
 56 69
 56 52
 59 44
 59 82
 57 96
 57 71
 57 78
 57 75
 56 38
 56 18
 58 92
 58 92
 57 59
 57 13
 58 91
 58 89
 57 73
 57 94
 56 44
 56 14
 57 94
 57 17
 58 94
 58 19
 56 30
 56 45
 56 11
 56 80
 58 77
 58 92
 56 85
 56 61
 57 66
 57 72
 55 16
 55 97
 58 80
 58 94
 57 16
 57 77
 58 16
 58 44
 56 51
 56 14
 57 72
 57 37
 58 76
 58 14
 56 81
 56 68
 56 47
 56 66
 57 57
 57 57
 56 19
 56 40
 57 94
 57 18
 57 54
 57 76
 57 94
 57 21
 56 21
 56 27
 57 48
 57 91
 58 19
 58 14
 56 54
 56 80
 56 81
 56 44
 55 50
 55 82
 59 69
 59 96
 57 96
 57 89
 57 38
 57 96
 56 94
 56 73
 58 57
 58 50
 56 82
 56 70
 57 16
 57 38
 56 63
 56 97
 56 61
 56 19
 58 60
 58 19
 58 93
 58 17
 58 51
 58 13
 58 94
 58 22
 57 65
 57 43
 57 59
 57 43
 58 66
 58 74
 56 96
 56 72
 58 95
 58 83
 57 16
 57 95
 57 26
 57 60
 57 79
 57 13
 58 17
 58 89
 57 76
 57 24
 57 53
 57 69
 57 14
 57 57
 58 23
 58 93
 55 95
 55 71
 57 32
 57 96
 58 72
 58 28
 55 18
 55 79
 59 60
 59 15
 56 20
 56 56
 56 12
 56 69
 58 29
 58 97
 57 78
 57 57
 56 66
 56 46
 56 23
 56 95
 57 96
 57 84
 58 97
 58 90
 57 16
 57 17
 57 48
 57 30
 55 93
 55 97
 58 65
 58 52
 58 98
 58 42
 58 95
 58 20
 56 46
 56 89
 58 76
 58 45
 58 84
 58 63
 56 88
 56 14
 57 50
 57 83
 55 12
 55 17
 60 89
 60 14
 56 18
 56 34
 56 16
 56 47
 57 45
 57 52
 58 27
 58 97
 57 55
 57 96
 57 35
 57 37
 57 52
 57 71
 58 50
 58 96
 56 87
 56 90
 57 68
 57 94
 56 83
 56 97
 56 15
 56 84
 56 50
 56 10
 58 45
 58 56
 57 96
 57 23
 56 73
 56 16
 58 13
 58 26
 58 19
 58 76
 56 47
 56 74
 58 47
 58 77
 58 80
 58 20
 57 69
 57 55
 56 94
 56 18
 57 96
 57 42
 57 61
 57 65
 57 71
 57 49
 58 22
 58 58
 58 27
 58 97
 57 49
 57 53
 55 82
 55 76
 56 75
 56 71
 56 51
 56 60
 59 15
 59 78
 56 80
 56 94
 55 84
 55 33
 59 46
 59 54
 56 17
 56 58
 56 98
 56 92
 58 59
 58 94
 57 25
 57 81
 58 69
 58 44
 56 63
 56 22
 57 90
 57 64
 58 90
 58 91
 56 85
 56 15
 55 38
 55 77
 58 18
 58 26
 57 69
 57 60
 56 97
 56 97
 56 17
 56 91
 58 64
 58 51
 57 78
 57 19
 57 73
 57 47
 56 97
 56 69
 58 82
 58 15
 58 73
 58 96
 57 72
 57 87
 57 95
 57 20
 58 34
 58 26
 57 16
 57 97
 56 76
 56 94
 57 90
 57 24
 58 57
 58 94
 56 93
 56 75
 57 35
 57 82
 59 25
 59 92
 58 67
 58 18
 58 31
 58 44
 56 30
 56 16
 56 69
 56 13
 56 11
 56 59
 57 63
 57 90
 56 80
 56 55
 57 96
 57 23
 56 97
 56 47
 58 74
 58 59
 56 14
 56 50
 57 74
 57 84
 59 95
 59 39
 56 94
 56 49
 57 89
 57 39
 57 16
 57 71
 57 84
 57 46
 56 95
 56 50
 56 46
 56 97
 58 95
 58 98
 57 73
 57 22
 57 27
 57 61
 57 48
 57 34
 57 70
 57 83
 57 19
 57 22
 57 94
 57 81
 56 92
 56 86
 57 96
 57 41
 57 72
 57 96
 58 96
 58 51
 55 84
 55 27
 59 74
 59 86
 59 95
 59 92
 55 17
 55 45
 58 92
 58 96
 55 70
 55 12
 58 89
 58 89
 56 15
 56 97
 58 95
 58 30
 56 78
 56 78
 57 94
 57 15
 58 90
 58 93
 58 54
 58 45
 57 83
 57 11
 56 93
 56 44
 58 18
 58 63
 56 46
 56 98
 57 14
 57 96
 57 11
 57 57
 56 96
 56 11
 56 94
 56 84
 58 58
 58 87
 56 91
 56 31
 58 23
 58 53
 56 19
 56 15
 56 36
 56 76
 56 71
 56 89
 58 22
 58 14
 57 96
 57 87
 57 63
 57 90
 56 55
 56 90
 57 74
 57 50
 56 80
 56 54
 57 60
 57 86
 57 43
 57 24
 55 97
 55 22
 57 72
 57 74
 57 84
 57 74
 58 95
 58 61
 57 18
 57 45
 57 50
 57 86
 56 54
 56 21
 57 29
 57 61
 57 73
 57 34
 58 93
 58 90
 57 97
 57 96
 57 18
 57 86
 56 53
 56 36
 57 93
 57 88
 56 16
 56 89
 57 20
 57 28
 58 70
 58 29
 58 97
 58 78
 58 93
 58 21
 55 50
 55 69
 57 60
 57 16
 58 79
 58 62
 58 89
 58 97
 56 71
 56 81
 58 91
 58 77
 57 57
 57 73
 58 84
 58 97
 57 62
 57 93
 57 90
 57 85
 58 72
 58 33
 56 55
 56 54
 58 28
 58 25
 57 96
 57 38
 57 96
 57 53
 59 86
 59 94
 56 72
 56 93
 58 46
 58 89
 56 52
 56 39
 57 93
 57 46
 59 47
 59 95
 55 95
 55 88
 56 29
 56 14
 58 98
 58 96
 57 31
 57 35
 58 27
 58 15
 57 94
 57 93
 56 69
 56 28
 58 61
 58 27
 59 21
 59 28
 55 77
 55 12
 56 94
 56 22
 58 95
 58 60
 57 95
 57 46
 56 85
 56 20
 56 94
 56 95
 57 30
 57 13
 57 84
 57 87
 58 18
 58 69
 58 96
 58 12
 58 94
 58 58
 57 73
 57 13
 57 80
 57 22
 58 57
 58 89
 57 77
 57 25
 57 97
 57 55
 56 69
 56 67
 58 73
 58 28
 57 56
 57 90
 57 78
 57 52
 57 76
 57 25
 56 16
 56 95
 57 94
 57 88
 58 60
 58 20
 57 84
 57 75
 57 97
 57 13
 57 75
 57 89
 55 90
 55 80
 58 96
 58 48
 57 95
 57 41
 56 19
 56 77
 57 91
 57 75
 58 69
 58 62
 57 32
 57 52
 56 84
 56 97
 55 87
 55 84
 58 59
 58 82
 57 21
 57 56
 57 34
 57 98
 57 40
 57 25
 56 97
 56 87
 57 21
 57 50
 58 68
 58 87
 56 87
 56 64
 57 90
 57 37
 57 70
 57 84
 57 41
 57 71
 57 77
 57 96
 56 91
 56 95
 59 52
 59 43
 56 56
 56 35
 57 75
 57 93
 58 14
 58 66
 57 79
 57 93
 57 82
 57 76
 56 92
 56 72
 57 94
 57 85
 55 74
 55 92
 57 97
 57 76
 58 59
 58 79
 57 84
 57 78
 59 96
 59 61
 56 28
 56 76
 57 86
 57 57
 57 85
 57 92
 56 90
 56 96
 57 58
 57 98
 56 17
 56 81
 57 95
 57 96
 57 72
 57 97
 58 56
 58 55
 56 96
 56 33
 57 71
 57 16
 57 77
 57 21
 58 22
 58 25
 55 84
 55 97
 56 19
 56 74
 57 64
 57 15
 57 33
 57 17
 58 28
 58 18
 57 72
 57 74
 56 27
 56 94
 57 89
 57 98
 56 80
 56 91
 56 96
 56 22
 57 38
 57 54
 57 93
 57 90
 58 95
 58 47
 58 78
 58 97
 56 78
 56 20
 58 20
 58 89
 58 64
 58 34
 56 59
 56 17
 56 43
 56 90
 56 91
 56 40
 58 18
 58 20
 58 37
 58 80
 58 34
 58 23
 58 79
 58 90
 56 51
 56 90
 57 63
 57 97
 59 92
 59 77
 55 37
 55 78
 57 94
 57 62
 56 18
 56 86
 58 96
 58 21
 56 94
 56 37
 57 89
 57 17
 56 74
 56 92
 56 95
 56 85
 59 19
 59 30
 58 62
 58 11
 58 40
 58 27
 56 96
 56 95
 57 91
 57 54
 55 22
 55 82
 59 96
 59 88
 55 64
 55 21
 57 82
 57 42
 56 80
 56 80
 57 20
 57 59
 57 18
 57 96
 57 97
 57 53
 56 88
 56 95
 58 16
 58 42
 57 46
 57 18
 58 96
 58 91
 57 92
 57 96
 55 91
 55 54
 57 91
 57 95
 58 57
 58 86
 57 91
 57 26
 57 43
 57 60
 58 96
 58 40
 56 29
 56 85
 56 82
 56 95
 57 90
 57 90
 57 63
 57 80
 55 37
 55 79
 58 94
 58 36
 57 27
 57 53
 56 12
 56 43
 57 97
 57 37
 57 93
 57 22
 58 71
 58 18
 57 73
 57 85
 55 55
 55 20
 58 15
 58 29
 56 49
 56 75
 56 55
 56 65
 57 14
 57 82
 58 92
 58 90
 59 64
 59 52
 58 18
 58 96
 56 80
 56 95
 58 87
 58 19
 57 96
 57 79
 57 17
 57 15
 56 88
 56 45
 58 51
 58 83
 56 26
 56 37
 55 60
 55 38
 58 29
 58 66
 56 78
 56 63
 55 27
 55 97
 57 75
 57 26
 56 54
 56 26
 55 81
 55 17
 57 24
 57 32
 57 25
 57 77
 56 21
 56 96
 58 96
 58 98
 59 89
 59 52
 57 17
 57 57
 58 16
 58 55
 56 70
 56 48
 59 89
 59 82
 56 98
 56 17
 58 83
 58 77
 58 20
 58 19
 57 97
 57 75
 58 75
 58 20
 56 40
 56 37
 58 96
 58 20
 56 30
 56 63
 58 95
 58 26
 57 80
 57 67
 57 58
 57 58
 56 24
 56 96
 57 75
 57 87
 57 53
 57 55
 55 96
 55 85
 58 67
 58 62
 57 81
 57 72
 58 14
 58 24
 58 53
 58 73
 55 96
 55 15
 58 96
 58 53
 55 55
 55 75
 58 26
 58 87
 58 96
 58 58
 58 93
 58 90
 56 47
 56 94
 58 56
 58 90
 57 31
 57 14
 56 67
 56 57
 58 95
 58 64
 58 43
 58 96
 56 16
 56 53
 58 31
 58 21
 58 95
 58 86
 55 22
 55 94
 58 52
 58 15
 58 95
 58 77
 58 34
 58 81
 56 95
 56 79
 57 92
 57 97
 58 96
 58 74
 57 69
 57 64
 58 18
 58 15
 56 59
 56 14
 57 43
 57 26
 57 70
 57 93
 57 84
 57 91
 58 81
 58 90
 55 53
 55 97
 59 49
 59 77
 57 85
 57 84
 57 26
 57 93
 58 63
 58 81
 56 47
 56 15
 56 95
 56 52
 57 17
 57 97
 56 58
 56 57
 58 46
 58 35
 57 37
 57 50
 57 17
 57 61
 58 39
 58 94
 56 49
 56 80
 58 97
 58 46
 58 80
 58 96
 57 17
 57 25
 55 83
 55 95
 58 90
 58 91
 56 57
 56 90
 57 96
 57 67
 57 32
 57 64
 56 75
 56 47
 58 95
 58 51
 57 97
 57 84
 58 85
 58 78
 56 50
 56 85
 57 80
 57 38
 57 64
 57 91
 56 66
 56 17
 57 75
 57 96
 58 18
 58 18
 55 95
 55 63
 58 70
 58 96
 57 88
 57 92
 57 17
 57 59
 59 55
 59 97
 57 75
 57 60
 56 12
 56 75
 58 93
 58 53
 55 28
 55 27
 57 36
 57 59
 57 26
 57 82
 57 47
 57 72
 56 50
 56 74
 56 78
 56 64
 56 68
 56 18
 57 68
 57 93
 57 52
 57 60
 56 21
 56 92
 57 15
 57 46
 57 90
 57 74
 57 59
 57 68
 55 88
 55 65
 57 97
 57 91
 56 22
 56 46
 57 24
 57 39
 58 70
 58 61
 57 19
 57 59
 57 40
 57 65
 57 31
 57 90
 58 92
 58 24
 56 97
 56 51
 56 18
 56 97
 57 92
 57 11
 58 88
 58 89
 56 17
 56 32
 56 20
 56 47
 57 32
 57 94
 57 75
 57 81
 57 61
 57 93
 57 96
 57 41
 56 20
 56 45
 56 36
 56 92
 57 72
 57 11
 57 17
 57 93
 57 88
 57 88
 55 47
 55 23
 57 96
 57 17
 59 97
 59 85
 58 62
 58 93
 57 77
 57 51
 55 50
 55 89
 58 18
 58 92
 55 43
 55 44
 56 98
 56 60
 58 83
 58 96
 58 71
 58 37
 55 66
 55 22
 56 58
 56 72
 57 98
 57 52
 57 66
 57 25
 57 38
 57 94
 57 50
 57 54
 56 29
 56 21
 59 96
 59 97
 57 64
 57 96
 57 31
 57 76
 57 92
 57 63
 56 51
 56 68
 57 18
 57 15
 56 41
 56 91
 58 96
 58 86
 58 51
 58 53
 57 92
 57 46
 57 96
 57 91
 57 45
 57 96
 55 65
 55 40
 58 80
 58 96
 57 75
 57 90
 57 15
 57 86
 58 13
 58 52
 56 54
 56 89
 56 86
 56 31
 56 70
 56 78
 57 96
 57 53
 57 94
 57 29
 58 88
 58 96
 55 95
 55 71
 58 52
 58 18
 59 96
 59 74
 56 50
 56 18
 58 92
 58 87
 58 92
 58 98
 55 96
 55 93
 56 77
 56 26
 59 57
 59 61
 58 75
 58 41
 56 44
 56 87
 57 52
 57 19
 58 82
 58 56
 56 96
 56 91
 58 17
 58 23
 58 46
 58 70
 57 76
 57 20
 57 35
 57 63
 58 22
 58 59
 58 46
 58 49
 55 97
 55 12
 59 27
 59 51
 56 29
 56 90
 57 22
 57 84
 56 17
 56 25
 55 66
 55 92
 58 62
 58 17
 57 91
 57 47
 56 97
 56 89
 60 21
 60 18
 56 98
 56 79
 56 31
 56 63
 57 57
 57 92
 57 41
 57 40
 57 43
 57 56
 58 72
 58 30
 56 25
 56 55
 58 32
 58 79
 55 34
 55 63
 57 16
 57 55
 58 88
 58 47
 56 40
 56 97
 55 67
 55 82
 59 66
 59 29
 58 89
 58 97
 55 59
 55 13
 56 88
 56 75
 57 22
 57 91
 56 44
 56 95
 58 95
 58 25
 56 65
 56 93
 57 12
 57 66
 56 14
 56 75
 57 98
 57 46
 59 32
 59 97
 55 45
 55 79
 55 49
 55 53
 59 21
 59 45
 56 50
 56 34
 59 97
 59 43
 57 95
 57 85
 58 19
 58 15
 56 91
 56 74
 56 57
 56 12
 58 54
 58 68
 56 24
 56 34
 55 85
 55 97
 57 96
 57 97
 58 90
 58 83
 56 44
 56 84
 58 15
 58 52
 57 95
 57 27
 57 27
 57 56
 58 58
 58 54
 56 55
 56 72
 58 92
 58 58
 56 93
 56 43
 57 97
 57 96
 57 97
 57 28
 56 15
 56 91
 56 73
 56 21
 57 91
 57 71
 57 87
 57 73
 58 30
 58 34
 57 83
 57 97
 57 65
 57 94
 57 68
 57 18
 57 93
 57 54
 57 18
 57 82
 57 25
 57 80
 57 68
 57 95
 56 65
 56 94
 57 95
 57 50
 57 55
 57 64
 56 69
 56 64
 58 87
 58 65
 56 51
 56 43
 58 87
 58 44
 57 49
 57 76
 56 46
 56 92
 57 96
 57 32
 58 91
 58 15
 56 33
 56 15
 56 16
 56 44
 57 76
 57 97
 57 88
 57 70
 56 41
 56 17
 57 82
 57 80
 56 85
 56 63
 58 18
 58 35
 56 67
 56 73
 59 94
 59 40
 58 81
 58 26
 57 92
 57 71
 58 77
 58 49
 57 97
 57 17
 57 41
 57 71
 59 96
 59 18
 56 97
 56 74
 59 94
 59 53
 57 41
 57 56
 56 96
 56 92
 58 45
 58 92
 57 96
 57 83
 59 92
 59 49
 56 96
 56 76
 56 85
 56 42
 57 52
 57 64
 58 54
 58 33
 56 98
 56 40
 57 66
 57 44
 57 79
 57 43
 58 66
 58 84
 57 89
 57 95
 57 20
 57 68
 58 16
 58 59
 57 19
 57 25
 57 14
 57 47
 58 80
 58 25
 58 89
 58 82
 55 37
 55 77
 58 43
 58 97
 58 42
 58 41
 58 22
 58 97
 55 17
 55 50
 56 19
 56 52
 56 35
 56 97
 58 13
 58 59
 58 18
 58 96
 57 50
 57 97
 57 93
 57 41
 57 19
 57 91
 58 12
 58 77
 56 24
 56 98
 56 38
 56 25
 57 73
 57 43
 56 12
 56 20
 56 70
 56 72
 57 21
 57 96
 57 97
 57 56
 55 74
 55 47
 58 96
 58 62
 58 72
 58 77
 57 91
 57 61
 56 52
 56 16
 56 95
 56 96
 60 18
 60 52
 54 20
 54 23
 58 51
 58 55
 57 64
 57 22
 57 94
 57 17
 56 41
 56 96
 58 28
 58 14
 56 85
 56 75
 58 95
 58 15
 56 48
 56 52
 57 34
 57 35
 56 93
 56 45
 57 82
 57 51
 55 59
 55 52
 57 17
 57 15
 57 96
 57 94
 57 48
 57 73
 57 60
 57 22
 57 28
 57 11
 56 26
 56 72
 57 92
 57 16
 58 41
 58 66
 56 64
 56 17
 57 31
 57 16
 56 13
 56 72
 58 59
 58 93
 58 73
 58 72
 56 19
 56 88
 57 74
 57 87
 58 97
 58 16
 58 66
 58 20
 56 97
 56 78
 57 66
 57 13
 57 84
 57 97
 57 70
 57 45
 56 17
 56 16
 59 19
 59 11
 57 89
 57 15
 57 49
 57 77
 57 86
 57 97
 56 15
 56 14
 57 59
 57 95
 56 64
 56 95
 57 18
 57 64
 57 88
 57 47
 57 39
 57 98
 56 79
 56 88
 57 95
 57 97
 57 96
 57 54
 56 60
 56 97
 56 93
 56 13
 55 18
 55 29
 57 74
 57 34
 59 61
 59 54
 57 79
 57 96
 57 26
 57 17
 58 94
 58 48
 56 37
 56 32
 57 66
 57 96
 57 94
 57 29
 56 33
 56 83
 56 74
 56 97
 58 94
 58 93
 58 54
 58 70
 57 81
 57 65
 56 94
 56 75
 59 21
 59 17
 56 78
 56 95
 56 21
 56 18
 57 33
 57 18
 57 28
 57 82
 58 79
 58 73
 57 45
 57 22
 57 54
 57 21
 56 83
 56 84
 56 68
 56 88
 56 93
 56 74
 58 97
 58 75
 56 55
 56 20
 57 90
 57 21
 58 96
 58 88
 56 27
 56 56
 56 44
 56 27
 57 68
 57 92
 58 23
 58 51
 57 49
 57 82
 57 97
 57 65
 57 81
 57 45
 58 60
 58 96
 56 14
 56 90
 57 90
 57 92
 57 73
 57 15
 56 61
 56 71
 56 56
 56 16
 57 36
 57 97
 58 73
 58 36
 59 96
 59 21
 55 16
 55 86
 58 63
 58 65
 56 45
 56 41
 57 81
 57 96
 57 73
 57 74
 58 98
 58 41
 56 44
 56 78
 56 97
 56 94
 59 57
 59 97
 57 51
 57 32
 56 77
 56 38
 57 39
 57 67
 57 67
 57 89
 57 96
 57 26
 58 87
 58 70
 55 97
 55 72
 56 97
 56 14
