 4 4
 4 4
 15 13
 15 13
 50 46
 50 46
 99 98
 99 98
 5 11
 5 10
 18 15
 18 19
 55 79
 55 60
 73 50
 73 71
 58 95
 58 53
 52 81
 52 80
 56 79
 56 68
 59 80
 59 43
 57 19
 57 20
 58 78
 58 86
 56 93
 56 33
 56 59
 56 54
 58 38
 58 71
 58 71
 58 74
 58 88
 58 91
 56 86
 56 62
 57 88
 57 34
 58 58
 58 46
 56 77
 56 22
 56 29
 56 95
 57 25
 57 96
 57 60
 57 43
 56 49
 56 81
 59 31
 59 81
 56 65
 56 85
 56 23
 56 87
 57 95
 57 66
 56 74
 56 67
 58 65
 58 89
 57 32
 57 82
 56 62
 56 58
 58 90
 58 75
 56 72
 56 93
 57 89
 57 94
 57 58
 57 62
 58 88
 58 19
 56 69
 56 38
 57 34
 57 67
 56 96
 56 58
 57 90
 57 42
 55 20
 55 35
 57 79
 57 93
 56 85
 56 90
 58 24
 58 83
 55 90
 55 78
 58 92
 58 89
 57 79
 57 50
 57 32
 57 74
 57 82
 57 91
 56 94
 56 85
 57 95
 57 89
 56 30
 56 36
 58 95
 58 23
 58 93
 58 94
 57 73
 57 94
 58 71
 58 66
 54 44
 54 73
 58 94
 58 96
 57 74
 57 93
 58 95
 58 85
 55 91
 55 89
 57 88
 57 84
 57 72
 57 54
 56 66
 56 34
 58 65
 58 77
 56 88
 56 44
 58 65
 58 72
 57 93
 57 78
 57 67
 57 89
 56 48
 56 44
 57 90
 57 61
 55 35
 55 89
 59 79
 59 85
 57 54
 57 61
 56 26
 56 91
 58 63
 58 39
 57 89
 57 56
 56 71
 56 74
 56 74
 56 35
 59 76
 59 95
 57 48
 57 72
 56 35
 56 83
 58 82
 58 59
 57 51
 57 93
 57 89
 57 94
 59 62
 59 88
 55 22
 55 67
 59 96
 59 42
 56 26
 56 59
 58 46
 58 25
 56 90
 56 73
 56 72
 56 52
 58 95
 58 65
 58 38
 58 86
 57 95
 57 72
 59 51
 59 77
 57 73
 57 40
 55 70
 55 43
 61 90
 61 30
 55 65
 55 91
 58 81
 58 62
 57 95
 57 72
 54 85
 54 29
 59 25
 59 93
 56 89
 56 25
 59 69
 59 72
 57 50
 57 88
 57 85
 57 72
 56 58
 56 67
 58 96
 58 88
 57 84
 57 26
 58 94
 58 79
 57 77
 57 84
 56 92
 56 87
 57 23
 57 85
 58 41
 58 54
 56 71
 56 89
 56 32
 56 88
 58 57
 58 61
 56 80
 56 33
 57 72
 57 79
 55 71
 55 95
 58 21
 58 72
 57 92
 57 27
 58 90
 58 74
 56 93
 56 94
 57 94
 57 75
 58 60
 58 22
 56 80
 56 92
 56 71
 56 75
 57 26
 57 51
 56 45
 56 71
 57 83
 57 38
 57 90
 57 85
 57 23
 57 24
 56 86
 56 53
 57 76
 57 65
 58 45
 58 69
 56 26
 56 95
 56 23
 56 22
 55 70
 55 92
 59 34
 59 91
 57 89
 57 78
 57 84
 57 95
 56 69
 56 93
 58 91
 58 27
 56 85
 56 66
 57 95
 57 54
 56 88
 56 61
 56 95
 56 95
 58 96
 58 23
 58 47
 58 78
 58 90
 58 77
 58 65
 58 27
 57 60
 57 31
 57 86
 57 95
 58 69
 58 93
 56 87
 56 51
 58 94
 58 53
 57 83
 57 74
 57 84
 57 71
 57 31
 57 75
 58 62
 58 92
 57 71
 57 27
 57 72
 57 25
 57 88
 57 81
 58 26
 58 96
 55 23
 55 52
 57 95
 57 21
 58 25
 58 33
 55 25
 55 25
 59 32
 59 78
 56 92
 56 73
 56 94
 56 84
 58 91
 58 93
 57 33
 57 70
 56 95
 56 66
 56 71
 56 85
 57 65
 57 69
 58 88
 58 63
 57 65
 57 67
 57 91
 57 61
 55 19
 55 53
 58 79
 58 81
 58 53
 58 93
 58 95
 58 95
 56 90
 56 76
 58 43
 58 29
 58 83
 58 92
 56 25
 56 30
 57 94
 57 75
 55 91
 55 47
 60 91
 60 61
 56 47
 56 27
 56 85
 56 94
 57 55
 57 96
 58 37
 58 21
 57 60
 57 31
 57 65
 57 69
 57 86
 57 20
 58 82
 58 44
 56 88
 56 67
 57 52
 57 76
 56 67
 56 22
 56 81
 56 93
 56 80
 56 25
 58 21
 58 74
 57 41
 57 44
 56 76
 56 86
 58 86
 58 95
 58 18
 58 96
 56 26
 56 91
 58 94
 58 79
 58 70
 58 78
 57 46
 57 63
 56 66
 56 79
 57 25
 57 63
 57 73
 57 22
 57 41
 57 91
 58 81
 58 48
 58 24
 58 75
 57 95
 57 89
 55 95
 55 77
 56 88
 56 53
 56 52
 56 67
 59 49
 59 85
 56 20
 56 80
 55 88
 55 51
 59 23
 59 85
 56 25
 56 86
 56 93
 56 91
 58 75
 58 63
 57 81
 57 87
 58 84
 58 53
 56 96
 56 93
 57 93
 57 64
 58 79
 58 81
 56 72
 56 91
 55 32
 55 73
 58 89
 58 89
 57 56
 57 95
 56 69
 56 94
 56 49
 56 71
 58 85
 58 90
 57 68
 57 81
 57 90
 57 89
 56 69
 56 95
 58 79
 58 23
 58 95
 58 67
 57 75
 57 68
 57 28
 57 22
 58 87
 58 35
 57 69
 57 89
 56 36
 56 50
 57 75
 57 91
 58 84
 58 72
 56 87
 56 64
 57 87
 57 36
 59 82
 59 51
 58 76
 58 68
 58 28
 58 26
 56 61
 56 24
 56 36
 56 94
 56 88
 56 82
 57 65
 57 62
 56 58
 56 40
 57 46
 57 38
 56 69
 56 70
 58 56
 58 74
 56 90
 56 43
 57 88
 57 91
 59 64
 59 74
 56 56
 56 95
 57 86
 57 24
 57 86
 57 75
 57 92
 57 90
 56 82
 56 70
 56 70
 56 81
 58 95
 58 55
 57 64
 57 96
 57 81
 57 80
 57 82
 57 23
 57 42
 57 39
 57 36
 57 91
 57 78
 57 55
 56 92
 56 62
 57 54
 57 57
 57 74
 57 54
 58 23
 58 78
 55 76
 55 87
 59 95
 59 19
 59 25
 59 68
 55 45
 55 93
 58 45
 58 59
 55 91
 55 95
 58 39
 58 85
 56 91
 56 96
 58 92
 58 41
 56 95
 56 56
 57 92
 57 61
 58 36
 58 93
 58 46
 58 90
 57 66
 57 80
 56 49
 56 92
 58 64
 58 92
 56 96
 56 70
 57 46
 57 88
 57 69
 57 88
 56 71
 56 84
 56 50
 56 78
 58 24
 58 80
 56 74
 56 81
 58 89
 58 90
 56 38
 56 48
 56 79
 56 58
 56 32
 56 64
 58 68
 58 63
 57 37
 57 83
 57 83
 57 79
 56 93
 56 42
 57 95
 57 31
 56 85
 56 31
 57 27
 57 88
 57 94
 57 88
 55 79
 55 73
 57 90
 57 71
 57 49
 57 84
 58 37
 58 89
 57 95
 57 93
 57 26
 57 27
 56 24
 56 66
 57 86
 57 92
 57 92
 57 94
 58 78
 58 54
 57 29
 57 23
 57 31
 57 21
 56 53
 56 95
 57 25
 57 72
 56 83
 56 58
 57 26
 57 95
 58 25
 58 31
 58 94
 58 88
 58 81
 58 40
 55 24
 55 49
 57 34
 57 79
 58 96
 58 69
 58 90
 58 42
 56 58
 56 48
 58 26
 58 78
 57 85
 57 76
 58 74
 58 73
 57 56
 57 40
 57 93
 57 81
 58 66
 58 68
 56 95
 56 93
 58 87
 58 62
 57 94
 57 83
 57 58
 57 78
 59 31
 59 92
 56 75
 56 82
 58 90
 58 25
 56 69
 56 86
 57 71
 57 84
 59 87
 59 80
 55 91
 55 83
 56 45
 56 24
 58 41
 58 56
 57 56
 57 34
 58 75
 58 94
 57 59
 57 84
 56 94
 56 82
 58 81
 58 71
 59 75
 59 76
 55 69
 55 60
 56 95
 56 94
 58 90
 58 62
 57 62
 57 97
 56 88
 56 75
 56 94
 56 78
 57 68
 57 86
 57 40
 57 94
 58 76
 58 95
 58 81
 58 92
 58 79
 58 75
 57 25
 57 84
 57 74
 57 84
 58 64
 58 70
 57 28
 57 86
 57 59
 57 75
 56 24
 56 91
 58 91
 58 21
 57 73
 57 21
 57 92
 57 93
 57 72
 57 84
 56 89
 56 59
 57 72
 57 23
 58 70
 58 67
 57 49
 57 49
 57 80
 57 24
 57 96
 57 62
 55 91
 55 96
 58 28
 58 90
 57 90
 57 41
 56 82
 56 61
 57 96
 57 94
 58 88
 58 82
 57 95
 57 31
 56 39
 56 96
 55 76
 55 27
 58 72
 58 31
 57 73
 57 25
 57 84
 57 91
 57 49
 57 66
 56 63
 56 36
 57 61
 57 96
 58 80
 58 84
 56 82
 56 71
 57 81
 57 25
 57 23
 57 41
 57 83
 57 51
 57 50
 57 71
 56 74
 56 36
 59 71
 59 88
 56 44
 56 89
 57 54
 57 34
 58 61
 58 86
 57 73
 57 34
 57 96
 57 79
 56 86
 56 30
 57 74
 57 31
 55 90
 55 81
 57 61
 57 73
 58 71
 58 94
 57 57
 57 86
 59 92
 59 21
 56 96
 56 24
 57 94
 57 85
 57 73
 57 59
 56 96
 56 28
 57 90
 57 51
 56 76
 56 52
 57 41
 57 45
 57 93
 57 74
 58 93
 58 38
 56 93
 56 71
 57 87
 57 93
 57 72
 57 67
 58 96
 58 67
 55 79
 55 29
 56 89
 56 73
 57 71
 57 78
 57 95
 57 78
 58 21
 58 24
 57 77
 57 21
 56 45
 56 22
 57 46
 57 88
 56 84
 56 53
 56 93
 56 24
 57 68
 57 90
 57 88
 57 27
 58 90
 58 94
 58 76
 58 59
 56 88
 56 75
 58 96
 58 78
 58 27
 58 69
 56 92
 56 83
 56 21
 56 59
 56 47
 56 36
 58 38
 58 85
 58 60
 58 85
 58 58
 58 70
 58 82
 58 87
 56 33
 56 23
 57 63
 57 72
 59 95
 59 62
 55 48
 55 29
 57 94
 57 23
 56 88
 56 52
 58 80
 58 88
 56 79
 56 66
 57 74
 57 58
 56 31
 56 92
 56 69
 56 86
 59 39
 59 59
 58 87
 58 94
 58 87
 58 91
 56 22
 56 95
 57 34
 57 37
 55 48
 55 68
 59 90
 59 26
 55 65
 55 84
 57 82
 57 95
 56 30
 56 80
 57 88
 57 90
 57 94
 57 80
 57 65
 57 21
 56 93
 56 79
 58 93
 58 72
 57 76
 57 74
 58 85
 58 79
 57 47
 57 55
 55 34
 55 43
 57 95
 57 76
 58 71
 58 69
 57 45
 57 75
 57 70
 57 74
 58 24
 58 96
 56 55
 56 76
 56 89
 56 36
 57 18
 57 46
 57 32
 57 80
 55 95
 55 78
 58 87
 58 65
 57 82
 57 67
 56 89
 56 87
 57 75
 57 71
 57 84
 57 61
 58 85
 58 21
 57 46
 57 33
 55 76
 55 60
 58 72
 58 69
 56 66
 56 28
 56 69
 56 66
 57 76
 57 95
 58 75
 58 78
 59 88
 59 73
 58 35
 58 60
 56 30
 56 59
 58 68
 58 72
 57 83
 57 53
 57 84
 57 95
 56 71
 56 95
 58 67
 58 94
 56 64
 56 80
 55 76
 55 25
 58 78
 58 23
 56 70
 56 19
 55 93
 55 54
 57 21
 57 44
 56 88
 56 35
 55 37
 55 95
 57 87
 57 78
 57 58
 57 38
 56 87
 56 92
 58 90
 58 89
 59 50
 59 95
 57 24
 57 70
 58 28
 58 84
 56 85
 56 37
 59 94
 59 64
 56 53
 56 24
 58 64
 58 75
 58 65
 58 77
 57 84
 57 83
 58 49
 58 50
 56 50
 56 77
 58 91
 58 80
 56 80
 56 81
 58 90
 58 48
 57 88
 57 53
 57 53
 57 92
 56 73
 56 38
 57 39
 57 76
 57 91
 57 38
 55 92
 55 66
 58 44
 58 95
 57 69
 57 90
 58 88
 58 26
 58 93
 58 77
 55 92
 55 95
 58 94
 58 79
 55 48
 55 86
 58 78
 58 61
 58 62
 58 27
 58 91
 58 90
 56 84
 56 93
 58 64
 58 51
 57 71
 57 77
 56 47
 56 52
 58 65
 58 74
 58 24
 58 95
 56 86
 56 25
 58 71
 58 79
 58 85
 58 87
 55 95
 55 95
 58 84
 58 85
 58 26
 58 95
 58 76
 58 80
 56 86
 56 82
 57 88
 57 82
 58 81
 58 69
 57 30
 57 89
 58 77
 58 80
 56 65
 56 21
 57 25
 57 91
 57 37
 57 96
 57 94
 57 72
 58 76
 58 49
 55 50
 55 95
 59 67
 59 82
 57 84
 57 32
 57 24
 57 83
 58 80
 58 89
 56 64
 56 36
 56 55
 56 41
 57 40
 57 82
 56 80
 56 72
 58 93
 58 80
 57 62
 57 34
 57 88
 57 95
 58 84
 58 86
 56 25
 56 94
 58 37
 58 30
 58 89
 58 71
 57 95
 57 94
 55 90
 55 89
 58 54
 58 93
 56 85
 56 94
 57 21
 57 88
 57 95
 57 23
 56 77
 56 73
 58 96
 58 24
 57 84
 57 92
 58 79
 58 92
 56 76
 56 48
 57 92
 57 20
 57 71
 57 70
 56 26
 56 95
 57 28
 57 73
 58 39
 58 93
 55 72
 55 70
 58 68
 58 76
 57 82
 57 40
 57 61
 57 59
 59 95
 59 75
 57 74
 57 28
 56 20
 56 78
 58 40
 58 72
 55 80
 55 83
 57 87
 57 29
 57 70
 57 25
 57 64
 57 92
 56 22
 56 88
 56 65
 56 35
 56 34
 56 78
 57 76
 57 56
 57 26
 57 74
 56 84
 56 35
 57 95
 57 25
 57 67
 57 23
 57 82
 57 67
 55 72
 55 87
 57 49
 57 64
 56 72
 56 30
 57 74
 57 79
 58 53
 58 73
 57 34
 57 86
 57 68
 57 75
 57 91
 57 82
 58 85
 58 82
 56 87
 56 21
 56 74
 56 94
 57 49
 57 25
 58 80
 58 28
 56 66
 56 19
 56 67
 56 60
 57 79
 57 94
 57 88
 57 85
 57 63
 57 30
 57 93
 57 94
 56 68
 56 85
 56 54
 56 75
 57 33
 57 94
 57 37
 57 82
 57 76
 57 36
 55 40
 55 21
 57 41
 57 93
 59 52
 59 79
 58 74
 58 67
 57 24
 57 73
 55 82
 55 42
 58 96
 58 42
 55 31
 55 95
 56 26
 56 89
 58 78
 58 48
 58 95
 58 78
 55 55
 55 67
 56 92
 56 73
 57 25
 57 94
 57 39
 57 73
 57 59
 57 26
 57 50
 57 77
 56 63
 56 80
 59 54
 59 57
 57 95
 57 24
 57 73
 57 81
 57 72
 57 39
 56 25
 56 91
 57 62
 57 90
 56 93
 56 84
 58 71
 58 72
 58 81
 58 58
 57 86
 57 78
 57 81
 57 27
 57 94
 57 19
 55 73
 55 46
 58 83
 58 95
 57 40
 57 43
 57 91
 57 88
 58 74
 58 93
 56 85
 56 63
 56 57
 56 96
 56 75
 56 71
 57 40
 57 60
 57 68
 57 91
 58 67
 58 55
 55 50
 55 35
 58 22
 58 92
 59 76
 59 65
 56 38
 56 94
 58 40
 58 42
 58 32
 58 95
 55 45
 55 27
 56 22
 56 96
 59 52
 59 83
 58 58
 58 68
 56 23
 56 39
 57 76
 57 38
 58 86
 58 78
 56 73
 56 92
 58 40
 58 45
 58 72
 58 54
 57 95
 57 20
 57 95
 57 94
 58 26
 58 83
 58 23
 58 72
 55 89
 55 87
 59 33
 59 24
 56 69
 56 91
 57 29
 57 82
 56 34
 56 25
 55 95
 55 93
 58 80
 58 67
 57 82
 57 83
 56 63
 56 92
 60 38
 60 85
 56 51
 56 88
 56 58
 56 92
 57 37
 57 46
 57 79
 57 21
 57 62
 57 20
 58 67
 58 89
 56 96
 56 88
 58 61
 58 73
 55 94
 55 27
 57 83
 57 36
 58 72
 58 83
 56 73
 56 71
 55 53
 55 96
 59 45
 59 74
 58 85
 58 84
 55 23
 55 27
 56 96
 56 55
 57 77
 57 33
 56 93
 56 70
 58 85
 58 92
 56 82
 56 93
 57 61
 57 82
 56 94
 56 82
 57 77
 57 86
 59 25
 59 83
 55 35
 55 58
 55 26
 55 23
 59 76
 59 91
 56 72
 56 75
 59 50
 59 92
 57 76
 57 64
 58 90
 58 54
 56 78
 56 33
 56 95
 56 21
 58 74
 58 49
 56 86
 56 62
 55 71
 55 50
 57 81
 57 91
 58 58
 58 50
 56 61
 56 24
 58 69
 58 67
 57 59
 57 49
 57 76
 57 83
 58 82
 58 38
 56 66
 56 89
 58 22
 58 76
 56 65
 56 21
 57 74
 57 73
 57 49
 57 33
 56 53
 56 54
 56 22
 56 76
 57 72
 57 74
 57 75
 57 37
 58 83
 58 80
 57 78
 57 96
 57 76
 57 95
 57 20
 57 79
 57 75
 57 94
 57 88
 57 80
 57 60
 57 39
 57 25
 57 24
 56 21
 56 59
 57 57
 57 67
 57 73
 57 31
 56 44
 56 67
 58 95
 58 84
 56 43
 56 78
 58 28
 58 83
 57 67
 57 96
 56 73
 56 76
 57 85
 57 66
 58 92
 58 25
 56 48
 56 96
 56 71
 56 68
 57 77
 57 92
 57 72
 57 79
 56 81
 56 94
 57 94
 57 77
 56 90
 56 67
 58 89
 58 52
 56 89
 56 95
 59 50
 59 30
 58 23
 58 72
 57 76
 57 32
 58 80
 58 60
 57 89
 57 81
 57 85
 57 40
 59 72
 59 69
 56 36
 56 25
 59 81
 59 94
 57 94
 57 26
 56 95
 56 26
 58 68
 58 66
 57 92
 57 25
 59 19
 59 60
 56 82
 56 78
 56 70
 56 79
 57 72
 57 24
 58 27
 58 65
 56 94
 56 70
 57 65
 57 25
 57 49
 57 74
 58 93
 58 68
 57 82
 57 74
 57 69
 57 38
 58 77
 58 85
 57 69
 57 65
 57 28
 57 95
 58 86
 58 72
 58 70
 58 24
 55 90
 55 89
 58 75
 58 96
 58 42
 58 73
 58 79
 58 83
 55 53
 55 96
 56 50
 56 77
 56 95
 56 58
 58 20
 58 24
 58 20
 58 29
 57 23
 57 79
 57 70
 57 40
 57 88
 57 70
 58 28
 58 50
 56 92
 56 96
 56 74
 56 85
 57 90
 57 33
 56 30
 56 69
 56 84
 56 58
 57 20
 57 24
 57 95
 57 51
 55 69
 55 90
 58 90
 58 40
 58 95
 58 84
 57 84
 57 42
 56 79
 56 79
 56 35
 56 89
 60 59
 60 82
 54 25
 54 21
 58 73
 58 92
 57 95
 57 91
 57 84
 57 95
 56 72
 56 71
 58 68
 58 74
 56 67
 56 20
 58 23
 58 63
 56 74
 56 75
 57 79
 57 83
 56 51
 56 92
 57 72
 57 82
 55 29
 55 53
 57 58
 57 86
 57 33
 57 90
 57 49
 57 91
 57 78
 57 83
 57 79
 57 56
 56 62
 56 48
 57 42
 57 49
 58 95
 58 94
 56 86
 56 63
 57 96
 57 59
 56 95
 56 68
 58 27
 58 58
 58 95
 58 68
 56 35
 56 46
 57 84
 57 72
 58 56
 58 77
 58 63
 58 78
 56 60
 56 60
 57 39
 57 67
 57 95
 57 75
 57 24
 57 81
 56 35
 56 75
 59 69
 59 28
 57 69
 57 62
 57 85
 57 94
 57 86
 57 42
 56 21
 56 25
 57 92
 57 68
 56 73
 56 23
 57 75
 57 56
 57 83
 57 81
 57 87
 57 63
 56 48
 56 82
 57 79
 57 88
 57 91
 57 96
 56 44
 56 86
 56 78
 56 86
 55 66
 55 29
 57 93
 57 66
 59 67
 59 49
 57 95
 57 81
 57 77
 57 94
 58 94
 58 67
 56 78
 56 90
 57 56
 57 67
 57 90
 57 51
 56 70
 56 74
 56 92
 56 83
 58 67
 58 28
 58 95
 58 84
 57 42
 57 86
 56 95
 56 25
 59 93
 59 93
 56 89
 56 67
 56 91
 56 91
 57 77
 57 40
 57 53
 57 65
 58 95
 58 23
 57 29
 57 69
 57 68
 57 25
 56 72
 56 89
 56 62
 56 90
 56 78
 56 64
 58 38
 58 90
 56 62
 56 50
 57 74
 57 72
 58 24
 58 20
 56 91
 56 71
 56 36
 56 92
 57 29
 57 61
 58 85
 58 36
 57 86
 57 59
 57 83
 57 78
 57 79
 57 67
 58 84
 58 67
 56 75
 56 94
 57 92
 57 61
 57 94
 57 24
 56 20
 56 89
 56 83
 56 97
 57 39
 57 83
 58 66
 58 75
 59 94
 59 35
 55 58
 55 84
 58 72
 58 56
 56 57
 56 37
 57 26
 57 96
 57 79
 57 69
 58 77
 58 79
 56 65
 56 26
 56 75
 56 96
 59 52
 59 95
 57 85
 57 41
 56 77
 56 79
 57 89
 57 95
 57 67
 57 24
 57 88
 57 86
 58 47
 58 26
 55 83
 55 78
 56 86
 56 28
