 3 4
 3 4
 14 15
 13 15
 46 50
 46 50
 98 99
 99 99
 5 5
 7 5
 26 18
 25 18
 63 55
 80 55
 94 73
 60 73
 95 58
 96 58
 21 52
 18 52
 87 56
 72 56
 53 59
 84 59
 62 57
 80 57
 72 58
 55 58
 42 56
 84 56
 94 56
 84 56
 95 58
 66 58
 22 58
 67 58
 85 58
 82 58
 71 56
 58 56
 68 57
 81 57
 90 58
 72 58
 23 56
 73 56
 79 56
 20 56
 32 57
 62 57
 74 57
 53 57
 27 56
 55 56
 95 59
 68 59
 87 56
 65 56
 91 56
 54 56
 87 57
 20 57
 87 56
 51 56
 83 58
 51 58
 95 57
 82 57
 20 56
 61 56
 36 58
 58 58
 93 56
 94 56
 37 57
 92 57
 83 57
 90 57
 70 58
 91 58
 26 56
 62 56
 27 57
 68 57
 45 56
 83 56
 45 57
 89 57
 64 55
 88 55
 83 57
 84 57
 93 56
 79 56
 62 58
 95 58
 30 55
 65 55
 92 58
 95 58
 92 57
 96 57
 35 57
 97 57
 70 57
 53 57
 72 56
 95 56
 88 57
 60 57
 25 56
 22 56
 96 58
 73 58
 92 58
 92 58
 79 57
 86 57
 86 58
 84 58
 86 54
 75 54
 49 58
 83 58
 36 57
 75 57
 74 58
 43 58
 60 55
 45 55
 74 57
 66 57
 80 57
 87 57
 71 56
 68 56
 87 58
 90 58
 31 56
 51 56
 90 58
 25 58
 74 57
 66 57
 24 57
 27 57
 25 56
 73 56
 34 57
 51 57
 75 55
 72 55
 22 59
 75 59
 96 57
 75 57
 85 56
 67 56
 75 58
 21 58
 94 57
 25 57
 20 56
 26 56
 74 56
 43 56
 47 59
 85 59
 59 57
 79 57
 35 56
 95 56
 91 58
 79 58
 66 57
 94 57
 35 57
 84 57
 37 59
 78 59
 95 55
 69 55
 93 59
 27 59
 89 56
 72 56
 68 58
 30 58
 38 56
 91 56
 60 56
 96 56
 95 58
 85 58
 88 58
 87 58
 74 57
 71 57
 83 59
 51 59
 89 57
 49 57
 32 55
 96 55
 44 61
 87 61
 32 55
 63 55
 83 58
 89 58
 48 57
 93 57
 24 54
 30 54
 25 59
 34 59
 69 56
 73 56
 47 59
 81 59
 92 57
 94 57
 72 57
 34 57
 42 56
 77 56
 57 58
 96 58
 72 57
 67 57
 84 58
 33 58
 94 57
 82 57
 73 56
 71 56
 23 57
 58 57
 62 58
 40 58
 72 56
 49 56
 20 56
 26 56
 64 58
 34 58
 40 56
 19 56
 74 57
 72 57
 93 55
 79 55
 74 58
 36 58
 70 57
 21 57
 24 58
 39 58
 66 56
 88 56
 81 57
 28 57
 87 58
 63 58
 61 56
 76 56
 24 56
 27 56
 70 57
 90 57
 65 56
 96 56
 91 57
 74 57
 73 57
 90 57
 53 57
 83 57
 28 56
 26 56
 38 57
 95 57
 59 58
 79 58
 59 56
 80 56
 91 56
 46 56
 68 55
 44 55
 87 59
 96 59
 94 57
 83 57
 28 57
 55 57
 76 56
 94 56
 46 58
 76 58
 51 56
 51 56
 88 57
 67 57
 79 56
 74 56
 36 56
 46 56
 77 58
 62 58
 38 58
 56 58
 70 58
 93 58
 26 58
 29 58
 93 57
 80 57
 61 57
 37 57
 89 58
 56 58
 70 56
 90 56
 29 58
 92 58
 48 57
 79 57
 83 57
 35 57
 26 57
 84 57
 63 58
 96 58
 45 57
 96 57
 89 57
 62 57
 94 57
 54 57
 45 58
 89 58
 70 55
 23 55
 69 57
 54 57
 94 58
 96 58
 29 55
 95 55
 26 59
 77 59
 91 56
 36 56
 76 56
 52 56
 65 58
 78 58
 66 57
 94 57
 76 56
 92 56
 71 56
 95 56
 25 57
 50 57
 82 58
 37 58
 55 57
 94 57
 42 57
 74 57
 93 55
 47 55
 31 58
 50 58
 70 58
 43 58
 56 58
 69 58
 84 56
 29 56
 81 58
 69 58
 66 58
 50 58
 61 56
 92 56
 90 57
 95 57
 88 55
 71 55
 95 60
 53 60
 84 56
 84 56
 32 56
 35 56
 69 57
 33 57
 23 58
 94 58
 62 57
 28 57
 93 57
 70 57
 26 57
 84 57
 86 58
 71 58
 90 56
 76 56
 95 57
 22 57
 25 56
 73 56
 22 56
 92 56
 28 56
 83 56
 94 58
 79 58
 92 57
 90 57
 95 56
 25 56
 23 58
 95 58
 67 58
 64 58
 85 56
 81 56
 43 58
 28 58
 40 58
 36 58
 89 57
 47 57
 82 56
 39 56
 56 57
 54 57
 92 57
 21 57
 81 57
 69 57
 67 58
 92 58
 92 58
 72 58
 45 57
 91 57
 75 55
 71 55
 87 56
 45 56
 75 56
 90 56
 71 59
 71 59
 78 56
 95 56
 21 55
 82 55
 87 59
 78 59
 36 56
 77 56
 86 56
 48 56
 89 58
 37 58
 68 57
 96 57
 95 58
 37 58
 22 56
 96 56
 93 57
 90 57
 84 58
 96 58
 83 56
 91 56
 24 55
 54 55
 96 58
 90 58
 57 57
 24 57
 25 56
 70 56
 85 56
 64 56
 32 58
 85 58
 66 57
 90 57
 45 57
 89 57
 94 56
 80 56
 37 58
 90 58
 24 58
 95 58
 61 57
 82 57
 37 57
 68 57
 72 58
 64 58
 70 57
 49 57
 94 56
 36 56
 88 57
 41 57
 73 58
 93 58
 94 56
 39 56
 79 57
 41 57
 76 59
 95 59
 72 58
 49 58
 87 58
 68 58
 93 56
 33 56
 87 56
 95 56
 78 56
 89 56
 48 57
 61 57
 96 56
 95 56
 66 57
 58 57
 20 56
 19 56
 96 58
 50 58
 51 56
 95 56
 54 57
 51 57
 83 59
 31 59
 87 56
 68 56
 70 57
 45 57
 21 57
 61 57
 79 57
 83 57
 96 56
 20 56
 65 56
 74 56
 71 58
 91 58
 85 57
 85 57
 72 57
 56 57
 25 57
 89 57
 69 57
 49 57
 81 57
 78 57
 62 57
 88 57
 72 56
 64 56
 77 57
 89 57
 57 57
 95 57
 94 58
 54 58
 67 55
 73 55
 22 59
 79 59
 93 59
 69 59
 57 55
 22 55
 93 58
 35 58
 95 55
 85 55
 43 58
 96 58
 66 56
 36 56
 49 58
 92 58
 58 56
 93 56
 96 57
 74 57
 71 58
 31 58
 85 58
 94 58
 92 57
 96 57
 93 56
 30 56
 81 58
 71 58
 88 56
 51 56
 96 57
 66 57
 22 57
 78 57
 69 56
 76 56
 90 56
 77 56
 74 58
 77 58
 58 56
 93 56
 72 58
 89 58
 92 56
 32 56
 94 56
 81 56
 91 56
 83 56
 80 58
 94 58
 62 57
 85 57
 62 57
 60 57
 54 56
 88 56
 67 57
 31 57
 68 56
 95 56
 71 57
 85 57
 20 57
 80 57
 55 55
 86 55
 57 57
 92 57
 94 57
 85 57
 41 58
 19 58
 79 57
 31 57
 48 57
 87 57
 63 56
 23 56
 71 57
 22 57
 82 57
 70 57
 73 58
 94 58
 70 57
 71 57
 91 57
 89 57
 69 56
 63 56
 91 57
 54 57
 33 56
 40 56
 93 57
 66 57
 46 58
 75 58
 95 58
 93 58
 89 58
 77 58
 94 55
 76 55
 82 57
 78 57
 58 58
 80 58
 68 58
 87 58
 55 56
 34 56
 74 58
 20 58
 80 57
 72 57
 81 58
 96 58
 44 57
 73 57
 76 57
 62 57
 69 58
 73 58
 81 56
 82 56
 36 58
 71 58
 27 57
 29 57
 27 57
 28 57
 64 59
 61 59
 20 56
 81 56
 95 58
 67 58
 67 56
 29 56
 74 57
 80 57
 32 59
 89 59
 29 55
 89 55
 91 56
 95 56
 96 58
 94 58
 28 57
 74 57
 90 58
 83 58
 86 57
 62 57
 49 56
 78 56
 85 58
 61 58
 79 59
 95 59
 80 55
 89 55
 84 56
 74 56
 72 58
 72 58
 20 57
 62 57
 78 56
 23 56
 90 56
 34 56
 54 57
 70 57
 31 57
 23 57
 52 58
 35 58
 87 58
 74 58
 93 58
 75 58
 38 57
 81 57
 82 57
 39 57
 84 58
 65 58
 93 57
 24 57
 51 57
 93 57
 74 56
 71 56
 46 58
 63 58
 45 57
 28 57
 22 57
 90 57
 91 57
 84 57
 20 56
 26 56
 95 57
 85 57
 26 58
 51 58
 22 57
 94 57
 60 57
 83 57
 84 57
 90 57
 57 55
 77 55
 50 58
 65 58
 67 57
 42 57
 37 56
 73 56
 85 57
 91 57
 66 58
 28 58
 63 57
 78 57
 69 56
 77 56
 84 55
 38 55
 85 58
 92 58
 89 57
 74 57
 32 57
 67 57
 46 57
 50 57
 43 56
 60 56
 91 57
 85 57
 79 58
 68 58
 88 56
 59 56
 65 57
 42 57
 53 57
 95 57
 35 57
 68 57
 35 57
 62 57
 77 56
 41 56
 45 59
 95 59
 28 56
 32 56
 65 57
 94 57
 73 58
 89 58
 86 57
 49 57
 21 57
 96 57
 90 56
 90 56
 33 57
 63 57
 60 55
 45 55
 87 57
 95 57
 53 58
 74 58
 95 57
 47 57
 44 59
 54 59
 23 56
 42 56
 89 57
 70 57
 53 57
 24 57
 71 56
 81 56
 76 57
 21 57
 84 56
 75 56
 95 57
 32 57
 88 57
 24 57
 27 58
 75 58
 70 56
 79 56
 66 57
 92 57
 95 57
 93 57
 80 58
 77 58
 91 55
 55 55
 87 56
 39 56
 59 57
 47 57
 73 57
 31 57
 64 58
 40 58
 29 57
 47 57
 68 56
 81 56
 84 57
 45 57
 46 56
 32 56
 93 56
 85 56
 46 57
 96 57
 45 57
 91 57
 94 58
 38 58
 26 58
 78 58
 34 56
 89 56
 35 58
 94 58
 89 58
 92 58
 52 56
 95 56
 44 56
 76 56
 63 56
 28 56
 21 58
 80 58
 39 58
 91 58
 39 58
 91 58
 96 58
 94 58
 75 56
 87 56
 76 57
 87 57
 88 59
 77 59
 71 55
 95 55
 26 57
 76 57
 76 56
 73 56
 87 58
 47 58
 52 56
 92 56
 67 57
 82 57
 80 56
 91 56
 97 56
 40 56
 65 59
 70 59
 90 58
 71 58
 85 58
 84 58
 54 56
 95 56
 95 57
 40 57
 86 55
 84 55
 89 59
 96 59
 92 55
 94 55
 94 57
 68 57
 91 56
 96 56
 69 57
 76 57
 93 57
 39 57
 45 57
 25 57
 87 56
 73 56
 95 58
 80 58
 91 57
 79 57
 96 58
 93 58
 68 57
 43 57
 91 55
 94 55
 73 57
 79 57
 61 58
 94 58
 63 57
 24 57
 92 57
 93 57
 47 58
 93 58
 33 56
 71 56
 20 56
 67 56
 96 57
 66 57
 46 57
 71 57
 66 55
 95 55
 55 58
 94 58
 47 57
 89 57
 50 56
 69 56
 51 57
 37 57
 37 57
 27 57
 21 58
 82 58
 25 57
 46 57
 22 55
 61 55
 63 58
 79 58
 80 56
 49 56
 33 56
 73 56
 92 57
 63 57
 89 58
 71 58
 32 59
 80 59
 96 58
 82 58
 22 56
 65 56
 38 58
 31 58
 71 57
 56 57
 54 57
 94 57
 69 56
 19 56
 20 58
 74 58
 72 56
 91 56
 44 55
 72 55
 27 58
 50 58
 83 56
 79 56
 40 55
 73 55
 96 57
 80 57
 87 56
 89 56
 76 55
 83 55
 93 57
 74 57
 53 57
 80 57
 71 56
 26 56
 86 58
 69 58
 88 59
 81 59
 77 57
 64 57
 63 58
 75 58
 75 56
 95 56
 43 59
 62 59
 32 56
 32 56
 25 58
 77 58
 73 58
 33 58
 58 57
 46 57
 75 58
 54 58
 71 56
 94 56
 69 58
 93 58
 89 56
 96 56
 35 58
 65 58
 89 57
 65 57
 34 57
 22 57
 86 56
 83 56
 89 57
 66 57
 77 57
 26 57
 81 55
 76 55
 68 58
 25 58
 62 57
 86 57
 29 58
 21 58
 36 58
 56 58
 63 55
 89 55
 29 58
 62 58
 85 55
 69 55
 63 58
 22 58
 87 58
 66 58
 18 58
 94 58
 22 56
 77 56
 48 58
 30 58
 79 57
 50 57
 47 56
 59 56
 34 58
 74 58
 84 58
 95 58
 89 56
 22 56
 83 58
 33 58
 82 58
 73 58
 52 55
 81 55
 92 58
 75 58
 70 58
 35 58
 88 58
 74 58
 75 56
 90 56
 64 57
 75 57
 74 58
 90 58
 26 57
 81 57
 80 58
 73 58
 68 56
 37 56
 85 57
 66 57
 96 57
 58 57
 61 57
 86 57
 74 58
 80 58
 30 55
 66 55
 90 59
 22 59
 65 57
 24 57
 93 57
 71 57
 96 58
 93 58
 31 56
 25 56
 96 56
 36 56
 56 57
 24 57
 77 56
 94 56
 96 58
 75 58
 26 57
 70 57
 37 57
 88 57
 94 58
 96 58
 81 56
 76 56
 29 58
 95 58
 66 58
 28 58
 63 57
 73 57
 30 55
 82 55
 77 58
 51 58
 23 56
 69 56
 86 57
 33 57
 79 57
 40 57
 38 56
 58 56
 44 58
 66 58
 48 57
 94 57
 22 58
 93 58
 72 56
 75 56
 96 57
 21 57
 32 57
 66 57
 94 56
 69 56
 73 57
 70 57
 95 58
 93 58
 71 55
 32 55
 68 58
 94 58
 79 57
 94 57
 44 57
 79 57
 94 59
 94 59
 91 57
 54 57
 96 56
 26 56
 63 58
 87 58
 38 55
 63 55
 50 57
 75 57
 88 57
 22 57
 30 57
 91 57
 24 56
 36 56
 90 56
 93 56
 72 56
 33 56
 42 57
 22 57
 85 57
 66 57
 86 56
 68 56
 59 57
 89 57
 76 57
 30 57
 78 57
 59 57
 87 55
 56 55
 95 57
 79 57
 96 56
 90 56
 86 57
 65 57
 87 58
 23 58
 70 57
 61 57
 83 57
 59 57
 62 57
 93 57
 22 58
 61 58
 93 56
 75 56
 89 56
 67 56
 91 57
 41 57
 82 58
 65 58
 91 56
 90 56
 40 56
 59 56
 37 57
 59 57
 94 57
 79 57
 93 57
 65 57
 29 57
 46 57
 50 56
 83 56
 95 56
 96 56
 57 57
 25 57
 25 57
 94 57
 79 57
 91 57
 59 55
 71 55
 79 57
 96 57
 65 59
 21 59
 69 58
 75 58
 61 57
 39 57
 82 55
 79 55
 70 58
 64 58
 86 55
 85 55
 50 56
 78 56
 83 58
 35 58
 53 58
 88 58
 85 55
 41 55
 27 56
 66 56
 77 57
 85 57
 78 57
 67 57
 49 57
 70 57
 64 57
 21 57
 74 56
 75 56
 28 59
 85 59
 90 57
 54 57
 58 57
 60 57
 79 57
 51 57
 62 56
 36 56
 63 57
 54 57
 90 56
 51 56
 34 58
 56 58
 71 58
 22 58
 48 57
 91 57
 69 57
 64 57
 44 57
 74 57
 70 55
 26 55
 96 58
 75 58
 94 57
 25 57
 28 57
 79 57
 91 58
 64 58
 58 56
 74 56
 86 56
 89 56
 93 56
 45 56
 96 57
 74 57
 60 57
 82 57
 83 58
 93 58
 37 55
 84 55
 87 58
 52 58
 84 59
 26 59
 50 56
 84 56
 66 58
 43 58
 96 58
 28 58
 87 55
 79 55
 77 56
 27 56
 71 59
 87 59
 39 58
 41 58
 79 56
 73 56
 63 57
 92 57
 53 58
 79 58
 83 56
 89 56
 64 58
 93 58
 92 58
 30 58
 96 57
 43 57
 44 57
 37 57
 34 58
 95 58
 76 58
 78 58
 23 55
 74 55
 91 59
 70 59
 23 56
 93 56
 22 57
 83 57
 84 56
 82 56
 94 55
 77 55
 95 58
 25 58
 51 57
 66 57
 68 56
 96 56
 92 60
 95 60
 76 56
 21 56
 93 56
 84 56
 52 57
 70 57
 68 57
 95 57
 47 57
 76 57
 90 58
 83 58
 29 56
 55 56
 66 58
 51 58
 34 55
 84 55
 45 57
 71 57
 75 58
 66 58
 56 56
 24 56
 72 55
 91 55
 85 59
 86 59
 69 58
 28 58
 77 55
 84 55
 87 56
 90 56
 82 57
 29 57
 80 56
 51 56
 88 58
 40 58
 87 56
 63 56
 96 57
 93 57
 93 56
 49 56
 96 57
 62 57
 65 59
 52 59
 90 55
 88 55
 44 55
 52 55
 64 59
 86 59
 95 56
 74 56
 92 59
 91 59
 73 57
 90 57
 33 58
 29 58
 21 56
 20 56
 72 56
 75 56
 24 58
 92 58
 24 56
 95 56
 49 55
 94 55
 83 57
 60 57
 87 58
 96 58
 41 56
 93 56
 31 58
 90 58
 56 57
 95 57
 94 57
 90 57
 77 58
 52 58
 83 56
 75 56
 95 58
 51 58
 59 56
 67 56
 68 57
 75 57
 93 57
 96 57
 81 56
 91 56
 76 56
 75 56
 81 57
 95 57
 58 57
 72 57
 93 58
 73 58
 95 57
 83 57
 84 57
 87 57
 20 57
 56 57
 87 57
 58 57
 29 57
 48 57
 31 57
 74 57
 44 57
 33 57
 58 56
 92 56
 84 57
 63 57
 94 57
 74 57
 52 56
 80 56
 48 58
 94 58
 77 56
 86 56
 87 58
 25 58
 67 57
 64 57
 36 56
 65 56
 21 57
 20 57
 89 58
 80 58
 82 56
 53 56
 79 56
 78 56
 50 57
 77 57
 72 57
 89 57
 35 56
 60 56
 90 57
 55 57
 57 56
 95 56
 69 58
 19 58
 79 56
 77 56
 30 59
 77 59
 86 58
 80 58
 71 57
 61 57
 95 58
 86 58
 94 57
 71 57
 77 57
 85 57
 62 59
 86 59
 79 56
 56 56
 36 59
 20 59
 61 57
 96 57
 70 56
 67 56
 85 58
 64 58
 91 57
 85 57
 60 59
 38 59
 84 56
 22 56
 92 56
 63 56
 67 57
 93 57
 51 58
 90 58
 75 56
 63 56
 72 57
 67 57
 93 57
 29 57
 78 58
 74 58
 24 57
 79 57
 48 57
 95 57
 75 58
 84 58
 95 57
 86 57
 87 57
 84 57
 68 58
 46 58
 90 58
 61 58
 85 55
 23 55
 63 58
 88 58
 92 58
 87 58
 72 58
 78 58
 73 55
 71 55
 48 56
 67 56
 30 56
 82 56
 40 58
 26 58
 81 58
 55 58
 95 57
 32 57
 94 57
 71 57
 67 57
 94 57
 94 58
 89 58
 93 56
 26 56
 88 56
 49 56
 78 57
 96 57
 88 56
 88 56
 94 56
 65 56
 76 57
 27 57
 52 57
 59 57
 71 55
 92 55
 64 58
 73 58
 43 58
 63 58
 78 57
 53 57
 69 56
 38 56
 22 56
 95 56
 68 60
 22 60
 36 54
 76 54
 52 58
 23 58
 68 57
 93 57
 95 57
 81 57
 58 56
 91 56
 76 58
 40 58
 76 56
 83 56
 87 58
 36 58
 31 56
 26 56
 19 57
 87 57
 87 56
 90 56
 92 57
 84 57
 25 55
 81 55
 61 57
 49 57
 72 57
 92 57
 32 57
 95 57
 87 57
 29 57
 74 57
 96 57
 61 56
 27 56
 74 57
 88 57
 96 58
 27 58
 79 56
 51 56
 91 57
 93 57
 94 56
 26 56
 23 58
 59 58
 78 58
 28 58
 86 56
 91 56
 63 57
 86 57
 24 58
 79 58
 54 58
 88 58
 96 56
 95 56
 74 57
 78 57
 28 57
 27 57
 23 57
 74 57
 58 56
 87 56
 82 59
 57 59
 26 57
 88 57
 93 57
 90 57
 43 57
 43 57
 23 56
 81 56
 65 57
 71 57
 59 56
 73 56
 82 57
 64 57
 82 57
 79 57
 78 57
 75 57
 85 56
 50 56
 95 57
 45 57
 86 57
 54 57
 95 56
 20 56
 86 56
 71 56
 72 55
 46 55
 21 57
 95 57
 74 59
 92 59
 39 57
 77 57
 93 57
 56 57
 67 58
 94 58
 83 56
 51 56
 23 57
 23 57
 70 57
 80 57
 37 56
 88 56
 22 56
 76 56
 69 58
 22 58
 49 58
 80 58
 87 57
 95 57
 96 56
 96 56
 77 59
 95 59
 74 56
 94 56
 84 56
 86 56
 81 57
 94 57
 83 57
 95 57
 91 58
 75 58
 62 57
 84 57
 69 57
 85 57
 87 56
 76 56
 94 56
 95 56
 27 56
 94 56
 85 58
 91 58
 72 56
 63 56
 25 57
 31 57
 79 58
 22 58
 73 56
 73 56
 79 56
 73 56
 85 57
 89 57
 85 58
 84 58
 76 57
 61 57
 85 57
 55 57
 94 57
 67 57
 71 58
 24 58
 89 56
 65 56
 96 57
 20 57
 26 57
 94 57
 86 56
 64 56
 91 56
 80 56
 89 57
 27 57
 93 58
 36 58
 43 59
 78 59
 45 55
 30 55
 96 58
 91 58
 84 56
 83 56
 90 57
 43 57
 19 57
 80 57
 88 58
 95 58
 76 56
 82 56
 96 56
 77 56
 45 59
 68 59
 82 57
 65 57
 70 56
 78 56
 94 57
 23 57
 96 57
 94 57
 78 57
 77 57
 94 58
 74 58
 73 55
 67 55
 22 56
 31 56
