 4 4
 4 3
 15 14
 15 13
 50 46
 50 46
 99 98
 99 99
 5 11
 5 8
 18 20
 18 24
 55 54
 55 89
 73 38
 73 66
 58 72
 58 83
 52 24
 52 22
 56 66
 56 94
 59 85
 59 95
 57 78
 57 55
 58 48
 58 72
 56 51
 56 78
 56 94
 56 65
 58 95
 58 76
 58 65
 58 67
 58 75
 58 60
 56 73
 56 77
 57 43
 57 96
 58 94
 58 95
 56 59
 56 56
 56 75
 56 89
 57 23
 57 38
 57 90
 57 57
 56 67
 56 87
 59 84
 59 85
 56 73
 56 87
 56 68
 56 30
 57 94
 57 85
 56 75
 56 84
 58 72
 58 71
 57 65
 57 38
 56 90
 56 54
 58 72
 58 96
 56 58
 56 68
 57 40
 57 81
 57 72
 57 81
 58 73
 58 32
 56 91
 56 94
 57 34
 57 41
 56 76
 56 86
 57 90
 57 86
 55 43
 55 88
 57 80
 57 95
 56 76
 56 70
 58 80
 58 89
 55 68
 55 85
 58 64
 58 72
 57 75
 57 93
 57 74
 57 95
 57 81
 57 32
 56 33
 56 94
 57 43
 57 82
 56 93
 56 58
 58 82
 58 73
 58 71
 58 69
 57 72
 57 93
 58 88
 58 68
 54 95
 54 94
 58 85
 58 88
 57 18
 57 79
 58 20
 58 90
 55 23
 55 23
 57 54
 57 83
 57 63
 57 56
 56 73
 56 32
 58 85
 58 89
 56 35
 56 21
 58 84
 58 81
 57 34
 57 89
 57 72
 57 38
 56 82
 56 75
 57 78
 57 58
 55 67
 55 32
 59 93
 59 84
 57 93
 57 94
 56 43
 56 64
 58 83
 58 88
 57 74
 57 50
 56 80
 56 73
 56 40
 56 92
 59 34
 59 26
 57 37
 57 84
 56 90
 56 92
 58 88
 58 29
 57 83
 57 42
 57 29
 57 24
 59 69
 59 54
 55 77
 55 75
 59 46
 59 36
 56 33
 56 94
 58 91
 58 90
 56 92
 56 44
 56 95
 56 79
 58 21
 58 95
 58 76
 58 63
 57 91
 57 96
 59 82
 59 78
 57 74
 57 90
 55 72
 55 27
 61 95
 61 93
 55 28
 55 82
 58 23
 58 79
 57 68
 57 66
 54 45
 54 49
 59 88
 59 93
 56 94
 56 20
 59 29
 59 82
 57 34
 57 74
 57 66
 57 68
 56 85
 56 67
 58 43
 58 49
 57 82
 57 79
 58 66
 58 89
 57 84
 57 71
 56 91
 56 71
 57 28
 57 23
 58 97
 58 80
 56 92
 56 85
 56 87
 56 95
 58 64
 58 51
 56 87
 56 92
 57 40
 57 81
 55 74
 55 70
 58 90
 58 76
 57 92
 57 21
 58 68
 58 72
 56 71
 56 25
 57 92
 57 93
 58 84
 58 41
 56 84
 56 40
 56 94
 56 53
 57 34
 57 83
 56 32
 56 52
 57 80
 57 85
 57 94
 57 68
 57 76
 57 97
 56 48
 56 55
 57 71
 57 36
 58 83
 58 27
 56 32
 56 93
 56 55
 56 22
 55 52
 55 94
 59 94
 59 69
 57 95
 57 63
 57 73
 57 83
 56 93
 56 74
 58 80
 58 95
 56 83
 56 95
 57 19
 57 55
 56 30
 56 88
 56 25
 56 67
 58 84
 58 92
 58 56
 58 87
 58 59
 58 58
 58 94
 58 27
 57 78
 57 27
 57 28
 57 89
 58 79
 58 36
 56 37
 56 57
 58 95
 58 63
 57 87
 57 89
 57 96
 57 61
 57 34
 57 62
 58 71
 58 43
 57 29
 57 69
 57 29
 57 77
 57 56
 57 64
 58 25
 58 74
 55 26
 55 54
 57 65
 57 93
 58 81
 58 89
 55 58
 55 76
 59 47
 59 63
 56 70
 56 73
 56 65
 56 65
 58 84
 58 53
 57 96
 57 43
 56 91
 56 51
 56 95
 56 91
 57 69
 57 63
 58 65
 58 93
 57 33
 57 88
 57 94
 57 33
 55 61
 55 59
 58 96
 58 91
 58 87
 58 80
 58 83
 58 79
 56 96
 56 34
 58 57
 58 77
 58 58
 58 61
 56 79
 56 87
 57 85
 57 85
 55 93
 55 30
 60 82
 60 66
 56 75
 56 38
 56 95
 56 59
 57 18
 57 78
 58 95
 58 39
 57 26
 57 96
 57 25
 57 19
 57 89
 57 26
 58 25
 58 79
 56 67
 56 33
 57 89
 57 32
 56 80
 56 88
 56 77
 56 90
 56 37
 56 95
 58 49
 58 69
 57 66
 57 69
 56 93
 56 42
 58 48
 58 21
 58 47
 58 72
 56 77
 56 86
 58 45
 58 59
 58 32
 58 26
 57 43
 57 42
 56 60
 56 25
 57 74
 57 76
 57 84
 57 85
 57 82
 57 94
 58 76
 58 31
 58 48
 58 90
 57 32
 57 93
 55 35
 55 73
 56 70
 56 77
 56 63
 56 32
 59 85
 59 72
 56 83
 56 79
 55 72
 55 82
 59 27
 59 78
 56 71
 56 20
 56 74
 56 73
 58 96
 58 94
 57 61
 57 25
 58 36
 58 81
 56 64
 56 93
 57 28
 57 91
 58 85
 58 22
 56 96
 56 74
 55 38
 55 55
 58 90
 58 75
 57 93
 57 43
 56 18
 56 81
 56 84
 56 48
 58 48
 58 96
 57 37
 57 86
 57 92
 57 89
 56 50
 56 89
 58 55
 58 75
 58 88
 58 64
 57 91
 57 23
 57 30
 57 82
 58 36
 58 70
 57 53
 57 92
 56 82
 56 78
 57 46
 57 60
 58 65
 58 25
 56 93
 56 94
 57 88
 57 90
 59 20
 59 84
 58 80
 58 60
 58 92
 58 47
 56 65
 56 95
 56 77
 56 51
 56 23
 56 78
 57 88
 57 90
 56 95
 56 71
 57 95
 57 97
 56 27
 56 53
 58 76
 58 87
 56 95
 56 60
 57 89
 57 29
 59 45
 59 74
 56 52
 56 42
 57 42
 57 95
 57 60
 57 29
 57 76
 57 81
 56 94
 56 83
 56 21
 56 62
 58 20
 58 79
 57 54
 57 41
 57 24
 57 86
 57 46
 57 37
 57 75
 57 77
 57 72
 57 36
 57 89
 57 63
 56 35
 56 74
 57 86
 57 82
 57 95
 57 95
 58 43
 58 74
 55 71
 55 77
 59 88
 59 44
 59 19
 59 34
 55 93
 55 94
 58 23
 58 55
 55 35
 55 69
 58 43
 58 50
 56 94
 56 60
 58 59
 58 20
 56 28
 56 61
 57 50
 57 82
 58 48
 58 74
 58 47
 58 41
 57 72
 57 74
 56 73
 56 64
 58 82
 58 43
 56 88
 56 81
 57 82
 57 91
 57 91
 57 53
 56 77
 56 42
 56 62
 56 64
 58 78
 58 62
 56 76
 56 78
 58 40
 58 45
 56 80
 56 96
 56 90
 56 72
 56 95
 56 89
 58 93
 58 80
 57 66
 57 68
 57 82
 57 92
 56 94
 56 48
 57 94
 57 45
 56 38
 56 89
 57 53
 57 74
 57 77
 57 75
 55 73
 55 89
 57 74
 57 89
 57 47
 57 27
 58 87
 58 64
 57 76
 57 71
 57 77
 57 63
 56 20
 56 72
 57 96
 57 77
 57 49
 57 96
 58 66
 58 21
 57 93
 57 24
 57 70
 57 75
 56 20
 56 32
 57 74
 57 66
 56 94
 56 74
 57 70
 57 79
 58 58
 58 81
 58 94
 58 44
 58 78
 58 73
 55 96
 55 82
 57 70
 57 44
 58 72
 58 62
 58 28
 58 78
 56 30
 56 71
 58 46
 58 46
 57 85
 57 61
 58 64
 58 66
 57 84
 57 67
 57 47
 57 86
 58 76
 58 68
 56 69
 56 82
 58 63
 58 95
 57 92
 57 65
 57 90
 57 88
 59 40
 59 79
 56 23
 56 31
 58 85
 58 50
 56 87
 56 89
 57 67
 57 49
 59 42
 59 93
 55 26
 55 72
 56 94
 56 32
 58 35
 58 35
 57 22
 57 54
 58 86
 58 52
 57 95
 57 84
 56 80
 56 21
 58 90
 58 88
 59 57
 59 90
 55 71
 55 53
 56 76
 56 76
 58 50
 58 45
 57 69
 57 71
 56 24
 56 47
 56 72
 56 92
 57 93
 57 88
 57 76
 57 68
 58 83
 58 26
 58 86
 58 94
 58 32
 58 85
 57 50
 57 29
 57 76
 57 81
 58 81
 58 82
 57 46
 57 86
 57 38
 57 43
 56 91
 56 23
 58 72
 58 54
 57 29
 57 87
 57 62
 57 89
 57 95
 57 87
 56 64
 56 90
 57 89
 57 78
 58 95
 58 92
 57 94
 57 33
 57 28
 57 90
 57 54
 57 33
 55 74
 55 32
 58 48
 58 87
 57 67
 57 24
 56 33
 56 92
 57 30
 57 31
 58 66
 58 66
 57 85
 57 86
 56 27
 56 56
 55 32
 55 33
 58 95
 58 91
 57 78
 57 46
 57 26
 57 63
 57 76
 57 44
 56 56
 56 34
 57 88
 57 87
 58 38
 58 88
 56 91
 56 53
 57 88
 57 47
 57 94
 57 65
 57 92
 57 89
 57 82
 57 25
 56 87
 56 90
 59 85
 59 74
 56 43
 56 40
 57 68
 57 91
 58 76
 58 28
 57 57
 57 96
 57 67
 57 84
 56 96
 56 77
 57 83
 57 61
 55 71
 55 66
 57 95
 57 28
 58 22
 58 83
 57 26
 57 77
 59 88
 59 48
 56 48
 56 54
 57 33
 57 51
 57 62
 57 63
 56 49
 56 73
 57 24
 57 24
 56 94
 56 96
 57 72
 57 94
 57 64
 57 80
 58 94
 58 28
 56 92
 56 52
 57 75
 57 90
 57 87
 57 68
 58 67
 58 49
 55 84
 55 83
 56 84
 56 83
 57 59
 57 37
 57 23
 57 19
 58 55
 58 89
 57 41
 57 66
 56 82
 56 57
 57 62
 57 95
 56 32
 56 79
 56 65
 56 76
 57 77
 57 66
 57 57
 57 61
 58 26
 58 96
 58 90
 58 69
 56 54
 56 67
 58 24
 58 21
 58 94
 58 72
 56 59
 56 70
 56 64
 56 93
 56 86
 56 93
 58 19
 58 83
 58 96
 58 86
 58 39
 58 82
 58 62
 58 82
 56 94
 56 83
 57 91
 57 75
 59 89
 59 84
 55 93
 55 72
 57 77
 57 95
 56 33
 56 46
 58 35
 58 59
 56 74
 56 52
 57 44
 57 59
 56 65
 56 24
 56 82
 56 24
 59 25
 59 82
 58 76
 58 95
 58 76
 58 28
 56 84
 56 34
 57 82
 57 47
 55 43
 55 56
 59 81
 59 69
 55 92
 55 91
 57 84
 57 90
 56 39
 56 72
 57 78
 57 85
 57 96
 57 51
 57 82
 57 81
 56 87
 56 81
 58 36
 58 55
 57 93
 57 83
 58 93
 58 49
 57 96
 57 81
 55 25
 55 96
 57 93
 57 78
 58 95
 58 75
 57 71
 57 95
 57 96
 57 26
 58 91
 58 77
 56 86
 56 65
 56 78
 56 71
 57 48
 57 73
 57 54
 57 72
 55 41
 55 83
 58 74
 58 29
 57 77
 57 91
 56 72
 56 60
 57 50
 57 94
 57 29
 57 76
 58 75
 58 39
 57 84
 57 89
 55 38
 55 89
 58 95
 58 76
 56 27
 56 72
 56 66
 56 25
 57 82
 57 61
 58 82
 58 78
 59 94
 59 23
 58 95
 58 86
 56 29
 56 86
 58 79
 58 64
 57 61
 57 69
 57 84
 57 24
 56 96
 56 70
 58 54
 58 30
 56 39
 56 82
 55 72
 55 92
 58 92
 58 58
 56 80
 56 63
 55 59
 55 87
 57 67
 57 29
 56 93
 56 94
 55 94
 55 21
 57 53
 57 75
 57 92
 57 67
 56 26
 56 89
 58 57
 58 81
 59 90
 59 26
 57 76
 57 57
 58 88
 58 61
 56 81
 56 93
 59 37
 59 95
 56 82
 56 89
 58 26
 58 82
 58 95
 58 76
 57 84
 57 94
 58 55
 58 38
 56 53
 56 87
 58 74
 58 89
 56 70
 56 41
 58 52
 58 95
 57 94
 57 94
 57 94
 57 96
 56 94
 56 67
 57 94
 57 83
 57 63
 57 75
 55 82
 55 66
 58 58
 58 84
 57 63
 57 43
 58 53
 58 78
 58 71
 58 35
 55 78
 55 77
 58 25
 58 91
 55 83
 55 30
 58 94
 58 41
 58 68
 58 53
 58 80
 58 51
 56 46
 56 97
 58 65
 58 86
 57 34
 57 22
 56 62
 56 94
 58 58
 58 65
 58 95
 58 47
 56 87
 56 69
 58 53
 58 96
 58 73
 58 62
 55 94
 55 66
 58 64
 58 26
 58 65
 58 71
 58 58
 58 18
 56 78
 56 90
 57 64
 57 91
 58 72
 58 42
 57 38
 57 75
 58 66
 58 33
 56 95
 56 68
 57 43
 57 65
 57 56
 57 75
 57 93
 57 95
 58 48
 58 82
 55 95
 55 92
 59 88
 59 77
 57 67
 57 63
 57 77
 57 70
 58 94
 58 59
 56 66
 56 78
 56 63
 56 77
 57 66
 57 54
 56 72
 56 83
 58 58
 58 88
 57 80
 57 20
 57 26
 57 26
 58 80
 58 34
 56 94
 56 86
 58 62
 58 88
 58 68
 58 90
 57 88
 57 78
 55 77
 55 66
 58 82
 58 52
 56 34
 56 88
 57 67
 57 74
 57 93
 57 56
 56 73
 56 72
 58 95
 58 92
 57 77
 57 24
 58 89
 58 68
 56 53
 56 87
 57 86
 57 56
 57 54
 57 25
 56 29
 56 73
 57 95
 57 48
 58 84
 58 93
 55 86
 55 95
 58 33
 58 25
 57 50
 57 36
 57 74
 57 73
 59 88
 59 27
 57 90
 57 65
 56 45
 56 47
 58 44
 58 35
 55 95
 55 48
 57 69
 57 88
 57 96
 57 90
 57 70
 57 23
 56 51
 56 89
 56 72
 56 43
 56 80
 56 44
 57 70
 57 40
 57 63
 57 24
 56 59
 56 75
 57 78
 57 83
 57 92
 57 66
 57 89
 57 96
 55 65
 55 56
 57 82
 57 22
 56 57
 56 87
 57 52
 57 66
 58 49
 58 55
 57 68
 57 90
 57 75
 57 56
 57 83
 57 86
 58 68
 58 79
 56 92
 56 92
 56 69
 56 79
 57 44
 57 80
 58 80
 58 78
 56 89
 56 49
 56 31
 56 82
 57 73
 57 65
 57 95
 57 59
 57 61
 57 67
 57 85
 57 22
 56 74
 56 92
 56 80
 56 20
 57 90
 57 27
 57 62
 57 58
 57 73
 57 71
 55 67
 55 95
 57 70
 57 91
 59 89
 59 33
 58 82
 58 23
 57 95
 57 59
 55 60
 55 71
 58 85
 58 81
 55 25
 55 35
 56 20
 56 94
 58 95
 58 45
 58 91
 58 80
 55 27
 55 30
 56 90
 56 79
 57 33
 57 66
 57 63
 57 36
 57 90
 57 76
 57 41
 57 84
 56 93
 56 95
 59 30
 59 24
 57 70
 57 22
 57 96
 57 74
 57 63
 57 66
 56 48
 56 96
 57 27
 57 82
 56 81
 56 62
 58 54
 58 95
 58 51
 58 87
 57 38
 57 24
 57 38
 57 57
 57 34
 57 89
 55 23
 55 63
 58 65
 58 60
 57 74
 57 29
 57 68
 57 85
 58 34
 58 86
 56 94
 56 28
 56 74
 56 96
 56 91
 56 85
 57 95
 57 83
 57 27
 57 24
 58 64
 58 82
 55 74
 55 68
 58 58
 58 86
 59 86
 59 86
 56 93
 56 86
 58 78
 58 89
 58 95
 58 94
 55 33
 55 87
 56 84
 56 87
 59 75
 59 40
 58 78
 58 46
 56 95
 56 90
 57 71
 57 25
 58 87
 58 95
 56 94
 56 37
 58 22
 58 30
 58 75
 58 95
 57 59
 57 25
 57 63
 57 23
 58 94
 58 23
 58 90
 58 90
 55 57
 55 86
 59 96
 59 91
 56 60
 56 72
 57 65
 57 93
 56 96
 56 86
 55 64
 55 96
 58 81
 58 95
 57 94
 57 80
 56 94
 56 34
 60 95
 60 20
 56 76
 56 27
 56 38
 56 66
 57 67
 57 90
 57 81
 57 71
 57 91
 57 96
 58 95
 58 77
 56 37
 56 80
 58 41
 58 22
 55 48
 55 71
 57 82
 57 94
 58 74
 58 94
 56 29
 56 79
 55 27
 55 69
 59 96
 59 27
 58 90
 58 94
 55 87
 55 31
 56 80
 56 73
 57 77
 57 93
 56 29
 56 86
 58 82
 58 79
 56 77
 56 93
 57 89
 57 47
 56 63
 56 20
 57 77
 57 77
 59 90
 59 70
 55 77
 55 86
 55 59
 55 40
 59 57
 59 80
 56 25
 56 62
 59 91
 59 64
 57 34
 57 67
 58 95
 58 57
 56 64
 56 87
 56 86
 56 26
 58 51
 58 82
 56 80
 56 49
 55 76
 55 95
 57 24
 57 18
 58 41
 58 92
 56 77
 56 20
 58 35
 58 28
 57 34
 57 53
 57 74
 57 79
 58 32
 58 91
 56 33
 56 95
 58 65
 58 74
 56 73
 56 62
 57 80
 57 69
 57 45
 57 78
 56 69
 56 78
 56 89
 56 90
 57 38
 57 30
 57 41
 57 37
 58 63
 58 41
 57 82
 57 67
 57 27
 57 47
 57 89
 57 41
 57 91
 57 96
 57 25
 57 52
 57 58
 57 97
 57 89
 57 33
 56 82
 56 61
 57 20
 57 93
 57 74
 57 22
 56 85
 56 71
 58 49
 58 91
 56 82
 56 53
 58 25
 58 64
 57 22
 57 67
 56 22
 56 26
 57 73
 57 20
 58 32
 58 42
 56 82
 56 58
 56 78
 56 37
 57 93
 57 24
 57 59
 57 63
 56 83
 56 69
 57 68
 57 70
 56 71
 56 32
 58 83
 58 57
 56 29
 56 93
 59 87
 59 87
 58 92
 58 67
 57 95
 57 96
 58 73
 58 76
 57 94
 57 59
 57 76
 57 33
 59 86
 59 97
 56 45
 56 38
 59 29
 59 46
 57 55
 57 93
 56 86
 56 90
 58 67
 58 61
 57 55
 57 71
 59 93
 59 47
 56 33
 56 90
 56 25
 56 94
 57 27
 57 88
 58 21
 58 67
 56 78
 56 22
 57 88
 57 27
 57 82
 57 90
 58 90
 58 77
 57 74
 57 93
 57 38
 57 79
 58 69
 58 19
 57 68
 57 22
 57 81
 57 32
 58 86
 58 72
 58 63
 58 81
 55 23
 55 21
 58 62
 58 85
 58 84
 58 96
 58 85
 58 91
 55 63
 55 42
 56 62
 56 63
 56 87
 56 84
 58 70
 58 28
 58 94
 58 88
 57 20
 57 22
 57 84
 57 55
 57 95
 57 72
 58 42
 58 33
 56 68
 56 74
 56 62
 56 27
 57 27
 57 82
 56 88
 56 95
 56 86
 56 79
 57 74
 57 45
 57 29
 57 91
 55 22
 55 39
 58 93
 58 93
 58 94
 58 70
 57 25
 57 71
 56 61
 56 60
 56 95
 56 85
 60 31
 60 63
 54 68
 54 73
 58 80
 58 65
 57 70
 57 75
 57 74
 57 44
 56 90
 56 38
 58 96
 58 90
 56 81
 56 57
 58 83
 58 88
 56 53
 56 90
 57 31
 57 76
 56 56
 56 42
 57 78
 57 73
 55 74
 55 23
 57 88
 57 55
 57 34
 57 75
 57 56
 57 28
 57 87
 57 95
 57 71
 57 91
 56 83
 56 58
 57 51
 57 25
 58 89
 58 25
 56 79
 56 90
 57 40
 57 93
 56 76
 56 92
 58 20
 58 93
 58 91
 58 25
 56 96
 56 74
 57 42
 57 81
 58 38
 58 28
 58 80
 58 95
 56 71
 56 84
 57 35
 57 50
 57 68
 57 21
 57 31
 57 40
 56 72
 56 63
 59 80
 59 74
 57 70
 57 75
 57 48
 57 73
 57 63
 57 74
 56 93
 56 92
 57 52
 57 21
 56 47
 56 76
 57 75
 57 22
 57 81
 57 85
 57 59
 57 94
 56 26
 56 83
 57 79
 57 37
 57 46
 57 93
 56 90
 56 89
 56 24
 56 93
 55 20
 55 73
 57 30
 57 51
 59 88
 59 84
 57 72
 57 72
 57 94
 57 95
 58 49
 58 92
 56 79
 56 96
 57 18
 57 70
 57 78
 57 90
 56 33
 56 53
 56 77
 56 75
 58 42
 58 19
 58 45
 58 22
 57 26
 57 78
 56 35
 56 25
 59 60
 59 96
 56 31
 56 78
 56 64
 56 23
 57 73
 57 86
 57 59
 57 96
 58 65
 58 75
 57 95
 57 29
 57 19
 57 90
 56 76
 56 91
 56 81
 56 84
 56 61
 56 36
 58 80
 58 29
 56 65
 56 65
 57 45
 57 69
 58 45
 58 95
 56 85
 56 58
 56 69
 56 73
 57 75
 57 73
 58 50
 58 74
 57 70
 57 23
 57 76
 57 68
 57 54
 57 36
 58 93
 58 75
 56 55
 56 56
 57 40
 57 57
 57 58
 57 55
 56 25
 56 95
 56 85
 56 92
 57 90
 57 20
 58 57
 58 58
 59 27
 59 87
 55 26
 55 74
 58 84
 58 46
 56 92
 56 72
 57 43
 57 94
 57 64
 57 73
 58 42
 58 74
 56 86
 56 38
 56 81
 56 95
 59 55
 59 92
 57 38
 57 68
 56 42
 56 57
 57 20
 57 74
 57 67
 57 84
 57 47
 57 69
 58 31
 58 32
 55 22
 55 39
 56 64
 56 39
