 4 4
 4 4
 15 13
 15 13
 50 45
 50 46
 99 98
 99 98
 5 9
 5 6
 18 21
 18 33
 55 65
 55 87
 73 56
 73 94
 58 84
 58 40
 52 76
 52 88
 56 37
 56 61
 59 70
 59 89
 57 23
 57 81
 58 62
 58 82
 56 88
 56 94
 56 75
 56 92
 58 86
 58 81
 58 59
 58 95
 58 93
 58 95
 56 62
 56 46
 57 58
 57 87
 58 79
 58 92
 56 70
 56 87
 56 24
 56 57
 57 74
 57 91
 57 83
 57 95
 56 83
 56 68
 59 95
 59 55
 56 90
 56 38
 56 70
 56 39
 57 24
 57 79
 56 95
 56 70
 58 85
 58 25
 57 28
 57 57
 56 67
 56 59
 58 85
 58 67
 56 26
 56 87
 57 52
 57 96
 57 63
 57 83
 58 36
 58 81
 56 75
 56 19
 57 75
 57 33
 56 63
 56 31
 57 23
 57 26
 55 83
 55 71
 57 24
 57 74
 56 74
 56 72
 58 72
 58 93
 55 92
 55 53
 58 68
 58 21
 57 85
 57 26
 57 93
 57 88
 57 63
 57 40
 56 91
 56 30
 57 46
 57 85
 56 91
 56 81
 58 48
 58 91
 58 81
 58 22
 57 41
 57 23
 58 40
 58 66
 54 67
 54 68
 58 74
 58 54
 57 69
 57 49
 58 53
 58 53
 55 42
 55 24
 57 94
 57 45
 57 79
 57 76
 56 94
 56 33
 58 90
 58 30
 56 85
 56 96
 58 77
 58 30
 57 75
 57 23
 57 59
 57 95
 56 74
 56 48
 57 48
 57 83
 55 85
 55 33
 59 85
 59 77
 57 65
 57 64
 56 73
 56 49
 58 48
 58 82
 57 95
 57 96
 56 81
 56 47
 56 33
 56 75
 59 87
 59 81
 57 95
 57 94
 56 76
 56 94
 58 73
 58 25
 57 77
 57 96
 57 77
 57 46
 59 67
 59 33
 55 78
 55 89
 59 58
 59 96
 56 87
 56 95
 58 39
 58 47
 56 25
 56 78
 56 86
 56 18
 58 35
 58 96
 58 26
 58 86
 57 69
 57 75
 59 63
 59 22
 57 48
 57 67
 55 64
 55 45
 61 86
 61 26
 55 83
 55 80
 58 22
 58 61
 57 77
 57 42
 54 41
 54 71
 59 89
 59 21
 56 73
 56 83
 59 83
 59 88
 57 88
 57 76
 57 31
 57 94
 56 84
 56 96
 58 27
 58 53
 57 71
 57 84
 58 81
 58 87
 57 70
 57 63
 56 46
 56 67
 57 43
 57 93
 58 27
 58 75
 56 73
 56 23
 56 75
 56 32
 58 96
 58 56
 56 26
 56 78
 57 72
 57 87
 55 71
 55 85
 58 78
 58 67
 57 88
 57 80
 58 76
 58 28
 56 65
 56 87
 57 53
 57 91
 58 84
 58 80
 56 65
 56 69
 56 25
 56 62
 57 93
 57 81
 56 91
 56 66
 57 95
 57 34
 57 86
 57 84
 57 72
 57 51
 56 73
 56 68
 57 42
 57 26
 58 91
 58 66
 56 35
 56 68
 56 59
 56 77
 55 74
 55 71
 59 87
 59 67
 57 79
 57 79
 57 92
 57 61
 56 95
 56 87
 58 39
 58 81
 56 89
 56 86
 57 50
 57 83
 56 71
 56 51
 56 91
 56 94
 58 95
 58 80
 58 85
 58 27
 58 78
 58 80
 58 61
 58 70
 57 95
 57 94
 57 88
 57 40
 58 64
 58 38
 56 34
 56 63
 58 63
 58 29
 57 92
 57 43
 57 95
 57 87
 57 84
 57 46
 58 82
 58 45
 57 53
 57 72
 57 71
 57 47
 57 36
 57 33
 58 29
 58 57
 55 93
 55 96
 57 55
 57 80
 58 24
 58 33
 55 86
 55 94
 59 48
 59 91
 56 65
 56 89
 56 87
 56 95
 58 29
 58 48
 57 86
 57 62
 56 48
 56 79
 56 76
 56 95
 57 79
 57 64
 58 73
 58 83
 57 88
 57 84
 57 42
 57 85
 55 94
 55 44
 58 78
 58 77
 58 92
 58 70
 58 90
 58 82
 56 79
 56 71
 58 26
 58 45
 58 65
 58 59
 56 38
 56 26
 57 93
 57 90
 55 28
 55 80
 60 77
 60 94
 56 97
 56 48
 56 78
 56 20
 57 82
 57 92
 58 80
 58 42
 57 50
 57 95
 57 63
 57 22
 57 95
 57 50
 58 84
 58 63
 56 93
 56 81
 57 95
 57 90
 56 72
 56 49
 56 24
 56 52
 56 27
 56 81
 58 95
 58 69
 57 69
 57 96
 56 75
 56 55
 58 58
 58 30
 58 88
 58 33
 56 61
 56 18
 58 81
 58 36
 58 88
 58 77
 57 64
 57 93
 56 95
 56 84
 57 86
 57 93
 57 82
 57 88
 57 63
 57 76
 58 85
 58 85
 58 91
 58 74
 57 67
 57 96
 55 69
 55 81
 56 62
 56 81
 56 80
 56 68
 59 27
 59 77
 56 88
 56 23
 55 54
 55 95
 59 72
 59 19
 56 94
 56 93
 56 93
 56 27
 58 91
 58 43
 57 31
 57 83
 58 69
 58 71
 56 68
 56 85
 57 68
 57 86
 58 88
 58 83
 56 22
 56 95
 55 78
 55 70
 58 22
 58 60
 57 89
 57 55
 56 30
 56 86
 56 86
 56 72
 58 23
 58 94
 57 24
 57 32
 57 72
 57 32
 56 80
 56 90
 58 66
 58 70
 58 82
 58 85
 57 93
 57 57
 57 93
 57 48
 58 93
 58 22
 57 76
 57 55
 56 95
 56 88
 57 28
 57 28
 58 95
 58 90
 56 64
 56 38
 57 69
 57 68
 59 68
 59 20
 58 51
 58 92
 58 51
 58 55
 56 84
 56 52
 56 71
 56 95
 56 90
 56 95
 57 86
 57 91
 56 94
 56 76
 57 95
 57 73
 56 93
 56 94
 58 83
 58 86
 56 56
 56 81
 57 64
 57 84
 59 75
 59 23
 56 67
 56 43
 57 76
 57 96
 57 59
 57 78
 57 27
 57 64
 56 21
 56 25
 56 91
 56 25
 58 80
 58 26
 57 91
 57 93
 57 78
 57 26
 57 25
 57 32
 57 94
 57 94
 57 34
 57 68
 57 84
 57 41
 56 28
 56 80
 57 22
 57 91
 57 36
 57 43
 58 90
 58 89
 55 26
 55 95
 59 95
 59 96
 59 41
 59 72
 55 80
 55 61
 58 85
 58 97
 55 88
 55 44
 58 58
 58 76
 56 26
 56 45
 58 34
 58 91
 56 30
 56 66
 57 86
 57 95
 58 37
 58 86
 58 74
 58 83
 57 77
 57 27
 56 92
 56 95
 58 64
 58 52
 56 95
 56 90
 57 71
 57 65
 57 80
 57 49
 56 95
 56 89
 56 94
 56 27
 58 70
 58 72
 56 64
 56 66
 58 23
 58 40
 56 27
 56 48
 56 85
 56 39
 56 94
 56 58
 58 70
 58 75
 57 93
 57 19
 57 31
 57 25
 56 93
 56 47
 57 47
 57 54
 56 84
 56 86
 57 82
 57 47
 57 73
 57 61
 55 22
 55 35
 57 34
 57 59
 57 73
 57 79
 58 82
 58 25
 57 61
 57 28
 57 95
 57 42
 56 83
 56 93
 57 42
 57 90
 57 49
 57 79
 58 21
 58 68
 57 27
 57 73
 57 50
 57 36
 56 84
 56 93
 57 55
 57 68
 56 88
 56 31
 57 65
 57 94
 58 96
 58 25
 58 79
 58 47
 58 46
 58 95
 55 65
 55 78
 57 96
 57 61
 58 76
 58 82
 58 88
 58 95
 56 93
 56 39
 58 41
 58 27
 57 72
 57 75
 58 93
 58 60
 57 62
 57 82
 57 53
 57 74
 58 87
 58 57
 56 89
 56 88
 58 25
 58 63
 57 95
 57 44
 57 26
 57 77
 59 30
 59 29
 56 79
 56 24
 58 93
 58 93
 56 48
 56 71
 57 75
 57 79
 59 73
 59 86
 55 83
 55 34
 56 20
 56 85
 58 47
 58 82
 57 49
 57 95
 58 83
 58 56
 57 94
 57 92
 56 95
 56 82
 58 71
 58 56
 59 42
 59 43
 55 90
 55 93
 56 31
 56 93
 58 91
 58 76
 57 70
 57 85
 56 89
 56 96
 56 60
 56 74
 57 21
 57 47
 57 37
 57 27
 58 82
 58 89
 58 83
 58 57
 58 95
 58 39
 57 58
 57 71
 57 86
 57 38
 58 42
 58 33
 57 94
 57 84
 57 56
 57 83
 56 78
 56 80
 58 23
 58 86
 57 94
 57 51
 57 81
 57 88
 57 58
 57 73
 56 62
 56 72
 57 36
 57 20
 58 47
 58 79
 57 94
 57 93
 57 57
 57 74
 57 91
 57 56
 55 74
 55 22
 58 28
 58 39
 57 87
 57 67
 56 83
 56 59
 57 48
 57 43
 58 56
 58 27
 57 95
 57 89
 56 82
 56 86
 55 70
 55 72
 58 87
 58 76
 57 88
 57 89
 57 72
 57 34
 57 25
 57 95
 56 88
 56 38
 57 31
 57 73
 58 62
 58 80
 56 88
 56 82
 57 59
 57 84
 57 24
 57 74
 57 28
 57 94
 57 34
 57 82
 56 70
 56 63
 59 78
 59 76
 56 56
 56 87
 57 80
 57 97
 58 75
 58 68
 57 23
 57 46
 57 65
 57 73
 56 32
 56 94
 57 84
 57 86
 55 65
 55 77
 57 53
 57 94
 58 92
 58 84
 57 52
 57 67
 59 58
 59 87
 56 94
 56 23
 57 60
 57 64
 57 77
 57 23
 56 93
 56 64
 57 65
 57 38
 56 39
 56 91
 57 68
 57 63
 57 56
 57 67
 58 66
 58 65
 56 56
 56 92
 57 83
 57 42
 57 71
 57 94
 58 73
 58 62
 55 92
 55 75
 56 27
 56 83
 57 74
 57 90
 57 72
 57 54
 58 42
 58 24
 57 69
 57 50
 56 49
 56 72
 57 76
 57 52
 56 82
 56 22
 56 52
 56 28
 57 59
 57 72
 57 46
 57 72
 58 19
 58 85
 58 71
 58 70
 56 52
 56 86
 58 86
 58 94
 58 53
 58 24
 56 87
 56 78
 56 24
 56 66
 56 92
 56 94
 58 66
 58 31
 58 95
 58 23
 58 33
 58 88
 58 91
 58 72
 56 28
 56 49
 57 89
 57 96
 59 74
 59 19
 55 47
 55 93
 57 94
 57 46
 56 79
 56 82
 58 43
 58 29
 56 80
 56 45
 57 76
 57 44
 56 89
 56 73
 56 83
 56 27
 59 21
 59 77
 58 96
 58 27
 58 81
 58 76
 56 32
 56 95
 57 82
 57 95
 55 67
 55 54
 59 93
 59 84
 55 91
 55 78
 57 81
 57 85
 56 79
 56 69
 57 83
 57 88
 57 74
 57 27
 57 37
 57 46
 56 29
 56 29
 58 32
 58 96
 57 79
 57 69
 58 71
 58 61
 57 39
 57 40
 55 64
 55 89
 57 93
 57 72
 58 89
 58 80
 57 76
 57 83
 57 37
 57 71
 58 36
 58 65
 56 23
 56 79
 56 54
 56 66
 57 71
 57 65
 57 84
 57 78
 55 44
 55 73
 58 82
 58 25
 57 68
 57 96
 56 96
 56 94
 57 79
 57 33
 57 68
 57 66
 58 66
 58 23
 57 43
 57 77
 55 38
 55 62
 58 88
 58 23
 56 65
 56 87
 56 28
 56 52
 57 93
 57 80
 58 45
 58 76
 59 89
 59 95
 58 56
 58 23
 56 54
 56 94
 58 23
 58 94
 57 88
 57 86
 57 94
 57 94
 56 86
 56 28
 58 68
 58 38
 56 23
 56 97
 55 55
 55 55
 58 22
 58 30
 56 82
 56 93
 55 41
 55 93
 57 72
 57 64
 56 74
 56 94
 55 26
 55 71
 57 90
 57 52
 57 96
 57 23
 56 94
 56 61
 58 68
 58 76
 59 94
 59 75
 57 32
 57 40
 58 66
 58 84
 56 40
 56 34
 59 95
 59 35
 56 32
 56 74
 58 94
 58 39
 58 96
 58 25
 57 94
 57 72
 58 33
 58 89
 56 64
 56 86
 58 90
 58 69
 56 52
 56 33
 58 47
 58 84
 57 90
 57 89
 57 77
 57 72
 56 31
 56 37
 57 34
 57 95
 57 39
 57 88
 55 95
 55 88
 58 27
 58 49
 57 96
 57 58
 58 51
 58 77
 58 85
 58 88
 55 74
 55 82
 58 86
 58 91
 55 40
 55 52
 58 94
 58 73
 58 62
 58 78
 58 20
 58 94
 56 25
 56 85
 58 51
 58 33
 57 69
 57 96
 56 73
 56 23
 58 28
 58 59
 58 71
 58 41
 56 70
 56 40
 58 55
 58 84
 58 65
 58 24
 55 38
 55 87
 58 66
 58 74
 58 76
 58 84
 58 23
 58 89
 56 67
 56 89
 57 79
 57 54
 58 96
 58 85
 57 22
 57 91
 58 84
 58 46
 56 28
 56 80
 57 78
 57 95
 57 74
 57 93
 57 65
 57 74
 58 94
 58 63
 55 68
 55 93
 59 32
 59 86
 57 29
 57 89
 57 95
 57 65
 58 91
 58 66
 56 27
 56 68
 56 26
 56 72
 57 95
 57 72
 56 93
 56 23
 58 75
 58 72
 57 95
 57 89
 57 94
 57 22
 58 72
 58 70
 56 77
 56 78
 58 73
 58 34
 58 78
 58 68
 57 94
 57 91
 55 92
 55 50
 58 23
 58 70
 56 96
 56 24
 57 93
 57 60
 57 91
 57 85
 56 22
 56 33
 58 78
 58 81
 57 36
 57 76
 58 50
 58 96
 56 91
 56 25
 57 92
 57 94
 57 86
 57 90
 56 47
 56 76
 57 30
 57 74
 58 56
 58 93
 55 26
 55 64
 58 70
 58 66
 57 96
 57 71
 57 67
 57 51
 59 64
 59 69
 57 66
 57 94
 56 69
 56 36
 58 94
 58 42
 55 81
 55 62
 57 73
 57 85
 57 22
 57 94
 57 94
 57 65
 56 29
 56 77
 56 22
 56 87
 56 44
 56 87
 57 85
 57 40
 57 26
 57 63
 56 92
 56 94
 57 78
 57 89
 57 64
 57 74
 57 63
 57 77
 55 74
 55 86
 57 33
 57 25
 56 41
 56 83
 57 88
 57 50
 58 32
 58 26
 57 90
 57 73
 57 51
 57 78
 57 64
 57 36
 58 80
 58 50
 56 24
 56 82
 56 94
 56 66
 57 84
 57 49
 58 68
 58 95
 56 79
 56 24
 56 75
 56 90
 57 26
 57 63
 57 25
 57 28
 57 65
 57 67
 57 82
 57 36
 56 83
 56 73
 56 22
 56 73
 57 26
 57 94
 57 56
 57 60
 57 69
 57 67
 55 87
 55 69
 57 82
 57 47
 59 95
 59 84
 58 69
 58 47
 57 93
 57 31
 55 63
 55 95
 58 63
 58 95
 55 95
 55 75
 56 64
 56 75
 58 86
 58 82
 58 96
 58 86
 55 94
 55 53
 56 84
 56 84
 57 61
 57 87
 57 96
 57 95
 57 47
 57 64
 57 64
 57 26
 56 63
 56 65
 59 78
 59 88
 57 20
 57 23
 57 69
 57 49
 57 53
 57 85
 56 38
 56 33
 57 57
 57 62
 56 93
 56 74
 58 19
 58 44
 58 68
 58 79
 57 86
 57 84
 57 88
 57 89
 57 93
 57 21
 55 77
 55 95
 58 50
 58 78
 57 67
 57 49
 57 62
 57 78
 58 69
 58 79
 56 57
 56 23
 56 78
 56 86
 56 91
 56 66
 57 66
 57 26
 57 96
 57 93
 58 37
 58 73
 55 79
 55 64
 58 75
 58 80
 59 89
 59 67
 56 31
 56 58
 58 32
 58 72
 58 82
 58 94
 55 52
 55 94
 56 76
 56 93
 59 78
 59 85
 58 93
 58 90
 56 94
 56 76
 57 95
 57 72
 58 52
 58 72
 56 38
 56 79
 58 41
 58 19
 58 94
 58 71
 57 28
 57 53
 57 35
 57 84
 58 41
 58 86
 58 92
 58 59
 55 92
 55 80
 59 63
 59 89
 56 60
 56 80
 57 74
 57 93
 56 57
 56 26
 55 96
 55 91
 58 76
 58 33
 57 55
 57 75
 56 79
 56 89
 60 95
 60 87
 56 95
 56 92
 56 78
 56 93
 57 65
 57 95
 57 95
 57 82
 57 66
 57 77
 58 33
 58 28
 56 22
 56 42
 58 79
 58 83
 55 94
 55 87
 57 89
 57 81
 58 95
 58 88
 56 72
 56 44
 55 91
 55 62
 59 49
 59 56
 58 82
 58 48
 55 39
 55 40
 56 43
 56 89
 57 91
 57 95
 56 40
 56 69
 58 27
 58 42
 56 74
 56 92
 57 73
 57 96
 56 61
 56 21
 57 91
 57 49
 59 78
 59 94
 55 40
 55 78
 55 80
 55 91
 59 73
 59 70
 56 95
 56 55
 59 26
 59 64
 57 68
 57 46
 58 95
 58 85
 56 63
 56 69
 56 94
 56 52
 58 95
 58 32
 56 29
 56 91
 55 52
 55 73
 57 53
 57 83
 58 46
 58 72
 56 95
 56 96
 58 69
 58 81
 57 54
 57 95
 57 69
 57 67
 58 77
 58 89
 56 21
 56 80
 58 24
 58 82
 56 87
 56 96
 57 56
 57 19
 57 79
 57 35
 56 78
 56 79
 56 63
 56 92
 57 82
 57 63
 57 39
 57 53
 58 62
 58 70
 57 76
 57 90
 57 66
 57 29
 57 75
 57 88
 57 74
 57 69
 57 39
 57 44
 57 74
 57 45
 57 96
 57 64
 56 20
 56 93
 57 78
 57 42
 57 23
 57 90
 56 21
 56 86
 58 95
 58 78
 56 93
 56 38
 58 29
 58 85
 57 90
 57 94
 56 91
 56 36
 57 20
 57 26
 58 91
 58 74
 56 93
 56 45
 56 84
 56 25
 57 89
 57 60
 57 42
 57 22
 56 92
 56 84
 57 66
 57 84
 56 72
 56 68
 58 73
 58 95
 56 45
 56 49
 59 81
 59 83
 58 90
 58 82
 57 40
 57 93
 58 23
 58 50
 57 22
 57 95
 57 84
 57 35
 59 95
 59 94
 56 23
 56 81
 59 84
 59 34
 57 74
 57 78
 56 34
 56 76
 58 92
 58 41
 57 93
 57 92
 59 81
 59 22
 56 82
 56 85
 56 28
 56 51
 57 43
 57 86
 58 58
 58 62
 56 73
 56 75
 57 24
 57 94
 57 76
 57 55
 58 50
 58 92
 57 87
 57 93
 57 23
 57 96
 58 69
 58 73
 57 32
 57 89
 57 30
 57 52
 58 78
 58 55
 58 59
 58 68
 55 80
 55 80
 58 65
 58 94
 58 67
 58 53
 58 66
 58 90
 55 49
 55 64
 56 93
 56 90
 56 19
 56 34
 58 94
 58 92
 58 46
 58 73
 57 90
 57 70
 57 63
 57 43
 57 84
 57 79
 58 63
 58 95
 56 72
 56 38
 56 35
 56 78
 57 22
 57 86
 56 21
 56 85
 56 95
 56 27
 57 28
 57 43
 57 36
 57 95
 55 34
 55 20
 58 25
 58 26
 58 88
 58 69
 57 24
 57 91
 56 36
 56 77
 56 73
 56 29
 60 74
 60 25
 54 73
 54 75
 58 91
 58 23
 57 65
 57 47
 57 91
 57 74
 56 81
 56 85
 58 59
 58 82
 56 91
 56 82
 58 21
 58 38
 56 96
 56 96
 57 50
 57 95
 56 86
 56 53
 57 24
 57 50
 55 42
 55 93
 57 64
 57 59
 57 95
 57 88
 57 32
 57 27
 57 96
 57 87
 57 36
 57 95
 56 63
 56 95
 57 96
 57 49
 58 61
 58 90
 56 39
 56 72
 57 24
 57 40
 56 26
 56 87
 58 79
 58 74
 58 80
 58 96
 56 46
 56 89
 57 26
 57 90
 58 71
 58 41
 58 23
 58 73
 56 68
 56 93
 57 86
 57 25
 57 55
 57 30
 57 72
 57 39
 56 27
 56 84
 59 96
 59 73
 57 43
 57 63
 57 87
 57 90
 57 28
 57 60
 56 64
 56 90
 57 68
 57 27
 56 54
 56 74
 57 70
 57 88
 57 24
 57 29
 57 54
 57 28
 56 83
 56 78
 57 94
 57 22
 57 26
 57 74
 56 78
 56 61
 56 94
 56 65
 55 94
 55 87
 57 88
 57 48
 59 79
 59 65
 57 29
 57 91
 57 94
 57 78
 58 71
 58 91
 56 95
 56 20
 57 85
 57 90
 57 78
 57 42
 56 68
 56 65
 56 90
 56 69
 58 89
 58 47
 58 59
 58 92
 57 87
 57 46
 56 77
 56 20
 59 82
 59 91
 56 88
 56 82
 56 91
 56 62
 57 45
 57 87
 57 25
 57 96
 58 66
 58 23
 57 27
 57 89
 57 39
 57 92
 56 69
 56 89
 56 55
 56 90
 56 57
 56 72
 58 71
 58 73
 56 77
 56 43
 57 25
 57 28
 58 87
 58 42
 56 85
 56 94
 56 40
 56 91
 57 69
 57 76
 58 83
 58 95
 57 82
 57 44
 57 26
 57 81
 57 90
 57 51
 58 53
 58 69
 56 23
 56 86
 57 28
 57 91
 57 75
 57 43
 56 94
 56 90
 56 85
 56 88
 57 95
 57 33
 58 45
 58 65
 59 93
 59 80
 55 51
 55 94
 58 34
 58 95
 56 57
 56 58
 57 68
 57 37
 57 63
 57 25
 58 71
 58 26
 56 77
 56 91
 56 74
 56 20
 59 81
 59 82
 57 22
 57 75
 56 85
 56 70
 57 31
 57 32
 57 75
 57 23
 57 83
 57 53
 58 89
 58 28
 55 92
 55 56
 56 95
 56 82
