 4 4
 4 4
 13 15
 13 15
 46 50
 46 50
 98 99
 98 99
 11 5
 10 5
 15 18
 19 18
 79 55
 60 55
 50 73
 71 73
 95 58
 53 58
 81 52
 80 52
 79 56
 68 56
 80 59
 43 59
 19 57
 20 57
 78 58
 86 58
 93 56
 33 56
 59 56
 54 56
 38 58
 71 58
 71 58
 74 58
 88 58
 91 58
 86 56
 62 56
 88 57
 34 57
 58 58
 46 58
 77 56
 22 56
 29 56
 95 56
 25 57
 96 57
 60 57
 43 57
 49 56
 81 56
 31 59
 81 59
 65 56
 85 56
 23 56
 87 56
 95 57
 66 57
 74 56
 67 56
 65 58
 89 58
 32 57
 82 57
 62 56
 58 56
 90 58
 75 58
 72 56
 93 56
 89 57
 94 57
 58 57
 62 57
 88 58
 19 58
 69 56
 38 56
 34 57
 67 57
 96 56
 58 56
 90 57
 42 57
 20 55
 35 55
 79 57
 93 57
 85 56
 90 56
 24 58
 83 58
 90 55
 78 55
 92 58
 89 58
 79 57
 50 57
 32 57
 74 57
 82 57
 91 57
 94 56
 85 56
 95 57
 89 57
 30 56
 36 56
 95 58
 23 58
 93 58
 94 58
 73 57
 94 57
 71 58
 66 58
 44 54
 73 54
 94 58
 96 58
 74 57
 93 57
 95 58
 85 58
 91 55
 89 55
 88 57
 84 57
 72 57
 54 57
 66 56
 34 56
 65 58
 77 58
 88 56
 44 56
 65 58
 72 58
 93 57
 78 57
 67 57
 89 57
 48 56
 44 56
 90 57
 61 57
 35 55
 89 55
 79 59
 85 59
 54 57
 61 57
 26 56
 91 56
 63 58
 39 58
 89 57
 56 57
 71 56
 74 56
 74 56
 35 56
 76 59
 95 59
 48 57
 72 57
 35 56
 83 56
 82 58
 59 58
 51 57
 93 57
 89 57
 94 57
 62 59
 88 59
 22 55
 67 55
 96 59
 42 59
 26 56
 59 56
 46 58
 25 58
 90 56
 73 56
 72 56
 52 56
 95 58
 65 58
 38 58
 86 58
 95 57
 72 57
 51 59
 77 59
 73 57
 40 57
 70 55
 43 55
 90 61
 30 61
 65 55
 91 55
 81 58
 62 58
 95 57
 72 57
 85 54
 29 54
 25 59
 93 59
 89 56
 25 56
 69 59
 72 59
 50 57
 88 57
 85 57
 72 57
 58 56
 67 56
 96 58
 88 58
 84 57
 26 57
 94 58
 79 58
 77 57
 84 57
 92 56
 87 56
 23 57
 85 57
 41 58
 54 58
 71 56
 89 56
 32 56
 88 56
 57 58
 61 58
 80 56
 33 56
 72 57
 79 57
 71 55
 95 55
 21 58
 72 58
 92 57
 27 57
 90 58
 74 58
 93 56
 94 56
 94 57
 75 57
 60 58
 22 58
 80 56
 92 56
 71 56
 75 56
 26 57
 51 57
 45 56
 71 56
 83 57
 38 57
 90 57
 85 57
 23 57
 24 57
 86 56
 53 56
 76 57
 65 57
 45 58
 69 58
 26 56
 95 56
 23 56
 22 56
 70 55
 92 55
 34 59
 91 59
 89 57
 78 57
 84 57
 95 57
 69 56
 93 56
 91 58
 27 58
 85 56
 66 56
 95 57
 54 57
 88 56
 61 56
 95 56
 95 56
 96 58
 23 58
 47 58
 78 58
 90 58
 77 58
 65 58
 27 58
 60 57
 31 57
 86 57
 95 57
 69 58
 93 58
 87 56
 51 56
 94 58
 53 58
 83 57
 74 57
 84 57
 71 57
 31 57
 75 57
 62 58
 92 58
 71 57
 27 57
 72 57
 25 57
 88 57
 81 57
 26 58
 96 58
 23 55
 52 55
 95 57
 21 57
 25 58
 33 58
 25 55
 25 55
 32 59
 78 59
 92 56
 73 56
 94 56
 84 56
 91 58
 93 58
 33 57
 70 57
 95 56
 66 56
 71 56
 85 56
 65 57
 69 57
 88 58
 63 58
 65 57
 67 57
 91 57
 61 57
 19 55
 53 55
 79 58
 81 58
 53 58
 93 58
 95 58
 95 58
 90 56
 76 56
 43 58
 29 58
 83 58
 92 58
 25 56
 30 56
 94 57
 75 57
 91 55
 47 55
 91 60
 61 60
 47 56
 27 56
 85 56
 94 56
 55 57
 96 57
 37 58
 21 58
 60 57
 31 57
 65 57
 69 57
 86 57
 20 57
 82 58
 44 58
 88 56
 67 56
 52 57
 76 57
 67 56
 22 56
 81 56
 93 56
 80 56
 25 56
 21 58
 74 58
 41 57
 44 57
 76 56
 86 56
 86 58
 95 58
 18 58
 96 58
 26 56
 91 56
 94 58
 79 58
 70 58
 78 58
 46 57
 63 57
 66 56
 79 56
 25 57
 63 57
 73 57
 22 57
 41 57
 91 57
 81 58
 48 58
 24 58
 75 58
 95 57
 89 57
 95 55
 77 55
 88 56
 53 56
 52 56
 67 56
 49 59
 85 59
 20 56
 80 56
 88 55
 51 55
 23 59
 85 59
 25 56
 86 56
 93 56
 91 56
 75 58
 63 58
 81 57
 87 57
 84 58
 53 58
 96 56
 93 56
 93 57
 64 57
 79 58
 81 58
 72 56
 91 56
 32 55
 73 55
 89 58
 89 58
 56 57
 95 57
 69 56
 94 56
 49 56
 71 56
 85 58
 90 58
 68 57
 81 57
 90 57
 89 57
 69 56
 95 56
 79 58
 23 58
 95 58
 67 58
 75 57
 68 57
 28 57
 22 57
 87 58
 35 58
 69 57
 89 57
 36 56
 50 56
 75 57
 91 57
 84 58
 72 58
 87 56
 64 56
 87 57
 36 57
 82 59
 51 59
 76 58
 68 58
 28 58
 26 58
 61 56
 24 56
 36 56
 94 56
 88 56
 82 56
 65 57
 62 57
 58 56
 40 56
 46 57
 38 57
 69 56
 70 56
 56 58
 74 58
 90 56
 43 56
 88 57
 91 57
 64 59
 74 59
 56 56
 95 56
 86 57
 24 57
 86 57
 75 57
 92 57
 90 57
 82 56
 70 56
 70 56
 81 56
 95 58
 55 58
 64 57
 96 57
 81 57
 80 57
 82 57
 23 57
 42 57
 39 57
 36 57
 91 57
 78 57
 55 57
 92 56
 62 56
 54 57
 57 57
 74 57
 54 57
 23 58
 78 58
 76 55
 87 55
 95 59
 19 59
 25 59
 68 59
 45 55
 93 55
 45 58
 59 58
 91 55
 95 55
 39 58
 85 58
 91 56
 96 56
 92 58
 41 58
 95 56
 56 56
 92 57
 61 57
 36 58
 93 58
 46 58
 90 58
 66 57
 80 57
 49 56
 92 56
 64 58
 92 58
 96 56
 70 56
 46 57
 88 57
 69 57
 88 57
 71 56
 84 56
 50 56
 78 56
 24 58
 80 58
 74 56
 81 56
 89 58
 90 58
 38 56
 48 56
 79 56
 58 56
 32 56
 64 56
 68 58
 63 58
 37 57
 83 57
 83 57
 79 57
 93 56
 42 56
 95 57
 31 57
 85 56
 31 56
 27 57
 88 57
 94 57
 88 57
 79 55
 73 55
 90 57
 71 57
 49 57
 84 57
 37 58
 89 58
 95 57
 93 57
 26 57
 27 57
 24 56
 66 56
 86 57
 92 57
 92 57
 94 57
 78 58
 54 58
 29 57
 23 57
 31 57
 21 57
 53 56
 95 56
 25 57
 72 57
 83 56
 58 56
 26 57
 95 57
 25 58
 31 58
 94 58
 88 58
 81 58
 40 58
 24 55
 49 55
 34 57
 79 57
 96 58
 69 58
 90 58
 42 58
 58 56
 48 56
 26 58
 78 58
 85 57
 76 57
 74 58
 73 58
 56 57
 40 57
 93 57
 81 57
 66 58
 68 58
 95 56
 93 56
 87 58
 62 58
 94 57
 83 57
 58 57
 78 57
 31 59
 92 59
 75 56
 82 56
 90 58
 25 58
 69 56
 86 56
 71 57
 84 57
 87 59
 80 59
 91 55
 83 55
 45 56
 24 56
 41 58
 56 58
 56 57
 34 57
 75 58
 94 58
 59 57
 84 57
 94 56
 82 56
 81 58
 71 58
 75 59
 76 59
 69 55
 60 55
 95 56
 94 56
 90 58
 62 58
 62 57
 97 57
 88 56
 75 56
 94 56
 78 56
 68 57
 86 57
 40 57
 94 57
 76 58
 95 58
 81 58
 92 58
 79 58
 75 58
 25 57
 84 57
 74 57
 84 57
 64 58
 70 58
 28 57
 86 57
 59 57
 75 57
 24 56
 91 56
 91 58
 21 58
 73 57
 21 57
 92 57
 93 57
 72 57
 84 57
 89 56
 59 56
 72 57
 23 57
 70 58
 67 58
 49 57
 49 57
 80 57
 24 57
 96 57
 62 57
 91 55
 96 55
 28 58
 90 58
 90 57
 41 57
 82 56
 61 56
 96 57
 94 57
 88 58
 82 58
 95 57
 31 57
 39 56
 96 56
 76 55
 27 55
 72 58
 31 58
 73 57
 25 57
 84 57
 91 57
 49 57
 66 57
 63 56
 36 56
 61 57
 96 57
 80 58
 84 58
 82 56
 71 56
 81 57
 25 57
 23 57
 41 57
 83 57
 51 57
 50 57
 71 57
 74 56
 36 56
 71 59
 88 59
 44 56
 89 56
 54 57
 34 57
 61 58
 86 58
 73 57
 34 57
 96 57
 79 57
 86 56
 30 56
 74 57
 31 57
 90 55
 81 55
 61 57
 73 57
 71 58
 94 58
 57 57
 86 57
 92 59
 21 59
 96 56
 24 56
 94 57
 85 57
 73 57
 59 57
 96 56
 28 56
 90 57
 51 57
 76 56
 52 56
 41 57
 45 57
 93 57
 74 57
 93 58
 38 58
 93 56
 71 56
 87 57
 93 57
 72 57
 67 57
 96 58
 67 58
 79 55
 29 55
 89 56
 73 56
 71 57
 78 57
 95 57
 78 57
 21 58
 24 58
 77 57
 21 57
 45 56
 22 56
 46 57
 88 57
 84 56
 53 56
 93 56
 24 56
 68 57
 90 57
 88 57
 27 57
 90 58
 94 58
 76 58
 59 58
 88 56
 75 56
 96 58
 78 58
 27 58
 69 58
 92 56
 83 56
 21 56
 59 56
 47 56
 36 56
 38 58
 85 58
 60 58
 85 58
 58 58
 70 58
 82 58
 87 58
 33 56
 23 56
 63 57
 72 57
 95 59
 62 59
 48 55
 29 55
 94 57
 23 57
 88 56
 52 56
 80 58
 88 58
 79 56
 66 56
 74 57
 58 57
 31 56
 92 56
 69 56
 86 56
 39 59
 59 59
 87 58
 94 58
 87 58
 91 58
 22 56
 95 56
 34 57
 37 57
 48 55
 68 55
 90 59
 26 59
 65 55
 84 55
 82 57
 95 57
 30 56
 80 56
 88 57
 90 57
 94 57
 80 57
 65 57
 21 57
 93 56
 79 56
 93 58
 72 58
 76 57
 74 57
 85 58
 79 58
 47 57
 55 57
 34 55
 43 55
 95 57
 76 57
 71 58
 69 58
 45 57
 75 57
 70 57
 74 57
 24 58
 96 58
 55 56
 76 56
 89 56
 36 56
 18 57
 46 57
 32 57
 80 57
 95 55
 78 55
 87 58
 65 58
 82 57
 67 57
 89 56
 87 56
 75 57
 71 57
 84 57
 61 57
 85 58
 21 58
 46 57
 33 57
 76 55
 60 55
 72 58
 69 58
 66 56
 28 56
 69 56
 66 56
 76 57
 95 57
 75 58
 78 58
 88 59
 73 59
 35 58
 60 58
 30 56
 59 56
 68 58
 72 58
 83 57
 53 57
 84 57
 95 57
 71 56
 95 56
 67 58
 94 58
 64 56
 80 56
 76 55
 25 55
 78 58
 23 58
 70 56
 19 56
 93 55
 54 55
 21 57
 44 57
 88 56
 35 56
 37 55
 95 55
 87 57
 78 57
 58 57
 38 57
 87 56
 92 56
 90 58
 89 58
 50 59
 95 59
 24 57
 70 57
 28 58
 84 58
 85 56
 37 56
 94 59
 64 59
 53 56
 24 56
 64 58
 75 58
 65 58
 77 58
 84 57
 83 57
 49 58
 50 58
 50 56
 77 56
 91 58
 80 58
 80 56
 81 56
 90 58
 48 58
 88 57
 53 57
 53 57
 92 57
 73 56
 38 56
 39 57
 76 57
 91 57
 38 57
 92 55
 66 55
 44 58
 95 58
 69 57
 90 57
 88 58
 26 58
 93 58
 77 58
 92 55
 95 55
 94 58
 79 58
 48 55
 86 55
 78 58
 61 58
 62 58
 27 58
 91 58
 90 58
 84 56
 93 56
 64 58
 51 58
 71 57
 77 57
 47 56
 52 56
 65 58
 74 58
 24 58
 95 58
 86 56
 25 56
 71 58
 79 58
 85 58
 87 58
 95 55
 95 55
 84 58
 85 58
 26 58
 95 58
 76 58
 80 58
 86 56
 82 56
 88 57
 82 57
 81 58
 69 58
 30 57
 89 57
 77 58
 80 58
 65 56
 21 56
 25 57
 91 57
 37 57
 96 57
 94 57
 72 57
 76 58
 49 58
 50 55
 95 55
 67 59
 82 59
 84 57
 32 57
 24 57
 83 57
 80 58
 89 58
 64 56
 36 56
 55 56
 41 56
 40 57
 82 57
 80 56
 72 56
 93 58
 80 58
 62 57
 34 57
 88 57
 95 57
 84 58
 86 58
 25 56
 94 56
 37 58
 30 58
 89 58
 71 58
 95 57
 94 57
 90 55
 89 55
 54 58
 93 58
 85 56
 94 56
 21 57
 88 57
 95 57
 23 57
 77 56
 73 56
 96 58
 24 58
 84 57
 92 57
 79 58
 92 58
 76 56
 48 56
 92 57
 20 57
 71 57
 70 57
 26 56
 95 56
 28 57
 73 57
 39 58
 93 58
 72 55
 70 55
 68 58
 76 58
 82 57
 40 57
 61 57
 59 57
 95 59
 75 59
 74 57
 28 57
 20 56
 78 56
 40 58
 72 58
 80 55
 83 55
 87 57
 29 57
 70 57
 25 57
 64 57
 92 57
 22 56
 88 56
 65 56
 35 56
 34 56
 78 56
 76 57
 56 57
 26 57
 74 57
 84 56
 35 56
 95 57
 25 57
 67 57
 23 57
 82 57
 67 57
 72 55
 87 55
 49 57
 64 57
 72 56
 30 56
 74 57
 79 57
 53 58
 73 58
 34 57
 86 57
 68 57
 75 57
 91 57
 82 57
 85 58
 82 58
 87 56
 21 56
 74 56
 94 56
 49 57
 25 57
 80 58
 28 58
 66 56
 19 56
 67 56
 60 56
 79 57
 94 57
 88 57
 85 57
 63 57
 30 57
 93 57
 94 57
 68 56
 85 56
 54 56
 75 56
 33 57
 94 57
 37 57
 82 57
 76 57
 36 57
 40 55
 21 55
 41 57
 93 57
 52 59
 79 59
 74 58
 67 58
 24 57
 73 57
 82 55
 42 55
 96 58
 42 58
 31 55
 95 55
 26 56
 89 56
 78 58
 48 58
 95 58
 78 58
 55 55
 67 55
 92 56
 73 56
 25 57
 94 57
 39 57
 73 57
 59 57
 26 57
 50 57
 77 57
 63 56
 80 56
 54 59
 57 59
 95 57
 24 57
 73 57
 81 57
 72 57
 39 57
 25 56
 91 56
 62 57
 90 57
 93 56
 84 56
 71 58
 72 58
 81 58
 58 58
 86 57
 78 57
 81 57
 27 57
 94 57
 19 57
 73 55
 46 55
 83 58
 95 58
 40 57
 43 57
 91 57
 88 57
 74 58
 93 58
 85 56
 63 56
 57 56
 96 56
 75 56
 71 56
 40 57
 60 57
 68 57
 91 57
 67 58
 55 58
 50 55
 35 55
 22 58
 92 58
 76 59
 65 59
 38 56
 94 56
 40 58
 42 58
 32 58
 95 58
 45 55
 27 55
 22 56
 96 56
 52 59
 83 59
 58 58
 68 58
 23 56
 39 56
 76 57
 38 57
 86 58
 78 58
 73 56
 92 56
 40 58
 45 58
 72 58
 54 58
 95 57
 20 57
 95 57
 94 57
 26 58
 83 58
 23 58
 72 58
 89 55
 87 55
 33 59
 24 59
 69 56
 91 56
 29 57
 82 57
 34 56
 25 56
 95 55
 93 55
 80 58
 67 58
 82 57
 83 57
 63 56
 92 56
 38 60
 85 60
 51 56
 88 56
 58 56
 92 56
 37 57
 46 57
 79 57
 21 57
 62 57
 20 57
 67 58
 89 58
 96 56
 88 56
 61 58
 73 58
 94 55
 27 55
 83 57
 36 57
 72 58
 83 58
 73 56
 71 56
 53 55
 96 55
 45 59
 74 59
 85 58
 84 58
 23 55
 27 55
 96 56
 55 56
 77 57
 33 57
 93 56
 70 56
 85 58
 92 58
 82 56
 93 56
 61 57
 82 57
 94 56
 82 56
 77 57
 86 57
 25 59
 83 59
 35 55
 58 55
 26 55
 23 55
 76 59
 91 59
 72 56
 75 56
 50 59
 92 59
 76 57
 64 57
 90 58
 54 58
 78 56
 33 56
 95 56
 21 56
 74 58
 49 58
 86 56
 62 56
 71 55
 50 55
 81 57
 91 57
 58 58
 50 58
 61 56
 24 56
 69 58
 67 58
 59 57
 49 57
 76 57
 83 57
 82 58
 38 58
 66 56
 89 56
 22 58
 76 58
 65 56
 21 56
 74 57
 73 57
 49 57
 33 57
 53 56
 54 56
 22 56
 76 56
 72 57
 74 57
 75 57
 37 57
 83 58
 80 58
 78 57
 96 57
 76 57
 95 57
 20 57
 79 57
 75 57
 94 57
 88 57
 80 57
 60 57
 39 57
 25 57
 24 57
 21 56
 59 56
 57 57
 67 57
 73 57
 31 57
 44 56
 67 56
 95 58
 84 58
 43 56
 78 56
 28 58
 83 58
 67 57
 96 57
 73 56
 76 56
 85 57
 66 57
 92 58
 25 58
 48 56
 96 56
 71 56
 68 56
 77 57
 92 57
 72 57
 79 57
 81 56
 94 56
 94 57
 77 57
 90 56
 67 56
 89 58
 52 58
 89 56
 95 56
 50 59
 30 59
 23 58
 72 58
 76 57
 32 57
 80 58
 60 58
 89 57
 81 57
 85 57
 40 57
 72 59
 69 59
 36 56
 25 56
 81 59
 94 59
 94 57
 26 57
 95 56
 26 56
 68 58
 66 58
 92 57
 25 57
 19 59
 60 59
 82 56
 78 56
 70 56
 79 56
 72 57
 24 57
 27 58
 65 58
 94 56
 70 56
 65 57
 25 57
 49 57
 74 57
 93 58
 68 58
 82 57
 74 57
 69 57
 38 57
 77 58
 85 58
 69 57
 65 57
 28 57
 95 57
 86 58
 72 58
 70 58
 24 58
 90 55
 89 55
 75 58
 96 58
 42 58
 73 58
 79 58
 83 58
 53 55
 96 55
 50 56
 77 56
 95 56
 58 56
 20 58
 24 58
 20 58
 29 58
 23 57
 79 57
 70 57
 40 57
 88 57
 70 57
 28 58
 50 58
 92 56
 96 56
 74 56
 85 56
 90 57
 33 57
 30 56
 69 56
 84 56
 58 56
 20 57
 24 57
 95 57
 51 57
 69 55
 90 55
 90 58
 40 58
 95 58
 84 58
 84 57
 42 57
 79 56
 79 56
 35 56
 89 56
 59 60
 82 60
 25 54
 21 54
 73 58
 92 58
 95 57
 91 57
 84 57
 95 57
 72 56
 71 56
 68 58
 74 58
 67 56
 20 56
 23 58
 63 58
 74 56
 75 56
 79 57
 83 57
 51 56
 92 56
 72 57
 82 57
 29 55
 53 55
 58 57
 86 57
 33 57
 90 57
 49 57
 91 57
 78 57
 83 57
 79 57
 56 57
 62 56
 48 56
 42 57
 49 57
 95 58
 94 58
 86 56
 63 56
 96 57
 59 57
 95 56
 68 56
 27 58
 58 58
 95 58
 68 58
 35 56
 46 56
 84 57
 72 57
 56 58
 77 58
 63 58
 78 58
 60 56
 60 56
 39 57
 67 57
 95 57
 75 57
 24 57
 81 57
 35 56
 75 56
 69 59
 28 59
 69 57
 62 57
 85 57
 94 57
 86 57
 42 57
 21 56
 25 56
 92 57
 68 57
 73 56
 23 56
 75 57
 56 57
 83 57
 81 57
 87 57
 63 57
 48 56
 82 56
 79 57
 88 57
 91 57
 96 57
 44 56
 86 56
 78 56
 86 56
 66 55
 29 55
 93 57
 66 57
 67 59
 49 59
 95 57
 81 57
 77 57
 94 57
 94 58
 67 58
 78 56
 90 56
 56 57
 67 57
 90 57
 51 57
 70 56
 74 56
 92 56
 83 56
 67 58
 28 58
 95 58
 84 58
 42 57
 86 57
 95 56
 25 56
 93 59
 93 59
 89 56
 67 56
 91 56
 91 56
 77 57
 40 57
 53 57
 65 57
 95 58
 23 58
 29 57
 69 57
 68 57
 25 57
 72 56
 89 56
 62 56
 90 56
 78 56
 64 56
 38 58
 90 58
 62 56
 50 56
 74 57
 72 57
 24 58
 20 58
 91 56
 71 56
 36 56
 92 56
 29 57
 61 57
 85 58
 36 58
 86 57
 59 57
 83 57
 78 57
 79 57
 67 57
 84 58
 67 58
 75 56
 94 56
 92 57
 61 57
 94 57
 24 57
 20 56
 89 56
 83 56
 97 56
 39 57
 83 57
 66 58
 75 58
 94 59
 35 59
 58 55
 84 55
 72 58
 56 58
 57 56
 37 56
 26 57
 96 57
 79 57
 69 57
 77 58
 79 58
 65 56
 26 56
 75 56
 96 56
 52 59
 95 59
 85 57
 41 57
 77 56
 79 56
 89 57
 95 57
 67 57
 24 57
 88 57
 86 57
 47 58
 26 58
 83 55
 78 55
 86 56
 28 56
