 4 1
 4 1
 15 4
 15 4
 50 15
 50 15
 99 49
 99 49
 5 99
 5 99
 18 5
 18 5
 55 19
 55 19
 73 60
 73 61
 58 94
 58 95
 52 21
 52 21
 56 66
 56 66
 59 89
 59 89
 57 40
 57 40
 58 95
 58 95
 56 19
 56 19
 56 62
 56 62
 58 93
 58 93
 58 25
 58 25
 58 75
 58 74
 56 75
 56 75
 57 74
 57 74
 58 75
 58 75
 56 74
 56 74
 56 77
 56 77
 57 71
 57 71
 57 82
 57 82
 56 58
 56 58
 59 96
 59 97
 56 14
 56 14
 56 47
 56 47
 57 99
 57 98
 56 6
 56 6
 58 22
 58 23
 57 69
 57 69
 56 85
 56 85
 58 51
 58 51
 56 99
 56 98
 57 5
 57 5
 57 19
 57 19
 58 60
 58 60
 56 95
 56 95
 57 19
 57 19
 56 62
 56 61
 57 94
 57 94
 55 23
 55 23
 57 70
 57 70
 56 83
 56 83
 58 56
 58 56
 55 97
 55 97
 58 11
 58 10
 57 37
 57 37
 57 92
 57 92
 57 29
 57 29
 56 81
 56 81
 57 61
 57 62
 56 94
 56 94
 58 23
 58 23
 58 71
 58 71
 57 81
 57 81
 58 61
 58 61
 54 94
 54 94
 58 21
 58 21
 57 66
 57 66
 58 89
 58 89
 55 39
 55 39
 57 94
 57 94
 57 22
 57 23
 56 69
 56 69
 58 85
 58 85
 56 51
 56 51
 58 99
 58 99
 57 5
 57 5
 57 19
 57 19
 56 60
 56 60
 57 95
 57 95
 55 20
 55 20
 59 64
 59 63
 57 92
 57 92
 56 30
 56 30
 58 83
 58 83
 57 55
 57 55
 56 98
 56 98
 56 9
 56 9
 59 32
 59 32
 57 86
 57 86
 56 48
 56 48
 58 98
 58 99
 57 6
 57 6
 57 21
 57 21
 59 64
 59 65
 55 91
 55 90
 59 34
 59 34
 56 89
 56 89
 58 39
 58 39
 56 94
 56 94
 56 22
 56 22
 58 67
 58 67
 58 87
 58 87
 57 45
 57 45
 59 98
 59 98
 57 8
 57 8
 55 30
 55 30
 61 84
 61 83
 55 55
 55 55
 58 98
 58 98
 57 9
 57 9
 54 30
 54 30
 59 83
 59 83
 56 54
 56 54
 59 98
 59 98
 57 8
 57 8
 57 29
 57 29
 56 82
 56 82
 58 58
 58 58
 57 96
 57 96
 58 15
 58 14
 57 49
 57 49
 56 99
 56 99
 57 5
 57 5
 58 19
 58 19
 56 60
 56 60
 56 95
 56 95
 58 19
 58 20
 56 62
 56 62
 57 93
 57 93
 55 25
 55 25
 58 74
 58 73
 57 76
 57 77
 58 71
 58 71
 56 81
 56 81
 57 60
 57 60
 58 95
 58 95
 56 19
 56 19
 56 60
 56 60
 57 94
 57 95
 56 20
 56 20
 57 63
 57 63
 57 92
 57 92
 57 29
 57 29
 56 81
 56 82
 57 59
 57 59
 58 95
 58 96
 56 17
 56 17
 56 56
 56 56
 55 98
 55 97
 59 10
 59 9
 57 34
 57 33
 57 88
 57 88
 56 42
 56 42
 58 97
 58 96
 56 14
 56 14
 57 48
 57 48
 56 98
 56 99
 56 6
 56 6
 58 22
 58 22
 58 67
 58 67
 58 87
 58 87
 58 44
 58 44
 57 97
 57 98
 57 11
 57 10
 58 37
 58 37
 56 92
 56 92
 58 29
 58 29
 57 82
 57 82
 57 58
 57 58
 57 96
 57 96
 58 15
 58 15
 57 50
 57 49
 57 99
 57 99
 57 5
 57 5
 58 19
 58 18
 55 59
 55 59
 57 96
 57 96
 58 17
 58 17
 55 55
 55 55
 59 97
 59 97
 56 10
 56 10
 56 34
 56 34
 58 89
 58 89
 57 39
 57 39
 56 94
 56 94
 56 23
 56 23
 57 70
 57 70
 58 83
 58 83
 57 55
 57 56
 57 98
 57 98
 55 9
 55 9
 58 32
 58 32
 58 87
 58 87
 58 45
 58 45
 56 98
 56 98
 58 8
 58 8
 58 30
 58 30
 56 83
 56 83
 57 56
 57 57
 55 97
 55 97
 60 11
 60 11
 56 39
 56 39
 56 94
 56 94
 57 22
 57 22
 58 68
 58 68
 57 86
 57 86
 57 48
 57 48
 57 99
 57 98
 58 5
 58 5
 56 19
 56 19
 57 62
 57 61
 56 93
 56 93
 56 24
 56 24
 56 72
 56 72
 58 79
 58 79
 57 66
 57 66
 56 89
 56 89
 58 39
 58 39
 58 94
 58 94
 56 23
 56 22
 58 69
 58 69
 58 85
 58 84
 57 51
 57 51
 56 99
 56 98
 57 5
 57 5
 57 19
 57 19
 57 61
 57 61
 58 94
 58 94
 58 23
 58 23
 57 70
 57 70
 55 83
 55 83
 56 55
 56 55
 56 98
 56 98
 59 8
 59 8
 56 28
 56 29
 55 81
 55 81
 59 62
 59 62
 56 93
 56 93
 56 25
 56 25
 58 74
 58 74
 57 75
 57 75
 58 74
 58 73
 56 77
 56 77
 57 69
 57 69
 58 84
 58 84
 56 53
 56 53
 55 98
 55 99
 58 6
 58 6
 57 22
 57 22
 56 68
 56 68
 56 86
 56 86
 58 47
 58 47
 57 99
 57 99
 57 6
 57 6
 56 24
 56 23
 58 71
 58 71
 58 81
 58 81
 57 61
 57 61
 57 94
 57 94
 58 23
 58 23
 57 70
 57 70
 56 83
 56 83
 57 55
 57 56
 58 98
 58 98
 56 9
 56 9
 57 34
 57 34
 59 89
 59 89
 58 38
 58 38
 58 93
 58 93
 56 25
 56 25
 56 75
 56 75
 56 75
 56 75
 57 74
 57 74
 56 77
 56 76
 57 70
 57 71
 56 82
 56 82
 58 59
 58 59
 56 96
 56 96
 57 17
 57 16
 59 55
 59 55
 56 98
 56 98
 57 9
 57 9
 57 31
 57 31
 57 85
 57 85
 56 52
 56 52
 56 98
 56 99
 58 5
 58 5
 57 19
 57 19
 57 61
 57 61
 57 94
 57 94
 57 23
 57 23
 57 70
 57 70
 57 84
 57 83
 56 55
 56 55
 57 98
 57 98
 57 8
 57 9
 58 31
 58 30
 55 84
 55 84
 59 54
 59 54
 59 98
 59 98
 55 8
 55 8
 58 28
 58 28
 55 79
 55 79
 58 65
 58 65
 56 89
 56 89
 58 38
 58 38
 56 92
 56 93
 57 27
 57 27
 58 77
 58 77
 58 70
 58 70
 57 82
 57 83
 56 57
 56 57
 58 97
 58 97
 56 12
 56 11
 57 41
 57 41
 57 95
 57 95
 56 18
 56 18
 56 58
 56 58
 58 96
 58 96
 56 14
 56 14
 58 49
 58 49
 56 99
 56 99
 56 5
 56 5
 56 19
 56 19
 58 60
 58 60
 57 95
 57 95
 57 21
 57 21
 56 65
 56 65
 57 90
 57 90
 56 36
 56 36
 57 91
 57 91
 57 33
 57 33
 55 88
 55 88
 57 42
 57 43
 57 97
 57 97
 58 14
 58 14
 57 47
 57 47
 57 99
 57 98
 56 6
 56 7
 57 23
 57 23
 57 71
 57 71
 58 82
 58 82
 57 59
 57 59
 57 96
 57 96
 56 16
 56 16
 57 54
 57 54
 56 98
 56 98
 57 8
 57 8
 58 28
 58 28
 58 80
 58 80
 58 64
 58 64
 55 91
 55 91
 57 31
 57 31
 58 85
 58 85
 58 50
 58 50
 56 99
 56 99
 58 5
 58 5
 57 18
 57 18
 58 59
 58 59
 57 96
 57 95
 57 16
 57 16
 58 54
 58 54
 56 98
 56 98
 58 8
 58 7
 57 27
 57 28
 57 79
 57 79
 59 65
 59 65
 56 90
 56 89
 58 37
 58 37
 56 93
 56 93
 57 28
 57 28
 59 80
 59 79
 55 65
 55 65
 56 90
 56 90
 58 34
 58 35
 57 90
 57 90
 58 38
 58 37
 57 93
 57 92
 56 27
 56 27
 58 78
 58 78
 59 69
 59 69
 55 85
 55 85
 56 50
 56 51
 58 99
 58 99
 57 5
 57 5
 56 18
 56 18
 56 59
 56 60
 57 95
 57 95
 57 18
 57 18
 58 58
 58 58
 58 96
 58 96
 58 15
 58 15
 57 51
 57 51
 57 98
 57 99
 58 5
 58 5
 57 19
 57 19
 57 60
 57 60
 56 95
 56 95
 58 19
 58 20
 57 62
 57 62
 57 94
 57 93
 57 25
 57 25
 56 73
 56 73
 57 77
 57 77
 58 69
 58 69
 57 84
 57 84
 57 53
 57 53
 57 98
 57 98
 55 6
 55 6
 58 23
 58 23
 57 70
 57 70
 56 84
 56 84
 57 54
 57 54
 58 98
 58 98
 57 7
 57 8
 56 27
 56 26
 55 77
 55 77
 58 70
 58 70
 57 83
 57 84
 57 54
 57 55
 57 98
 57 98
 56 8
 56 8
 57 28
 57 29
 58 80
 58 81
 56 62
 56 62
 57 93
 57 93
 57 25
 57 25
 57 74
 57 74
 57 77
 57 77
 56 71
 56 71
 59 82
 59 82
 56 59
 56 58
 57 96
 57 96
 58 16
 58 16
 57 53
 57 53
 57 98
 57 98
 56 6
 56 7
 57 23
 57 23
 55 70
 55 70
 57 82
 57 82
 58 57
 58 57
 57 97
 57 97
 59 12
 59 12
 56 42
 56 43
 57 97
 57 97
 57 13
 57 13
 56 45
 56 45
 57 98
 57 98
 56 8
 56 9
 57 30
 57 30
 57 83
 57 83
 58 55
 58 56
 56 97
 56 97
 57 9
 57 9
 57 34
 57 34
 58 89
 58 89
 55 40
 55 40
 56 94
 56 94
 57 21
 57 21
 57 65
 57 65
 58 90
 58 90
 57 35
 57 35
 56 90
 56 90
 57 36
 57 36
 56 91
 56 91
 56 32
 56 32
 57 87
 57 86
 57 46
 57 46
 58 98
 58 98
 58 7
 58 7
 56 26
 56 26
 58 75
 58 75
 58 74
 58 74
 56 75
 56 75
 56 74
 56 74
 56 76
 56 76
 58 73
 58 73
 58 78
 58 78
 58 67
 58 67
 58 87
 58 88
 56 44
 56 44
 57 97
 57 97
 59 11
 59 10
 55 37
 55 37
 57 92
 57 92
 56 28
 56 28
 58 80
 58 80
 56 63
 56 63
 57 92
 57 92
 56 27
 56 27
 56 79
 56 79
 59 66
 59 66
 58 89
 58 89
 58 38
 58 38
 56 94
 56 93
 57 25
 57 25
 55 74
 55 74
 59 76
 59 76
 55 72
 55 71
 57 80
 57 80
 56 62
 56 63
 57 92
 57 93
 57 26
 57 27
 57 77
 57 77
 56 70
 56 70
 58 84
 58 84
 57 54
 57 54
 58 98
 58 98
 57 7
 57 7
 55 27
 55 26
 57 77
 57 77
 58 70
 58 70
 57 83
 57 83
 57 56
 57 56
 58 97
 58 98
 56 10
 56 10
 56 35
 56 35
 57 90
 57 90
 57 35
 57 35
 55 90
 55 90
 58 37
 58 37
 57 92
 57 91
 56 30
 56 31
 57 84
 57 84
 57 53
 57 52
 58 98
 58 99
 57 6
 57 6
 55 22
 55 22
 58 68
 58 68
 56 87
 56 87
 56 45
 56 45
 57 98
 57 97
 58 9
 58 8
 59 32
 59 32
 58 85
 58 85
 56 49
 56 50
 58 99
 58 99
 57 5
 57 5
 57 19
 57 19
 56 60
 56 60
 58 95
 58 95
 56 19
 56 19
 55 61
 55 61
 58 93
 58 93
 56 23
 56 24
 55 71
 55 71
 57 81
 57 81
 56 61
 56 61
 55 94
 55 94
 57 24
 57 24
 57 71
 57 71
 56 81
 56 80
 58 61
 58 61
 59 94
 59 94
 57 23
 57 23
 58 70
 58 70
 56 82
 56 82
 59 58
 59 58
 56 96
 56 96
 58 13
 58 13
 58 45
 58 45
 57 98
 57 98
 58 9
 58 9
 56 32
 56 32
 58 87
 58 86
 56 47
 56 47
 58 99
 58 98
 57 6
 57 6
 57 22
 57 23
 56 69
 56 69
 57 85
 57 85
 57 50
 57 50
 55 99
 55 99
 58 5
 58 5
 57 18
 57 18
 58 59
 58 59
 58 96
 58 96
 55 16
 55 16
 58 53
 58 53
 55 98
 55 98
 58 6
 58 6
 58 24
 58 24
 58 71
 58 71
 56 81
 56 81
 58 61
 58 61
 57 94
 57 94
 56 21
 56 21
 58 67
 58 66
 58 88
 58 88
 56 42
 56 42
 58 96
 58 96
 58 15
 58 15
 55 50
 55 50
 58 99
 58 99
 58 5
 58 5
 58 18
 58 18
 56 59
 56 59
 57 95
 57 96
 58 16
 58 16
 57 54
 57 54
 58 98
 58 98
 56 7
 56 8
 57 26
 57 27
 57 77
 57 77
 57 70
 57 70
 58 83
 58 83
 55 56
 55 56
 59 97
 59 98
 57 10
 57 10
 57 34
 57 35
 58 89
 58 89
 56 37
 56 37
 56 93
 56 92
 57 28
 57 28
 56 79
 56 79
 58 65
 58 65
 57 91
 57 90
 57 34
 57 35
 58 89
 58 89
 56 39
 56 39
 58 93
 58 93
 58 23
 58 24
 57 72
 57 71
 55 80
 55 81
 58 62
 58 62
 56 93
 56 93
 57 25
 57 25
 57 74
 57 74
 56 76
 56 77
 58 72
 58 71
 57 80
 57 81
 58 62
 58 62
 56 93
 56 93
 57 24
 57 24
 57 73
 57 73
 56 78
 56 78
 57 68
 57 67
 58 87
 58 87
 55 45
 55 45
 58 98
 58 98
 57 9
 57 9
 57 31
 57 31
 59 84
 59 84
 57 53
 57 53
 56 98
 56 98
 58 6
 58 6
 55 24
 55 23
 57 71
 57 71
 57 82
 57 82
 57 59
 57 59
 56 95
 56 96
 56 17
 56 17
 56 56
 56 56
 57 98
 57 98
 57 10
 57 10
 56 34
 56 34
 57 89
 57 89
 57 40
 57 40
 57 95
 57 95
 55 21
 55 21
 57 65
 57 64
 56 90
 56 91
 57 34
 57 35
 58 89
 58 90
 57 38
 57 38
 57 93
 57 93
 57 26
 57 27
 58 77
 58 77
 56 71
 56 71
 56 82
 56 82
 57 59
 57 59
 58 96
 58 96
 56 16
 56 16
 56 54
 56 54
 57 98
 57 98
 57 7
 57 7
 57 27
 57 26
 57 77
 57 77
 56 71
 56 70
 56 82
 56 82
 57 58
 57 59
 57 96
 57 96
 57 15
 57 15
 55 49
 55 50
 57 99
 57 99
 59 5
 59 5
 58 19
 58 18
 57 59
 57 59
 55 95
 55 96
 58 17
 58 17
 55 56
 55 56
 56 97
 56 97
 58 10
 58 10
 58 38
 58 37
 55 93
 55 93
 56 28
 56 28
 57 79
 57 79
 57 65
 57 66
 57 89
 57 90
 57 37
 57 37
 56 93
 56 93
 59 27
 59 27
 57 78
 57 78
 57 68
 57 68
 57 86
 57 86
 56 48
 56 48
 57 99
 57 99
 56 6
 56 6
 58 22
 58 22
 58 67
 58 67
 57 87
 57 87
 57 45
 57 45
 57 98
 57 98
 55 9
 55 9
 58 31
 58 31
 57 85
 57 85
 57 51
 57 51
 58 99
 58 99
 56 5
 56 5
 56 19
 56 19
 56 61
 56 61
 57 94
 57 94
 57 22
 57 22
 58 68
 58 68
 55 86
 55 87
 58 46
 58 46
 59 98
 59 98
 56 8
 56 7
 58 28
 58 28
 58 79
 58 79
 55 65
 55 65
 56 90
 56 90
 59 37
 59 37
 58 92
 58 92
 56 29
 56 29
 57 82
 57 82
 58 58
 58 58
 56 96
 56 96
 58 14
 58 14
 58 47
 58 47
 57 99
 57 98
 57 6
 57 6
 58 23
 58 22
 58 69
 58 68
 55 85
 55 85
 59 50
 59 50
 56 99
 56 99
 57 5
 57 5
 56 18
 56 18
 55 59
 55 59
 58 95
 58 96
 57 16
 57 16
 56 54
 56 54
 60 98
 60 98
 56 8
 56 8
 56 28
 56 28
 57 80
 57 80
 57 63
 57 63
 57 92
 57 92
 58 29
 58 29
 56 81
 56 81
 58 61
 58 61
 55 93
 55 94
 57 23
 57 23
 58 71
 58 71
 56 81
 56 81
 55 61
 55 61
 59 94
 59 94
 58 22
 58 22
 55 68
 55 67
 56 87
 56 87
 57 46
 57 46
 56 98
 56 98
 58 8
 58 8
 56 27
 56 27
 57 78
 57 79
 56 67
 56 67
 57 87
 57 87
 59 44
 59 44
 55 97
 55 97
 55 11
 55 11
 59 39
 59 39
 56 94
 56 94
 59 22
 59 22
 57 68
 57 68
 58 86
 58 86
 56 47
 56 47
 56 98
 56 98
 58 6
 58 7
 56 23
 56 24
 55 71
 55 71
 57 81
 57 81
 58 60
 58 60
 56 94
 56 95
 58 20
 58 20
 57 63
 57 62
 57 93
 57 93
 58 27
 58 27
 56 77
 56 77
 58 69
 58 69
 56 84
 56 84
 57 53
 57 53
 57 98
 57 98
 56 7
 56 6
 56 24
 56 24
 57 71
 57 72
 57 80
 57 80
 58 63
 58 62
 57 92
 57 92
 57 28
 57 28
 57 79
 57 79
 57 66
 57 65
 57 89
 57 89
 57 38
 57 38
 57 93
 57 93
 56 25
 56 25
 57 74
 57 74
 57 76
 57 76
 56 71
 56 71
 58 81
 58 81
 56 62
 56 62
 58 93
 58 93
 57 25
 57 26
 56 75
 56 75
 57 74
 57 74
 58 75
 58 76
 56 73
 56 73
 56 78
 56 78
 57 68
 57 68
 57 86
 57 86
 56 47
 56 47
 57 98
 57 98
 56 6
 56 7
 58 24
 58 24
 56 73
 56 73
 59 79
 59 78
 58 67
 58 67
 57 88
 57 88
 58 42
 58 42
 57 96
 57 96
 57 15
 57 15
 59 49
 59 49
 56 99
 56 99
 59 5
 59 5
 57 19
 57 19
 56 60
 56 60
 58 95
 58 95
 57 21
 57 21
 59 66
 59 66
 56 88
 56 88
 56 40
 56 40
 57 95
 57 95
 58 20
 58 20
 56 63
 56 63
 57 92
 57 92
 57 29
 57 29
 58 82
 58 82
 57 58
 57 59
 57 96
 57 96
 58 16
 58 16
 57 52
 57 52
 57 98
 57 99
 58 6
 58 6
 58 22
 58 22
 55 67
 55 67
 58 88
 58 88
 58 41
 58 42
 58 96
 58 96
 55 15
 55 15
 56 51
 56 51
 56 99
 56 99
 58 5
 58 5
 58 18
 58 18
 57 59
 57 59
 57 95
 57 95
 57 18
 57 18
 58 58
 58 58
 56 97
 56 96
 56 14
 56 14
 57 47
 57 47
 56 99
 56 98
 56 7
 56 6
 57 23
 57 23
 57 71
 57 71
 55 81
 55 81
 58 61
 58 61
 58 94
 58 94
 57 22
 57 22
 56 68
 56 68
 56 86
 56 85
 60 48
 60 48
 54 99
 54 98
 58 6
 58 5
 57 20
 57 20
 57 63
 57 63
 56 92
 56 91
 58 30
 58 30
 56 83
 56 83
 58 55
 58 55
 56 98
 56 97
 57 9
 57 9
 56 32
 56 32
 57 86
 57 87
 55 46
 55 46
 57 98
 57 98
 57 7
 57 7
 57 26
 57 26
 57 76
 57 75
 57 73
 57 73
 56 77
 56 77
 57 69
 57 69
 58 84
 58 84
 56 53
 56 53
 57 98
 57 99
 56 6
 56 6
 58 23
 58 22
 58 69
 58 69
 56 84
 56 85
 57 52
 57 52
 58 99
 58 99
 58 5
 58 5
 56 19
 56 20
 57 62
 57 62
 57 93
 57 93
 57 25
 57 25
 56 74
 56 74
 59 75
 59 75
 57 73
 57 73
 57 77
 57 78
 57 68
 57 68
 56 86
 56 85
 57 50
 57 49
 56 99
 56 98
 57 5
 57 5
 57 19
 57 19
 57 59
 57 59
 56 95
 56 95
 57 18
 57 18
 57 58
 57 58
 56 96
 56 96
 56 14
 56 13
 55 46
 55 46
 57 98
 57 98
 59 7
 59 7
 57 26
 57 26
 57 75
 57 76
 58 73
 58 73
 56 78
 56 78
 57 68
 57 68
 57 85
 57 85
 56 50
 56 50
 56 99
 56 99
 58 5
 58 5
 58 18
 58 18
 57 59
 57 59
 56 96
 56 96
 59 17
 59 17
 56 55
 56 55
 56 97
 56 98
 57 9
 57 8
 57 31
 57 31
 58 84
 58 84
 57 52
 57 51
 57 99
 57 99
 56 5
 56 5
 56 20
 56 20
 56 62
 56 62
 58 93
 58 93
 56 26
 56 26
 57 76
 57 76
 58 72
 58 73
 56 79
 56 79
 56 66
 56 66
 57 88
 57 88
 58 41
 58 41
 57 96
 57 96
 57 16
 57 16
 57 53
 57 53
 58 98
 58 98
 56 6
 56 7
 57 24
 57 24
 57 73
 57 73
 56 79
 56 79
 56 67
 56 67
 57 87
 57 88
 58 44
 58 44
 59 97
 59 97
 55 11
 55 11
 58 38
 58 38
 56 93
 56 93
 57 25
 57 26
 57 75
 57 75
 58 74
 58 74
 56 77
 56 77
 56 70
 56 70
 59 83
 59 83
 57 56
 57 56
 56 97
 56 98
 57 10
 57 10
 57 36
 57 35
 57 90
 57 90
 58 34
 58 34
 55 89
 55 88
 56 40
 56 40
