 4 1
 4 1
 15 4
 15 4
 50 15
 50 14
 99 49
 99 49
 5 99
 5 99
 18 5
 18 5
 55 19
 55 19
 73 60
 73 61
 58 94
 58 94
 52 21
 52 21
 56 66
 56 66
 59 89
 59 88
 57 40
 57 40
 58 95
 58 95
 56 19
 56 19
 56 62
 56 61
 58 93
 58 94
 58 24
 58 24
 58 71
 58 71
 56 81
 56 81
 57 60
 57 60
 58 95
 58 95
 56 19
 56 19
 56 61
 56 61
 57 94
 57 94
 57 23
 57 22
 56 69
 56 69
 59 85
 59 85
 56 50
 56 50
 56 99
 56 98
 57 5
 57 5
 56 19
 56 19
 58 60
 58 60
 57 95
 57 95
 56 19
 56 19
 58 60
 58 60
 56 95
 56 95
 57 18
 57 18
 57 59
 57 60
 58 95
 58 96
 56 18
 56 18
 57 58
 57 58
 56 96
 56 97
 57 14
 57 14
 55 48
 55 48
 57 99
 57 99
 56 6
 56 6
 58 21
 58 21
 55 65
 55 65
 58 89
 58 90
 57 37
 57 37
 57 92
 57 92
 57 30
 57 30
 56 83
 56 83
 57 56
 57 56
 56 98
 56 97
 58 10
 58 11
 58 37
 58 37
 57 92
 57 92
 58 28
 58 28
 54 80
 54 80
 58 63
 58 63
 57 92
 57 92
 58 30
 58 29
 55 82
 55 82
 57 58
 57 58
 57 96
 57 97
 56 14
 56 14
 58 48
 58 47
 56 98
 56 98
 58 6
 58 6
 57 22
 57 22
 57 69
 57 68
 56 86
 56 86
 57 50
 57 49
 55 99
 55 99
 59 5
 59 5
 57 19
 57 19
 56 60
 56 60
 58 95
 58 95
 57 18
 57 19
 56 60
 56 59
 56 95
 56 95
 59 19
 59 18
 57 60
 57 60
 56 95
 56 95
 58 19
 58 20
 57 62
 57 61
 57 93
 57 93
 59 25
 59 25
 55 74
 55 74
 59 77
 59 77
 56 70
 56 70
 58 83
 58 83
 56 56
 56 57
 56 97
 56 97
 58 11
 58 10
 58 37
 58 37
 57 92
 57 92
 59 28
 59 28
 57 79
 57 79
 55 65
 55 65
 61 90
 61 90
 55 36
 55 36
 58 91
 58 91
 57 32
 57 32
 54 85
 54 85
 59 49
 59 49
 56 99
 56 99
 59 5
 59 5
 57 19
 57 19
 57 61
 57 61
 56 93
 56 93
 58 24
 58 24
 57 72
 57 72
 58 80
 58 80
 57 63
 57 64
 56 91
 56 92
 57 30
 57 30
 58 83
 58 83
 56 55
 56 55
 56 98
 56 98
 58 9
 58 9
 56 33
 56 33
 57 87
 57 87
 55 45
 55 45
 58 98
 58 98
 57 9
 57 9
 58 33
 58 33
 56 87
 56 88
 57 43
 57 44
 58 97
 58 97
 56 11
 56 11
 56 39
 56 39
 57 94
 57 94
 56 22
 56 22
 57 67
 57 67
 57 87
 57 87
 57 44
 57 45
 56 98
 56 98
 57 9
 57 9
 58 34
 58 34
 56 88
 56 88
 56 41
 56 41
 55 95
 55 96
 59 16
 59 17
 57 54
 57 54
 57 98
 57 98
 56 7
 56 7
 58 27
 58 27
 56 78
 56 78
 57 68
 57 68
 56 85
 56 86
 56 48
 56 48
 58 99
 58 99
 58 5
 58 5
 58 19
 58 20
 58 62
 58 62
 57 94
 57 93
 57 25
 57 24
 58 73
 58 73
 56 78
 56 78
 58 68
 58 69
 57 85
 57 85
 57 50
 57 50
 57 98
 57 99
 58 5
 58 5
 57 18
 57 18
 57 59
 57 59
 57 95
 57 95
 58 17
 58 17
 55 56
 55 56
 57 97
 57 97
 58 10
 58 10
 55 37
 55 37
 59 92
 59 92
 56 30
 56 29
 56 82
 56 83
 58 57
 58 57
 57 97
 57 97
 56 13
 56 12
 56 43
 56 43
 57 97
 57 97
 58 12
 58 13
 57 43
 57 44
 57 97
 57 97
 55 11
 55 11
 58 39
 58 39
 58 94
 58 94
 58 23
 58 22
 56 69
 56 69
 58 84
 58 85
 58 52
 58 52
 56 99
 56 99
 57 5
 57 6
 55 20
 55 21
 60 64
 60 64
 56 90
 56 90
 56 34
 56 34
 57 89
 57 89
 58 40
 58 40
 57 95
 57 95
 57 20
 57 20
 57 64
 57 64
 58 90
 58 91
 56 33
 56 34
 57 88
 57 88
 56 42
 56 42
 56 96
 56 96
 56 15
 56 15
 58 51
 58 51
 57 99
 57 98
 56 5
 56 5
 58 19
 58 19
 58 60
 58 61
 56 95
 56 94
 58 21
 58 21
 58 66
 58 65
 57 89
 57 89
 56 38
 56 38
 57 93
 57 93
 57 27
 57 27
 57 77
 57 77
 58 70
 58 70
 58 83
 58 83
 57 55
 57 55
 55 98
 55 98
 56 8
 56 9
 56 31
 56 31
 59 84
 59 84
 56 53
 56 53
 55 99
 55 98
 59 6
 59 6
 56 21
 56 21
 56 67
 56 67
 58 87
 58 87
 57 43
 57 43
 58 97
 58 97
 56 12
 56 12
 57 41
 57 41
 58 95
 58 95
 56 18
 56 18
 55 58
 55 57
 58 96
 58 96
 57 13
 57 13
 56 45
 56 45
 56 98
 56 97
 58 9
 58 9
 57 33
 57 32
 57 87
 57 87
 56 46
 56 46
 58 98
 58 98
 58 7
 58 8
 57 28
 57 28
 57 80
 57 80
 58 64
 58 64
 57 91
 57 91
 56 33
 56 33
 57 88
 57 87
 58 43
 58 44
 56 97
 56 97
 57 11
 57 11
 59 38
 59 37
 58 93
 58 93
 58 26
 58 26
 56 76
 56 76
 56 72
 56 72
 56 80
 56 80
 57 63
 57 63
 56 92
 56 92
 57 28
 57 28
 56 80
 56 80
 58 63
 58 63
 56 92
 56 92
 57 29
 57 29
 59 81
 59 81
 56 61
 56 61
 57 94
 57 94
 57 24
 57 24
 57 72
 57 72
 56 80
 56 80
 56 63
 56 63
 58 92
 58 93
 57 28
 57 27
 57 79
 57 79
 57 66
 57 66
 57 88
 57 88
 57 41
 57 41
 57 95
 57 95
 56 18
 56 17
 57 57
 57 57
 57 97
 57 97
 58 12
 58 12
 55 41
 55 41
 59 96
 59 95
 59 17
 59 17
 55 57
 55 57
 58 97
 58 97
 55 12
 55 12
 58 41
 58 41
 56 96
 56 96
 58 17
 58 17
 56 57
 56 57
 57 97
 57 97
 58 12
 58 12
 58 41
 58 41
 57 95
 57 95
 56 18
 56 18
 58 58
 58 58
 56 96
 56 96
 57 15
 57 15
 57 50
 57 50
 56 98
 56 99
 56 5
 56 5
 58 19
 58 19
 56 59
 56 59
 58 96
 58 95
 56 18
 56 17
 56 57
 56 57
 56 96
 56 96
 58 13
 58 13
 57 45
 57 45
 57 97
 57 98
 56 9
 56 9
 57 33
 57 33
 56 87
 56 87
 57 45
 57 45
 57 98
 57 98
 55 9
 55 9
 57 33
 57 34
 57 88
 57 88
 58 41
 58 41
 57 95
 57 96
 57 16
 57 17
 56 55
 56 55
 57 98
 57 98
 57 8
 57 8
 58 30
 58 30
 57 84
 57 83
 57 55
 57 55
 56 98
 56 98
 57 8
 57 8
 56 30
 56 30
 57 82
 57 82
 58 58
 58 58
 58 96
 58 96
 58 14
 58 14
 55 46
 55 46
 57 99
 57 98
 58 7
 58 7
 58 26
 58 26
 56 75
 56 75
 58 74
 58 74
 57 75
 57 75
 58 73
 58 73
 57 78
 57 78
 57 68
 57 68
 58 86
 58 86
 56 48
 56 48
 58 99
 58 99
 57 5
 57 6
 57 20
 57 20
 59 63
 59 63
 56 92
 56 92
 58 30
 58 30
 56 83
 56 83
 57 55
 57 55
 59 98
 59 98
 55 8
 55 8
 56 30
 56 30
 58 82
 58 82
 57 58
 57 58
 58 97
 58 96
 57 14
 57 14
 56 47
 56 47
 58 98
 58 98
 59 6
 59 7
 55 24
 55 24
 56 72
 56 72
 58 80
 58 80
 57 62
 57 62
 56 92
 56 93
 56 27
 56 27
 57 78
 57 78
 57 68
 57 67
 58 86
 58 86
 58 46
 58 46
 58 98
 58 98
 57 7
 57 7
 57 25
 57 24
 58 73
 58 73
 57 78
 57 77
 57 69
 57 69
 56 85
 56 84
 58 52
 58 52
 57 98
 57 99
 57 6
 57 5
 57 21
 57 21
 56 66
 56 66
 57 89
 57 89
 58 39
 58 40
 57 95
 57 94
 57 21
 57 21
 57 65
 57 65
 55 90
 55 90
 58 35
 58 35
 57 90
 57 90
 56 36
 56 37
 57 91
 57 91
 58 31
 58 31
 57 85
 57 85
 56 50
 56 50
 55 98
 55 98
 58 5
 58 5
 57 19
 57 19
 57 60
 57 60
 57 95
 57 95
 56 19
 56 19
 57 61
 57 61
 58 94
 58 94
 56 21
 56 22
 57 67
 57 67
 57 87
 57 87
 57 44
 57 44
 57 97
 57 97
 56 11
 56 11
 59 38
 59 38
 56 93
 56 93
 57 25
 57 25
 58 74
 58 74
 57 76
 57 77
 57 71
 57 71
 56 82
 56 82
 57 59
 57 59
 55 95
 55 95
 57 16
 57 16
 58 55
 58 55
 57 98
 57 98
 59 8
 59 8
 56 29
 56 29
 57 81
 57 81
 57 61
 57 61
 56 94
 56 94
 57 22
 57 22
 56 67
 56 67
 57 87
 57 87
 57 45
 57 45
 58 98
 58 98
 56 8
 56 8
 57 30
 57 30
 57 82
 57 83
 58 57
 58 57
 55 97
 55 97
 56 12
 56 12
 57 42
 57 42
 57 96
 57 96
 58 16
 58 16
 57 52
 57 52
 56 98
 56 99
 57 6
 57 6
 56 21
 56 21
 56 65
 56 65
 57 90
 57 90
 57 35
 57 35
 58 89
 58 90
 58 37
 58 37
 56 92
 56 92
 58 29
 58 29
 58 82
 58 82
 56 59
 56 59
 56 96
 56 96
 56 16
 56 16
 58 53
 58 53
 58 98
 58 99
 58 6
 58 6
 58 23
 58 23
 56 69
 56 69
 57 84
 57 84
 59 52
 59 52
 55 98
 55 98
 57 6
 57 6
 56 22
 56 21
 58 67
 58 67
 56 88
 56 88
 57 43
 57 43
 56 97
 56 97
 56 13
 56 13
 59 45
 59 44
 58 97
 58 98
 58 10
 58 10
 56 34
 56 34
 57 89
 57 89
 55 39
 55 39
 59 93
 59 94
 55 24
 55 23
 57 71
 57 71
 56 81
 56 82
 57 60
 57 60
 57 95
 57 95
 57 19
 57 19
 56 60
 56 61
 58 94
 58 95
 57 21
 57 21
 58 65
 58 65
 57 89
 57 89
 55 38
 55 37
 57 92
 57 93
 58 27
 58 27
 57 78
 57 78
 57 68
 57 68
 58 86
 58 86
 56 48
 56 48
 56 99
 56 98
 57 5
 57 5
 57 21
 57 21
 55 66
 55 66
 58 89
 58 89
 57 38
 57 38
 56 93
 56 93
 57 26
 57 25
 57 75
 57 75
 58 75
 58 75
 57 74
 57 74
 55 77
 55 76
 58 71
 58 71
 56 80
 56 80
 56 62
 56 62
 57 93
 57 93
 58 26
 58 26
 59 76
 59 76
 58 73
 58 73
 56 78
 56 78
 58 67
 58 68
 57 87
 57 87
 57 46
 57 46
 56 98
 56 98
 58 7
 58 7
 56 26
 56 26
 55 77
 55 76
 58 71
 58 71
 56 81
 56 81
 55 62
 55 62
 57 93
 57 94
 56 24
 56 24
 55 72
 55 72
 57 81
 57 80
 57 62
 57 62
 56 93
 56 93
 58 27
 58 27
 59 77
 59 77
 57 70
 57 70
 58 83
 58 83
 56 56
 56 56
 59 97
 59 97
 56 11
 56 11
 58 39
 58 39
 58 94
 58 94
 57 23
 57 23
 58 70
 58 70
 56 84
 56 83
 58 54
 58 54
 56 98
 56 98
 58 8
 58 8
 57 28
 57 28
 57 80
 57 80
 56 63
 56 62
 57 92
 57 92
 57 28
 57 28
 55 79
 55 79
 58 65
 58 66
 57 89
 57 89
 58 39
 58 38
 58 93
 58 93
 55 24
 55 24
 58 72
 58 72
 55 81
 55 81
 58 61
 58 62
 58 94
 58 93
 58 24
 58 24
 56 72
 56 72
 58 80
 58 79
 57 64
 57 64
 56 91
 56 91
 58 32
 58 33
 58 87
 58 87
 56 46
 56 46
 58 98
 58 98
 58 8
 58 8
 55 28
 55 28
 58 79
 58 80
 58 65
 58 65
 58 90
 58 90
 56 35
 56 35
 57 90
 57 90
 58 35
 58 35
 57 90
 57 89
 58 37
 58 36
 56 91
 56 91
 57 31
 57 31
 57 84
 57 84
 57 53
 57 53
 58 98
 58 99
 55 6
 55 6
 59 22
 59 22
 57 68
 57 68
 57 86
 57 86
 58 47
 58 47
 56 98
 56 99
 56 7
 56 6
 57 25
 57 24
 56 73
 56 73
 58 77
 58 77
 57 69
 57 69
 57 84
 57 84
 58 53
 58 54
 56 99
 56 98
 58 7
 58 7
 58 25
 58 25
 57 74
 57 74
 55 77
 55 76
 58 71
 58 70
 56 82
 56 82
 57 59
 57 59
 57 96
 57 96
 56 16
 56 16
 58 53
 58 53
 57 99
 57 99
 58 6
 58 6
 56 23
 56 23
 57 69
 57 70
 57 84
 57 84
 56 53
 56 54
 57 98
 57 98
 58 6
 58 7
 55 24
 55 24
 58 73
 58 73
 57 78
 57 78
 57 69
 57 69
 59 85
 59 85
 57 50
 57 51
 56 99
 56 99
 58 5
 58 5
 55 19
 55 19
 57 61
 57 61
 57 94
 57 95
 57 21
 57 20
 56 65
 56 65
 56 90
 56 90
 56 35
 56 35
 57 90
 57 90
 57 34
 57 34
 56 89
 56 89
 57 39
 57 39
 57 94
 57 94
 57 22
 57 22
 55 68
 55 68
 57 86
 57 86
 56 48
 56 48
 57 99
 57 99
 58 5
 58 6
 57 20
 57 20
 57 64
 57 64
 57 91
 57 91
 58 31
 58 31
 56 84
 56 84
 56 52
 56 52
 57 99
 57 99
 58 6
 58 5
 56 21
 56 21
 56 65
 56 65
 57 90
 57 90
 57 35
 57 35
 57 90
 57 89
 57 37
 57 37
 56 92
 56 92
 56 30
 56 29
 57 82
 57 82
 57 59
 57 59
 57 96
 57 96
 55 15
 55 16
 57 52
 57 52
 59 98
 59 98
 58 6
 58 5
 57 21
 57 21
 55 65
 55 66
 58 89
 58 89
 55 37
 55 37
 56 92
 56 93
 58 28
 58 28
 58 79
 58 79
 55 66
 55 66
 56 89
 56 89
 57 39
 57 39
 57 94
 57 94
 57 23
 57 23
 57 70
 57 70
 56 83
 56 83
 59 55
 59 55
 57 98
 57 98
 57 9
 57 9
 57 32
 57 32
 56 85
 56 86
 57 49
 57 49
 56 99
 56 99
 58 5
 58 5
 58 19
 58 19
 57 60
 57 60
 57 95
 57 95
 57 20
 57 20
 55 63
 55 63
 58 92
 58 92
 57 28
 57 28
 57 80
 57 80
 58 63
 58 63
 56 92
 56 92
 56 29
 56 28
 56 80
 56 80
 57 63
 57 63
 57 92
 57 92
 58 29
 58 29
 55 82
 55 82
 58 59
 58 59
 59 95
 59 95
 56 18
 56 18
 58 58
 58 58
 58 96
 58 96
 55 15
 55 15
 56 51
 56 50
 59 99
 59 99
 58 5
 58 5
 56 19
 56 19
 57 60
 57 60
 58 94
 58 95
 56 19
 56 20
 58 63
 58 62
 58 93
 58 92
 57 27
 57 27
 57 78
 57 78
 58 67
 58 67
 58 87
 58 87
 55 45
 55 45
 59 98
 59 98
 56 10
 56 9
 57 34
 57 33
 56 88
 56 88
 55 41
 55 41
 58 96
 58 96
 57 16
 57 16
 56 54
 56 54
 60 98
 60 98
 56 7
 56 7
 56 25
 56 25
 57 74
 57 74
 57 76
 57 76
 57 72
 57 72
 58 80
 58 80
 56 63
 56 63
 58 93
 58 93
 55 28
 55 27
 57 79
 57 79
 58 66
 58 66
 56 89
 56 89
 55 39
 55 39
 59 94
 59 94
 58 22
 58 22
 55 68
 55 68
 56 87
 56 86
 57 46
 57 46
 56 98
 56 98
 58 7
 58 7
 56 27
 56 27
 57 78
 57 78
 56 68
 56 68
 57 86
 57 86
 59 49
 59 49
 55 99
 55 99
 55 5
 55 5
 59 18
 59 18
 56 59
 56 59
 59 95
 59 96
 57 17
 57 16
 58 55
 58 54
 56 98
 56 98
 56 8
 56 8
 58 29
 58 29
 56 82
 56 82
 55 60
 55 60
 57 95
 57 95
 58 18
 58 18
 56 59
 56 59
 58 95
 58 95
 57 17
 57 16
 57 55
 57 55
 58 98
 58 98
 56 8
 56 8
 58 29
 58 29
 56 81
 56 82
 57 60
 57 60
 57 95
 57 95
 56 19
 56 19
 56 61
 56 61
 57 94
 57 94
 57 21
 57 21
 58 66
 58 66
 57 89
 57 89
 57 38
 57 39
 57 93
 57 93
 57 25
 57 24
 57 73
 57 73
 57 78
 57 78
 57 68
 57 68
 56 86
 56 87
 57 47
 57 47
 57 98
 57 98
 56 6
 56 6
 58 23
 58 23
 56 70
 56 70
 58 83
 58 82
 57 57
 57 57
 56 97
 56 97
 57 12
 57 12
 58 41
 58 41
 56 95
 56 96
 56 17
 56 17
 57 55
 57 55
 57 98
 57 98
 56 9
 56 9
 57 34
 57 34
 56 88
 56 88
 58 41
 58 41
 56 96
 56 96
 59 17
 59 16
 58 54
 58 54
 57 98
 57 98
 58 8
 58 8
 57 29
 57 29
 57 81
 57 81
 59 61
 59 60
 56 94
 56 94
 59 21
 59 21
 57 65
 57 66
 56 89
 56 89
 58 38
 58 39
 57 93
 57 94
 59 24
 59 25
 56 73
 56 73
 56 78
 56 77
 57 68
 57 69
 58 85
 58 85
 56 50
 56 50
 57 99
 57 99
 57 5
 57 5
 58 18
 58 18
 57 58
 57 58
 57 96
 57 96
 58 14
 58 14
 57 48
 57 47
 57 98
 57 99
 58 6
 58 6
 58 22
 58 22
 55 68
 55 68
 58 86
 58 86
 58 47
 58 47
 58 98
 58 98
 55 6
 55 6
 56 24
 56 24
 56 72
 56 72
 58 80
 58 80
 58 63
 58 63
 57 92
 57 92
 57 28
 57 28
 57 81
 57 81
 58 62
 58 62
 56 93
 56 94
 56 24
 56 25
 57 73
 57 73
 56 78
 56 78
 56 67
 56 67
 57 87
 57 87
 57 45
 57 45
 55 98
 55 98
 58 8
 58 8
 58 30
 58 30
 57 84
 57 84
 56 55
 56 55
 56 98
 56 98
 60 8
 60 8
 54 29
 54 29
 58 81
 58 82
 57 60
 57 60
 57 95
 57 95
 56 19
 56 19
 58 60
 58 60
 56 94
 56 95
 58 20
 58 20
 56 63
 56 63
 57 92
 57 92
 56 29
 56 29
 57 82
 57 82
 55 60
 55 60
 57 95
 57 95
 57 18
 57 18
 57 59
 57 59
 57 96
 57 96
 57 17
 57 17
 56 56
 56 56
 57 97
 57 97
 58 10
 58 10
 56 37
 56 37
 57 92
 57 92
 56 29
 56 29
 58 81
 58 81
 58 60
 58 59
 56 95
 56 95
 57 18
 57 18
 58 59
 58 59
 58 96
 58 96
 56 16
 56 16
 57 54
 57 54
 57 98
 57 98
 57 7
 57 7
 56 26
 56 26
 59 76
 59 76
 57 71
 57 71
 57 81
 57 81
 57 62
 57 62
 56 93
 56 93
 57 25
 57 24
 56 73
 56 73
 57 78
 57 78
 57 67
 57 67
 57 87
 57 87
 56 45
 56 45
 57 98
 57 98
 57 9
 57 8
 56 31
 56 31
 56 85
 56 85
 55 51
 55 51
 57 99
 57 98
 59 5
 59 5
 57 18
 57 19
 57 59
 57 59
 58 96
 58 95
 56 17
 56 17
 57 56
 57 56
 57 97
 57 97
 56 11
 56 11
 56 37
 56 37
 58 92
 58 92
 58 28
 58 28
 57 80
 57 79
 56 65
 56 65
 59 90
 59 90
 56 35
 56 35
 56 90
 56 90
 57 36
 57 36
 57 91
 57 91
 58 33
 58 33
 57 87
 57 87
 57 45
 57 45
 56 98
 56 97
 56 9
 56 9
 56 33
 56 33
 58 87
 58 87
 56 46
 56 46
 57 98
 57 98
 58 7
 58 7
 56 26
 56 26
 56 77
 56 77
 57 70
 57 70
 58 82
 58 83
 57 57
 57 57
 57 97
 57 97
 57 13
 57 12
 58 43
 58 44
 56 97
 56 97
 57 12
 57 12
 57 41
 57 41
 56 96
 56 96
 56 17
 56 17
 57 55
 57 55
 58 98
 58 97
 59 9
 59 9
 55 32
 55 31
 58 85
 58 85
 56 50
 56 50
 57 99
 57 99
 57 5
 57 5
 58 18
 58 18
 56 60
 56 59
 56 95
 56 95
 59 18
 59 18
 57 59
 57 59
 56 96
 56 95
 57 16
 57 16
 57 54
 57 53
 57 98
 57 98
 58 7
 58 7
 55 25
 55 25
 56 74
 56 74
