 1 4
 1 4
 4 15
 4 15
 14 50
 15 50
 49 99
 49 99
 99 5
 99 5
 5 18
 5 18
 19 55
 19 55
 61 73
 61 73
 93 58
 94 58
 23 52
 23 52
 71 56
 70 56
 82 59
 82 59
 57 57
 57 57
 97 58
 97 58
 13 56
 13 56
 46 56
 46 56
 98 58
 98 58
 8 58
 8 58
 29 58
 29 58
 81 56
 81 56
 61 57
 61 57
 94 58
 94 58
 22 56
 22 56
 68 56
 68 56
 86 57
 86 57
 47 57
 47 57
 98 56
 98 56
 6 59
 6 59
 23 56
 23 56
 71 56
 71 56
 81 57
 81 57
 61 56
 61 56
 94 58
 94 58
 21 57
 21 57
 66 56
 66 56
 88 58
 89 58
 40 56
 40 56
 95 57
 95 57
 19 57
 19 57
 61 58
 61 58
 94 56
 94 56
 22 57
 22 57
 68 56
 68 56
 86 57
 86 57
 49 55
 49 55
 99 57
 99 57
 5 56
 5 56
 19 58
 19 58
 61 55
 61 55
 94 58
 94 58
 23 57
 23 57
 70 57
 70 57
 83 57
 83 57
 56 56
 56 56
 97 57
 97 57
 9 56
 10 56
 34 58
 34 58
 89 58
 89 58
 38 57
 38 57
 93 58
 93 58
 26 54
 25 54
 75 58
 75 58
 74 57
 74 57
 76 58
 76 58
 73 55
 73 55
 79 57
 79 57
 66 57
 66 57
 88 56
 88 56
 41 58
 41 58
 96 56
 96 56
 16 58
 16 58
 53 57
 53 57
 98 57
 99 57
 6 56
 6 56
 23 57
 24 57
 71 55
 71 55
 81 59
 81 59
 59 57
 60 57
 95 56
 95 56
 18 58
 18 58
 59 57
 59 57
 96 56
 96 56
 15 56
 15 56
 52 59
 52 59
 98 57
 99 57
 6 56
 6 56
 21 58
 20 58
 64 57
 64 57
 91 57
 91 57
 33 59
 33 59
 87 55
 87 55
 44 59
 44 59
 98 56
 97 56
 9 58
 10 58
 34 56
 33 56
 88 56
 88 56
 42 58
 43 58
 96 58
 96 58
 14 57
 14 57
 46 59
 46 59
 98 57
 98 57
 7 55
 7 55
 27 61
 27 61
 77 55
 77 55
 70 58
 70 58
 84 57
 83 57
 54 54
 54 54
 98 59
 98 59
 8 56
 8 56
 29 59
 29 59
 81 57
 81 57
 62 57
 62 57
 93 56
 93 56
 26 58
 26 58
 75 57
 75 57
 74 58
 74 58
 76 57
 76 57
 72 56
 72 56
 81 57
 80 57
 62 58
 62 58
 93 56
 93 56
 27 56
 27 56
 77 58
 77 58
 69 56
 69 56
 84 57
 84 57
 53 55
 53 55
 98 58
 99 58
 6 57
 6 57
 23 58
 23 58
 70 56
 70 56
 83 57
 83 57
 57 58
 57 58
 97 56
 97 56
 12 56
 12 56
 42 57
 41 57
 96 56
 96 56
 15 57
 15 57
 52 57
 52 57
 98 57
 99 57
 5 56
 5 56
 21 57
 21 57
 65 58
 66 58
 90 56
 89 56
 37 56
 38 56
 92 55
 93 55
 27 59
 28 59
 78 57
 79 57
 66 57
 67 57
 88 56
 88 56
 42 58
 42 58
 96 56
 96 56
 15 57
 15 57
 49 56
 49 56
 99 56
 99 56
 5 58
 5 58
 19 58
 19 58
 61 58
 61 58
 94 58
 94 58
 23 57
 23 57
 71 57
 70 57
 82 58
 82 58
 58 56
 58 56
 96 58
 96 58
 14 57
 14 57
 47 57
 47 57
 99 57
 98 57
 7 58
 6 58
 24 57
 23 57
 71 57
 71 57
 81 57
 81 57
 60 58
 60 58
 95 55
 94 55
 20 57
 21 57
 64 58
 64 58
 91 55
 91 55
 33 59
 32 59
 86 56
 87 56
 46 56
 46 56
 98 58
 98 58
 8 57
 8 57
 28 56
 28 56
 80 56
 79 56
 64 57
 64 57
 91 58
 90 58
 34 57
 34 57
 88 57
 88 57
 41 55
 41 55
 95 58
 95 58
 17 58
 17 58
 55 58
 56 58
 98 56
 97 56
 10 58
 10 58
 34 58
 35 58
 90 56
 89 56
 37 57
 38 57
 92 55
 93 55
 27 60
 28 60
 79 56
 79 56
 66 56
 66 56
 88 57
 88 57
 41 58
 41 58
 96 57
 96 57
 16 57
 16 57
 54 57
 54 57
 98 58
 98 58
 7 56
 7 56
 26 57
 26 57
 75 56
 76 56
 74 56
 73 56
 77 56
 77 56
 70 58
 70 58
 83 57
 83 57
 56 56
 56 56
 98 58
 97 58
 10 58
 10 58
 36 56
 36 56
 91 58
 91 58
 33 58
 33 58
 88 57
 88 57
 43 56
 43 56
 97 57
 97 57
 12 57
 12 57
 41 57
 41 57
 95 58
 95 58
 18 58
 18 58
 59 57
 59 57
 96 55
 96 55
 16 56
 16 56
 53 56
 53 56
 98 59
 98 59
 6 56
 6 56
 23 55
 23 55
 69 59
 69 59
 85 56
 84 56
 52 56
 52 56
 99 58
 98 58
 5 57
 5 57
 20 58
 20 58
 63 56
 64 56
 92 57
 92 57
 30 58
 30 58
 83 56
 82 56
 57 55
 57 55
 97 58
 96 58
 13 57
 13 57
 44 56
 44 56
 97 56
 97 56
 11 58
 11 58
 39 57
 39 57
 94 57
 94 57
 24 56
 24 56
 71 58
 71 58
 81 58
 82 58
 60 57
 60 57
 95 57
 95 57
 19 58
 19 58
 61 57
 62 57
 93 56
 94 56
 24 57
 24 57
 71 58
 71 58
 80 56
 80 56
 62 57
 62 57
 93 59
 93 59
 25 58
 24 58
 73 58
 73 58
 77 56
 78 56
 69 56
 69 56
 85 56
 85 56
 51 57
 51 57
 99 56
 99 56
 5 57
 5 57
 19 56
 18 56
 60 58
 60 58
 95 56
 95 56
 19 57
 19 57
 60 59
 61 59
 95 56
 94 56
 20 57
 20 57
 64 57
 64 57
 91 57
 91 57
 31 56
 31 56
 85 56
 85 56
 50 58
 50 58
 99 57
 99 57
 5 57
 5 57
 18 57
 18 57
 58 57
 59 57
 96 57
 96 57
 16 57
 16 57
 52 56
 53 56
 98 57
 99 57
 6 57
 6 57
 22 58
 22 58
 67 55
 67 55
 87 59
 87 59
 44 59
 44 59
 98 55
 98 55
 9 58
 10 58
 35 55
 35 55
 89 58
 89 58
 37 56
 37 56
 92 58
 92 58
 28 56
 28 56
 80 57
 80 57
 64 58
 64 58
 91 58
 91 58
 32 57
 32 57
 86 56
 86 56
 47 58
 47 58
 98 56
 98 56
 6 57
 6 57
 23 57
 23 57
 71 56
 71 56
 81 56
 81 56
 59 58
 59 58
 95 56
 95 56
 18 58
 19 58
 59 56
 59 56
 96 56
 95 56
 16 56
 16 56
 54 58
 54 58
 98 57
 98 57
 7 57
 7 57
 26 56
 26 56
 77 57
 76 57
 71 56
 71 56
 81 57
 81 57
 61 57
 61 57
 95 55
 94 55
 21 57
 21 57
 66 57
 66 57
 89 58
 89 58
 40 57
 40 57
 95 57
 95 57
 19 56
 19 56
 60 57
 60 57
 95 57
 95 57
 20 58
 20 58
 64 57
 64 57
 91 57
 91 57
 32 56
 32 56
 85 57
 85 57
 50 56
 50 56
 99 57
 99 57
 5 58
 5 58
 19 58
 18 58
 59 58
 59 58
 95 55
 95 55
 18 57
 18 57
 58 58
 58 58
 96 58
 97 58
 14 56
 14 56
 47 58
 48 58
 98 57
 99 57
 6 58
 6 58
 22 57
 22 57
 68 57
 68 57
 86 58
 86 58
 48 56
 47 56
 98 58
 99 58
 6 57
 6 57
 22 57
 22 57
 67 59
 68 59
 87 56
 87 56
 45 58
 45 58
 98 56
 98 56
 8 57
 9 57
 31 59
 31 59
 84 55
 84 55
 53 56
 53 56
 98 58
 98 58
 6 57
 6 57
 23 58
 23 58
 69 57
 69 57
 84 56
 85 56
 52 58
 52 58
 99 59
 99 59
 6 55
 5 55
 21 56
 21 56
 65 58
 65 58
 90 57
 89 57
 37 56
 37 56
 92 56
 92 56
 30 57
 30 57
 83 57
 83 57
 57 58
 56 58
 97 58
 97 58
 11 58
 11 58
 39 57
 39 57
 94 57
 94 57
 23 58
 23 58
 70 57
 70 57
 83 57
 83 57
 56 56
 56 56
 97 58
 98 58
 10 57
 10 57
 34 57
 34 57
 89 57
 89 57
 39 56
 39 56
 94 57
 94 57
 22 58
 22 58
 68 57
 68 57
 87 57
 86 57
 47 57
 46 57
 98 55
 98 55
 7 58
 7 58
 26 57
 26 57
 76 56
 76 56
 72 57
 72 57
 80 58
 80 58
 64 57
 64 57
 91 56
 91 56
 32 55
 32 55
 86 58
 86 58
 48 57
 48 57
 98 57
 99 57
 6 57
 5 57
 21 56
 21 56
 65 57
 65 57
 90 58
 90 58
 36 56
 36 56
 91 57
 91 57
 33 57
 33 57
 87 57
 87 57
 44 57
 44 57
 97 56
 97 56
 11 59
 11 59
 39 56
 39 56
 94 57
 94 57
 24 58
 24 58
 72 57
 72 57
 80 57
 79 57
 64 56
 64 56
 91 57
 91 57
 33 55
 32 55
 87 57
 87 57
 45 58
 45 58
 98 57
 98 57
 9 59
 9 59
 32 56
 33 56
 87 57
 87 57
 46 57
 46 57
 98 56
 98 56
 7 57
 7 57
 28 56
 28 56
 79 57
 80 57
 65 57
 65 57
 90 58
 90 58
 36 56
 36 56
 91 57
 91 57
 32 57
 32 57
 86 58
 87 58
 47 55
 46 55
 98 56
 98 56
 7 57
 7 57
 25 57
 26 57
 75 58
 75 58
 74 57
 74 57
 76 56
 77 56
 71 57
 71 57
 81 56
 81 56
 61 56
 61 56
 94 57
 94 57
 21 57
 21 57
 66 58
 66 58
 88 58
 89 58
 40 56
 40 56
 95 58
 95 58
 19 58
 19 58
 61 56
 62 56
 94 56
 93 56
 24 56
 24 56
 71 58
 71 58
 81 58
 81 58
 61 58
 62 58
 93 58
 93 58
 24 56
 24 56
 73 57
 73 57
 78 59
 78 59
 68 55
 68 55
 86 57
 86 57
 47 56
 46 56
 98 58
 98 58
 7 56
 6 56
 24 57
 24 57
 73 56
 73 56
 78 56
 78 56
 68 59
 68 59
 85 58
 85 58
 49 58
 49 58
 99 56
 99 56
 5 57
 5 57
 19 55
 19 55
 60 59
 60 59
 95 55
 94 55
 20 57
 20 57
 64 56
 64 56
 91 57
 91 57
 32 57
 32 57
 86 57
 86 57
 48 56
 48 56
 99 58
 98 58
 6 57
 5 57
 20 58
 20 58
 63 57
 63 57
 92 55
 92 55
 30 57
 30 57
 83 58
 83 58
 56 57
 56 57
 97 57
 98 57
 10 58
 10 58
 36 56
 36 56
 91 56
 91 56
 31 57
 31 57
 84 57
 85 57
 52 55
 52 55
 98 58
 99 58
 5 57
 6 57
 20 56
 20 56
 63 57
 63 57
 92 57
 91 57
 31 58
 31 58
 84 57
 84 57
 52 55
 52 55
 99 58
 98 58
 6 56
 5 56
 20 56
 21 56
 65 57
 65 57
 90 58
 90 58
 34 59
 34 59
 89 58
 88 58
 39 56
 40 56
 94 58
 94 58
 21 57
 21 57
 65 57
 65 57
 90 56
 90 56
 35 58
 34 58
 89 56
 89 56
 38 55
 37 55
 92 58
 92 58
 28 56
 28 56
 79 55
 79 55
 65 57
 65 57
 90 56
 90 56
 35 55
 35 55
 90 57
 90 57
 36 57
 36 57
 91 56
 91 56
 31 58
 32 58
 85 59
 85 59
 50 57
 50 57
 99 58
 99 58
 5 56
 5 56
 18 59
 18 59
 59 56
 59 56
 96 58
 96 58
 17 58
 17 58
 55 57
 55 57
 98 58
 98 58
 9 56
 8 56
 30 58
 30 58
 83 56
 83 56
 55 58
 55 58
 98 57
 98 57
 8 57
 8 57
 31 56
 30 56
 84 57
 84 57
 54 57
 54 57
 98 55
 99 55
 7 58
 7 58
 25 57
 26 57
 75 58
 75 58
 74 58
 74 58
 75 55
 75 55
 73 58
 73 58
 77 55
 77 55
 69 58
 70 58
 84 58
 84 58
 54 58
 54 58
 98 56
 98 56
 7 58
 7 58
 27 57
 26 57
 77 56
 77 56
 70 58
 70 58
 83 58
 83 58
 55 56
 55 56
 98 58
 98 58
 9 58
 9 58
 33 55
 33 55
 87 58
 87 58
 44 58
 44 58
 98 58
 97 58
 10 56
 10 56
 35 57
 35 57
 90 58
 90 58
 34 57
 34 57
 89 58
 89 58
 39 56
 39 56
 94 57
 94 57
 22 57
 22 57
 69 57
 69 57
 85 58
 85 58
 50 55
 50 55
 99 59
 99 59
 5 57
 5 57
 18 57
 18 57
 59 58
 59 58
 95 56
 96 56
 16 56
 16 56
 54 57
 54 57
 98 56
 98 56
 7 58
 7 58
 25 57
 25 57
 74 57
 75 57
 75 58
 75 58
 74 56
 74 56
 76 58
 76 58
 71 58
 71 58
 81 57
 81 57
 61 55
 61 55
 94 58
 94 58
 22 56
 22 56
 69 57
 69 57
 84 57
 84 57
 52 56
 52 56
 99 58
 99 58
 6 57
 6 57
 21 58
 21 58
 65 56
 65 56
 90 57
 89 57
 36 57
 36 57
 91 56
 91 56
 31 57
 31 57
 84 58
 84 58
 54 55
 54 55
 98 58
 98 58
 7 57
 7 57
 25 57
 25 57
 75 59
 74 59
 75 57
 75 57
 74 56
 74 56
 76 58
 76 58
 71 55
 71 55
 81 57
 81 57
 61 57
 61 57
 94 57
 94 57
 21 56
 21 56
 66 56
 66 56
 89 56
 89 56
 40 57
 40 57
 95 57
 95 57
 20 56
 20 56
 64 57
 64 57
 92 57
 91 57
 31 57
 31 57
 85 55
 85 55
 50 57
 51 57
 99 56
 99 56
 5 57
 5 57
 18 58
 18 58
 59 57
 58 57
 96 57
 96 57
 15 57
 15 57
 51 58
 51 58
 99 56
 99 56
 5 56
 5 56
 19 57
 18 57
 60 58
 60 58
 95 56
 95 56
 18 56
 19 56
 59 57
 60 57
 95 57
 95 57
 17 57
 17 57
 56 57
 56 57
 97 56
 97 56
 11 56
 11 56
 39 57
 39 57
 93 57
 94 57
 24 57
 23 57
 71 55
 71 55
 81 57
 82 57
 60 59
 60 59
 95 58
 95 58
 19 57
 19 57
 61 55
 60 55
 94 58
 94 58
 20 55
 20 55
 65 56
 65 56
 91 58
 91 58
 34 58
 34 58
 89 55
 89 55
 39 56
 40 56
 94 57
 94 57
 22 57
 22 57
 67 57
 67 57
 88 57
 87 57
 44 56
 43 56
 97 59
 97 59
 11 57
 11 57
 39 57
 39 57
 94 57
 94 57
 22 56
 22 56
 68 57
 68 57
 86 56
 86 56
 48 58
 48 58
 99 58
 99 58
 5 57
 5 57
 21 57
 21 57
 65 57
 65 57
 90 55
 90 55
 36 58
 36 58
 91 57
 91 57
 33 57
 33 57
 87 58
 87 58
 43 56
 44 56
 97 56
 97 56
 11 56
 11 56
 39 57
 39 57
 94 57
 94 57
 22 58
 21 58
 67 55
 67 55
 87 58
 88 58
 43 59
 43 59
 97 56
 97 56
 12 58
 11 58
 40 58
 40 58
 95 55
 95 55
 18 56
 18 56
 59 59
 59 59
 95 58
 95 58
 18 56
 17 56
 57 57
 57 57
 97 58
 97 58
 12 56
 12 56
 42 58
 42 58
 96 58
 96 58
 14 57
 14 57
 47 57
 47 57
 98 58
 98 58
 6 58
 6 58
 23 55
 23 55
 71 59
 71 59
 82 56
 82 56
 58 57
 58 57
 96 56
 96 56
 14 55
 14 55
 47 58
 47 58
 98 57
 98 57
 6 56
 6 56
 23 60
 22 60
 69 56
 69 56
 85 56
 85 56
 50 57
 50 57
 99 57
 99 57
 5 57
 5 57
 19 58
 19 58
 60 56
 60 56
 95 58
 95 58
 19 55
 20 55
 62 57
 62 57
 93 58
 93 58
 26 56
 26 56
 76 55
 76 55
 71 59
 72 59
 81 58
 81 58
 61 55
 61 55
 94 56
 94 56
 23 57
 23 57
 70 56
 70 56
 83 58
 83 58
 55 56
 55 56
 98 57
 97 57
 9 56
 9 56
 32 57
 32 57
 86 59
 87 59
 46 55
 46 55
 98 55
 98 55
 8 59
 8 59
 28 56
 28 56
 80 59
 80 59
 64 57
 64 57
 91 58
 91 58
 32 56
 32 56
 86 56
 86 56
 46 58
 47 58
 98 56
 98 56
 7 55
 7 55
 24 57
 24 57
 72 58
 73 58
 79 56
 79 56
 66 58
 66 58
 89 57
 89 57
 41 57
 40 57
 95 58
 95 58
 18 56
 18 56
 59 58
 59 58
 96 56
 96 56
 16 57
 16 57
 53 57
 53 57
 98 56
 98 56
 6 56
 6 56
 22 57
 22 57
 68 57
 68 57
 86 58
 86 58
 48 57
 48 57
 98 57
 98 57
 6 57
 6 57
 21 57
 21 57
 65 57
 65 57
 89 57
 89 57
 37 57
 37 57
 92 56
 92 56
 29 57
 29 57
 81 57
 82 57
 59 56
 59 56
 95 58
 95 58
 17 56
 18 56
 57 58
 57 58
 97 57
 97 57
 13 56
 13 56
 45 57
 45 57
 98 58
 98 58
 10 56
 9 56
 34 56
 34 56
 88 57
 88 57
 41 57
 41 57
 96 56
 96 56
 16 57
 16 57
 54 56
 54 56
 98 58
 98 58
 6 56
 7 56
 25 59
 25 59
 73 58
 74 58
 77 57
 77 57
 70 58
 69 58
 83 57
 83 57
 55 57
 55 57
 98 59
 98 59
 8 56
 8 56
 30 59
 30 59
 83 57
 83 57
 55 56
 54 56
 98 58
 98 58
 8 57
 8 57
 29 59
 29 59
 81 56
 81 56
 61 56
 61 56
 94 57
 94 57
 22 58
 22 58
 69 56
 69 56
 84 57
 85 57
 52 57
 52 57
 99 58
 98 58
 5 57
 6 57
 20 57
 20 57
 64 58
 64 58
 91 57
 91 57
 33 57
 33 57
 87 58
 87 58
 44 58
 45 58
 98 55
 98 55
 10 58
 9 58
 34 58
 34 58
 88 58
 88 58
 41 55
 41 55
 96 56
 96 56
 16 56
 17 56
 54 58
 54 58
 98 58
 98 58
 7 57
 7 57
 27 57
 27 57
 77 57
 77 57
 70 58
 70 58
 83 56
 83 56
 56 56
 55 56
 98 57
 98 57
 9 56
 9 56
 34 56
 34 56
 88 57
 88 57
 41 57
 42 57
 96 55
 96 55
 16 58
 16 58
 53 58
 53 58
 98 57
 98 57
 7 56
 6 56
 24 56
 24 56
 71 60
 71 60
 81 54
 81 54
 61 58
 62 58
 94 57
 94 57
 23 57
 23 57
 71 56
 71 56
 82 58
 81 58
 59 56
 59 56
 95 58
 96 58
 18 56
 17 56
 57 57
 57 57
 97 56
 97 56
 12 57
 12 57
 42 55
 42 55
 97 57
 96 57
 14 57
 14 57
 47 57
 47 57
 98 57
 98 57
 6 57
 6 57
 24 56
 24 56
 71 57
 71 57
 81 58
 81 58
 61 56
 61 56
 94 57
 94 57
 23 56
 23 56
 70 58
 70 58
 83 58
 83 58
 56 56
 56 56
 97 57
 98 57
 11 58
 10 58
 37 58
 37 58
 92 56
 92 56
 29 57
 29 57
 82 57
 82 57
 59 57
 59 57
 96 56
 96 56
 16 59
 16 59
 54 57
 54 57
 98 57
 98 57
 8 57
 7 57
 27 56
 27 56
 78 57
 77 57
 69 56
 68 56
 85 57
 85 57
 50 57
 50 57
 99 57
 99 57
 5 56
 5 56
 19 57
 18 57
 59 57
 59 57
 96 56
 96 56
 17 56
 17 56
 56 55
 56 55
 97 57
 97 57
 10 59
 10 59
 35 57
 35 57
 90 57
 90 57
 35 58
 35 58
 90 56
 90 56
 35 57
 35 57
 90 57
 90 57
 36 56
 36 56
 90 56
 91 56
 33 58
 34 58
 88 58
 88 58
 42 57
 42 57
 96 56
 96 56
 14 59
 14 59
 48 56
 48 56
 98 56
 99 56
 6 57
 6 57
 22 57
 22 57
 67 58
 67 58
 87 57
 88 57
 43 57
 43 57
 97 56
 97 56
 12 56
 12 56
 41 56
 41 56
 95 58
 95 58
 17 56
 17 56
 57 57
 57 57
 97 58
 97 58
 13 56
 13 56
 43 56
 43 56
 97 57
 97 57
 12 58
 12 58
 42 57
 42 57
 96 57
 96 57
 15 57
 15 57
 50 58
 50 58
 99 56
 99 56
 5 57
 5 57
 18 57
 18 57
 59 56
 59 56
 95 56
 95 56
 17 57
 17 57
 56 58
 56 58
 97 59
 97 59
 11 55
 11 55
 38 58
 38 58
 93 56
 93 56
 25 57
 25 57
 74 57
 74 57
 76 58
 76 58
 72 56
 72 56
 79 56
 79 56
 66 59
 65 59
 89 57
 89 57
 38 56
 38 56
 93 57
 94 57
 25 57
 24 57
 73 57
 73 57
 77 58
 77 58
 70 55
 69 55
 84 56
 84 56
