 2 4
 2 4
 6 15
 6 15
 22 50
 23 50
 69 99
 69 99
 85 5
 84 5
 52 18
 52 18
 98 55
 99 55
 5 73
 5 73
 21 58
 19 58
 62 52
 62 52
 92 56
 92 56
 29 59
 29 59
 80 57
 81 57
 62 58
 62 58
 94 56
 93 56
 25 56
 26 56
 75 58
 75 58
 73 58
 74 58
 76 58
 76 58
 71 56
 72 56
 80 57
 79 57
 64 58
 64 58
 92 56
 91 56
 30 56
 30 56
 82 57
 83 57
 56 57
 58 57
 97 56
 97 56
 12 59
 12 59
 42 56
 42 56
 96 56
 96 56
 17 57
 16 57
 54 56
 53 56
 98 58
 98 58
 7 57
 6 57
 26 56
 26 56
 75 58
 75 58
 75 56
 76 56
 73 57
 72 57
 79 57
 78 57
 68 58
 67 58
 87 56
 87 56
 46 57
 46 57
 98 56
 98 56
 8 57
 8 57
 28 55
 27 55
 77 57
 78 57
 68 56
 67 56
 85 58
 86 58
 47 55
 48 55
 99 58
 99 58
 5 57
 6 57
 20 57
 20 57
 63 57
 63 57
 92 56
 92 56
 31 57
 32 57
 86 56
 86 56
 49 58
 49 58
 99 58
 98 58
 5 57
 5 57
 18 58
 19 58
 59 54
 58 54
 95 58
 95 58
 18 57
 17 57
 57 58
 55 58
 97 55
 97 55
 11 57
 10 57
 35 57
 37 57
 91 56
 90 56
 32 58
 32 58
 86 56
 86 56
 46 58
 47 58
 98 57
 99 57
 6 57
 6 57
 23 56
 25 56
 72 57
 71 57
 81 55
 82 55
 60 59
 60 59
 95 57
 94 57
 19 56
 18 56
 60 58
 60 58
 95 57
 95 57
 19 56
 20 56
 63 56
 63 56
 93 59
 92 59
 28 57
 28 57
 80 56
 80 56
 64 58
 64 58
 92 57
 91 57
 33 57
 32 57
 86 59
 86 59
 46 55
 46 55
 99 59
 99 59
 7 56
 7 56
 23 58
 25 58
 72 56
 72 56
 80 56
 79 56
 66 58
 65 58
 89 58
 90 58
 38 57
 38 57
 93 59
 93 59
 27 57
 27 57
 78 55
 77 55
 70 61
 69 61
 83 55
 84 55
 55 58
 54 58
 98 57
 98 57
 8 54
 7 54
 29 59
 29 59
 80 56
 80 56
 63 59
 63 59
 92 57
 92 57
 28 57
 29 57
 79 56
 79 56
 66 58
 65 58
 89 57
 90 57
 37 58
 37 58
 92 57
 92 57
 29 56
 30 56
 81 57
 82 57
 59 58
 59 58
 96 56
 96 56
 17 56
 17 56
 54 58
 55 58
 98 56
 97 56
 9 57
 9 57
 30 55
 31 55
 84 58
 84 58
 53 57
 54 57
 98 58
 98 58
 6 56
 6 56
 24 57
 24 57
 73 58
 73 58
 79 56
 78 56
 66 56
 65 56
 90 57
 90 57
 38 56
 37 56
 93 57
 92 57
 28 57
 28 57
 79 57
 80 57
 65 56
 65 56
 90 57
 89 57
 38 58
 38 58
 92 56
 92 56
 27 56
 27 56
 79 55
 78 55
 66 59
 66 59
 89 57
 89 57
 39 57
 39 57
 94 56
 94 56
 22 58
 22 58
 66 56
 66 56
 88 57
 88 57
 42 56
 42 56
 96 56
 96 56
 15 58
 15 58
 50 58
 49 58
 99 58
 99 58
 5 58
 5 58
 19 57
 18 57
 60 57
 60 57
 95 58
 94 58
 20 56
 20 56
 63 58
 63 58
 92 57
 92 57
 27 57
 27 57
 79 57
 78 57
 66 58
 66 58
 88 57
 88 57
 40 57
 41 57
 96 57
 96 57
 17 58
 18 58
 57 55
 57 55
 97 57
 98 57
 12 58
 10 58
 39 55
 39 55
 94 59
 95 59
 23 56
 22 56
 67 56
 68 56
 85 58
 86 58
 49 57
 49 57
 99 56
 99 56
 5 56
 5 56
 19 57
 19 57
 61 58
 60 58
 95 57
 95 57
 20 57
 20 57
 63 55
 65 55
 92 58
 91 58
 33 58
 33 58
 87 58
 87 58
 45 56
 45 56
 98 58
 98 58
 10 58
 9 58
 32 56
 33 56
 86 57
 87 57
 47 55
 46 55
 98 60
 98 60
 7 56
 7 56
 26 56
 27 56
 76 57
 77 57
 71 58
 70 58
 83 57
 83 57
 58 57
 58 57
 95 57
 96 57
 16 58
 16 58
 53 56
 52 56
 99 57
 99 57
 5 56
 6 56
 22 56
 22 56
 65 56
 66 56
 90 58
 90 58
 35 57
 36 57
 91 56
 91 56
 33 58
 33 58
 86 58
 87 58
 46 56
 46 56
 99 58
 98 58
 6 58
 7 58
 26 57
 26 57
 74 56
 75 56
 75 57
 74 57
 75 57
 75 57
 74 57
 74 57
 74 58
 76 58
 73 58
 73 58
 78 57
 78 57
 68 55
 68 55
 85 56
 86 56
 50 56
 49 56
 99 59
 98 59
 4 56
 5 56
 19 55
 18 55
 60 59
 59 59
 95 56
 95 56
 18 56
 19 56
 59 58
 60 58
 95 57
 95 57
 18 58
 19 58
 61 56
 61 56
 94 57
 94 57
 22 58
 21 58
 66 56
 67 56
 88 55
 87 55
 40 58
 40 58
 96 57
 95 57
 17 56
 17 56
 57 56
 56 56
 96 58
 97 58
 12 57
 12 57
 43 57
 41 57
 96 56
 96 56
 16 58
 16 58
 52 58
 52 58
 98 57
 99 57
 5 57
 5 57
 21 58
 20 58
 64 57
 66 57
 90 56
 90 56
 36 57
 36 57
 91 58
 91 58
 33 56
 33 56
 87 57
 88 57
 43 59
 43 59
 96 58
 97 58
 13 58
 12 58
 44 56
 43 56
 97 56
 97 56
 10 56
 10 56
 37 57
 37 57
 93 56
 93 56
 26 57
 26 57
 76 56
 76 56
 72 58
 73 58
 78 56
 78 56
 69 57
 69 57
 85 59
 85 59
 51 56
 51 56
 99 57
 99 57
 5 57
 5 57
 19 57
 20 57
 61 56
 60 56
 94 56
 95 56
 20 58
 19 58
 63 57
 63 57
 93 57
 93 57
 26 57
 25 57
 75 57
 75 57
 73 57
 73 57
 78 57
 77 57
 71 56
 69 56
 84 57
 83 57
 54 57
 55 57
 98 58
 98 58
 8 55
 8 55
 28 59
 27 59
 79 59
 80 59
 65 55
 65 55
 89 58
 89 58
 39 55
 39 55
 94 58
 94 58
 23 56
 23 56
 70 58
 69 58
 84 56
 83 56
 54 57
 53 57
 98 58
 99 58
 7 58
 7 58
 25 57
 24 57
 75 56
 74 56
 76 58
 76 58
 72 56
 73 56
 79 57
 79 57
 66 57
 66 57
 88 56
 88 56
 42 56
 42 56
 96 58
 97 58
 14 56
 15 56
 49 58
 48 58
 98 56
 98 56
 5 56
 5 56
 20 56
 22 56
 65 58
 65 58
 89 57
 89 57
 39 57
 38 57
 94 56
 93 56
 24 57
 24 57
 71 56
 71 56
 81 57
 81 57
 59 57
 59 57
 95 55
 95 55
 18 57
 18 57
 58 57
 57 57
 97 58
 97 58
 13 57
 12 57
 43 57
 43 57
 97 56
 97 56
 11 57
 13 57
 41 57
 41 57
 96 58
 96 58
 17 57
 17 57
 55 57
 55 57
 97 56
 98 56
 10 57
 9 57
 33 56
 32 56
 87 57
 87 57
 45 58
 45 58
 98 58
 97 58
 7 58
 7 58
 28 55
 28 55
 81 57
 80 57
 61 58
 63 58
 92 58
 93 58
 26 56
 26 56
 77 58
 77 58
 71 57
 71 57
 81 58
 81 58
 60 57
 61 57
 94 57
 94 57
 21 58
 21 58
 66 56
 66 56
 89 58
 89 58
 39 57
 39 57
 93 57
 93 57
 25 59
 25 59
 74 56
 73 56
 76 58
 76 58
 72 56
 72 56
 80 57
 80 57
 65 59
 65 59
 90 55
 89 55
 36 56
 36 56
 91 58
 91 58
 31 57
 32 57
 85 58
 85 58
 50 57
 50 57
 99 56
 99 56
 6 58
 4 58
 19 59
 18 59
 60 55
 60 55
 95 56
 96 56
 17 58
 18 58
 57 57
 57 57
 97 56
 97 56
 13 56
 12 56
 43 57
 43 57
 97 57
 97 57
 12 58
 12 58
 40 58
 41 58
 95 58
 96 58
 17 57
 16 57
 55 57
 55 57
 99 58
 99 58
 7 57
 7 57
 26 57
 26 57
 76 56
 76 56
 72 58
 72 58
 80 57
 79 57
 65 57
 64 57
 90 57
 91 57
 34 56
 34 56
 89 57
 89 57
 39 58
 38 58
 94 57
 94 57
 22 57
 22 57
 67 57
 68 57
 86 55
 86 55
 45 58
 46 58
 98 57
 98 57
 8 56
 7 56
 28 57
 28 57
 79 58
 78 58
 68 57
 66 57
 87 56
 86 56
 46 55
 45 55
 98 58
 98 58
 8 57
 8 57
 29 57
 29 57
 81 57
 82 57
 59 56
 59 56
 96 57
 96 57
 17 58
 16 58
 55 56
 55 56
 98 57
 98 57
 9 57
 9 57
 32 57
 32 57
 87 57
 86 57
 46 56
 45 56
 98 59
 98 59
 7 56
 8 56
 26 57
 27 57
 75 58
 77 58
 71 57
 70 57
 81 57
 82 57
 60 56
 60 56
 95 57
 95 57
 20 55
 20 55
 64 57
 63 57
 92 58
 92 58
 30 57
 30 57
 83 59
 83 59
 57 56
 57 56
 97 57
 97 57
 12 57
 13 57
 43 56
 42 56
 96 57
 97 57
 14 56
 14 56
 46 57
 46 57
 99 57
 98 57
 6 58
 7 58
 25 56
 26 56
 74 57
 74 57
 75 57
 75 57
 75 58
 74 58
 75 55
 76 55
 74 56
 74 56
 77 57
 76 57
 71 57
 71 57
 82 58
 83 58
 57 57
 58 57
 97 56
 97 56
 13 57
 14 57
 46 56
 47 56
 98 56
 99 56
 7 57
 7 57
 25 57
 24 57
 74 58
 73 58
 78 58
 78 58
 68 56
 69 56
 86 58
 85 58
 49 58
 49 58
 98 56
 98 56
 6 56
 5 56
 20 56
 18 56
 61 58
 60 58
 93 58
 94 58
 24 58
 24 58
 71 58
 71 58
 81 56
 83 56
 59 57
 59 57
 96 59
 95 59
 16 55
 17 55
 53 57
 54 57
 98 56
 98 56
 7 58
 7 58
 24 56
 25 56
 74 57
 74 57
 76 56
 76 56
 72 56
 73 56
 78 59
 79 59
 67 58
 67 58
 88 58
 87 58
 42 56
 42 56
 96 57
 97 57
 14 55
 13 55
 48 59
 47 59
 98 55
 98 55
 5 57
 6 57
 21 56
 22 56
 66 57
 66 57
 89 57
 89 57
 40 57
 40 57
 94 56
 94 56
 19 58
 19 58
 63 57
 62 57
 93 58
 93 58
 26 57
 27 57
 77 55
 77 55
 71 57
 71 57
 83 58
 83 58
 57 57
 57 57
 97 57
 96 57
 13 58
 13 58
 43 56
 42 56
 96 56
 96 56
 13 57
 13 57
 45 57
 45 57
 98 55
 98 55
 9 58
 9 58
 31 57
 33 57
 85 56
 85 56
 48 57
 49 57
 99 57
 99 57
 5 58
 5 58
 18 57
 19 57
 60 55
 60 55
 94 58
 94 58
 21 56
 22 56
 65 56
 66 56
 89 57
 89 57
 38 58
 38 58
 93 59
 92 59
 26 58
 25 58
 77 56
 76 56
 71 58
 71 58
 80 57
 80 57
 62 57
 62 57
 93 56
 93 56
 24 58
 24 58
 74 56
 74 56
 77 55
 78 55
 69 58
 69 58
 84 56
 84 56
 52 55
 51 55
 99 57
 99 57
 6 56
 6 56
 22 55
 21 55
 66 57
 65 57
 90 57
 90 57
 36 56
 36 56
 91 58
 91 58
 33 59
 33 59
 87 57
 86 57
 46 58
 46 58
 98 56
 98 56
 7 59
 7 59
 27 56
 26 56
 78 58
 78 58
 68 58
 68 58
 86 57
 87 57
 46 58
 47 58
 98 56
 98 56
 7 58
 7 58
 26 56
 27 56
 76 58
 76 58
 71 57
 70 57
 82 57
 82 57
 57 56
 57 56
 96 57
 97 57
 13 57
 14 57
 45 55
 45 55
 97 58
 97 58
 8 57
 9 57
 32 58
 33 58
 87 58
 88 58
 44 55
 45 55
 97 58
 98 58
 10 55
 10 55
 34 58
 34 58
 89 58
 89 58
 38 58
 38 58
 93 56
 93 56
 25 58
 25 58
 75 57
 74 57
 74 56
 74 56
 75 58
 75 58
 73 58
 73 58
 77 56
 78 56
 70 58
 69 58
 84 58
 84 58
 52 55
 52 55
 99 58
 98 58
 7 58
 7 58
 23 58
 21 58
 68 56
 68 56
 86 57
 85 57
 48 58
 49 58
 98 57
 99 57
 5 58
 5 58
 19 56
 20 56
 60 57
 61 57
 94 57
 93 57
 23 57
 23 57
 70 58
 69 58
 83 55
 83 55
 56 59
 56 59
 97 57
 97 57
 10 57
 11 57
 38 58
 37 58
 94 56
 93 56
 25 56
 25 56
 73 57
 72 57
 79 56
 78 56
 68 58
 67 58
 87 57
 86 57
 45 57
 45 57
 97 58
 97 58
 8 56
 9 56
 29 58
 30 58
 81 58
 83 58
 58 57
 59 57
 96 55
 96 55
 14 58
 15 58
 50 56
 49 56
 99 57
 99 57
 6 57
 5 57
 19 56
 19 56
 60 58
 60 58
 94 57
 93 57
 23 58
 24 58
 72 56
 71 56
 82 57
 81 57
 59 57
 59 57
 95 56
 95 56
 17 57
 17 57
 57 58
 57 58
 97 55
 97 55
 12 58
 12 58
 40 57
 41 57
 95 57
 95 57
 16 59
 17 59
 53 57
 54 57
 98 56
 99 56
 7 58
 7 58
 26 55
 25 55
 76 57
 77 57
 73 57
 73 57
 79 57
 79 57
 66 56
 66 56
 89 56
 89 56
 38 56
 38 56
 94 57
 94 57
 24 57
 24 57
 71 56
 71 56
 80 57
 80 57
 64 57
 63 57
 93 57
 92 57
 29 55
 29 55
 82 57
 82 57
 60 56
 60 56
 95 57
 95 57
 20 58
 20 58
 62 57
 62 57
 93 57
 92 57
 27 57
 26 57
 76 58
 76 58
 73 56
 72 56
 79 56
 79 56
 66 57
 66 57
 89 58
 89 58
 38 56
 38 56
 92 56
 93 56
 27 57
 26 57
 76 57
 76 57
 72 57
 72 57
 79 57
 80 57
 67 56
 66 56
 89 56
 89 56
 40 57
 39 57
 94 57
 94 57
 20 57
 20 57
 64 55
 64 55
 91 57
 91 57
 33 59
 33 59
 87 58
 86 58
 47 57
 48 57
 98 55
 98 55
 6 58
 6 58
 22 55
 22 55
 68 56
 68 56
 85 58
 85 58
 48 58
 47 58
 98 55
 99 55
 5 56
 6 56
 20 57
 21 57
 66 57
 65 57
 90 57
 90 57
 36 57
 37 57
 92 56
 92 56
 31 59
 30 59
 83 57
 82 57
 57 57
 56 57
 97 57
 97 57
 11 56
 12 56
 40 57
 39 57
 95 56
 95 56
 20 58
 21 58
 63 58
 62 58
 93 57
 93 57
 28 57
 27 57
 79 57
 79 57
 66 55
 66 55
 89 58
 89 58
 40 57
 40 57
 95 57
 95 57
 20 58
 20 58
 63 56
 62 56
 93 56
 93 56
 28 56
 28 56
 79 57
 79 57
 66 57
 65 57
 89 58
 89 58
 40 55
 40 55
 94 58
 94 58
 21 59
 22 59
 67 56
 67 56
 88 58
 88 58
 41 58
 42 58
 95 55
 95 55
 16 56
 16 56
 53 59
 54 59
 99 58
 98 58
 7 56
 7 56
 26 57
 24 57
 75 58
 75 58
 75 56
 75 56
 73 58
 74 58
 77 58
 76 58
 71 57
 71 57
 81 57
 82 57
 60 58
 61 58
 94 58
 95 58
 20 55
 20 55
 61 59
 62 59
 94 56
 93 56
 24 57
 23 57
 71 56
 71 56
 81 55
 81 55
 61 58
 61 58
 94 57
 94 57
 22 56
 22 56
 69 60
 69 60
 85 56
 84 56
 52 56
 53 56
 99 57
 98 57
 6 57
 6 57
 21 57
 22 57
 66 58
 65 58
 88 56
 90 56
 40 58
 40 58
 95 55
 95 55
 20 57
 21 57
 66 58
 66 58
 91 56
 90 56
 35 55
 36 55
 91 59
 91 59
 34 58
 32 58
 88 55
 88 55
 42 56
 42 56
 96 57
 96 57
 15 56
 15 56
 50 58
 49 58
 99 56
 99 56
 4 57
 4 57
 19 56
 17 56
 58 57
 58 57
 95 59
 95 59
 17 55
 18 55
 57 55
 57 55
 97 59
 97 59
 10 56
 10 56
 40 59
 39 59
 94 57
 94 57
 22 58
 23 58
 69 56
 70 56
 84 56
 83 56
 54 58
 53 58
 98 56
 98 56
 6 55
 7 55
 24 57
 25 57
 73 58
 73 58
 78 56
 78 56
 68 58
 68 58
 86 57
 87 57
 47 57
 47 57
 99 58
 98 58
 6 56
 6 56
 23 58
 23 58
 69 56
 70 56
 84 57
 85 57
 52 57
 52 57
 99 56
 99 56
 5 56
 6 56
 21 57
 20 57
 63 57
 63 57
 91 58
 91 58
 32 57
 32 57
 86 57
 86 57
 49 57
 49 57
 98 57
 98 57
 5 57
 5 57
 19 57
 21 57
 63 57
 64 57
 91 56
 92 56
 31 57
 31 57
 84 57
 83 57
 53 56
 54 56
 98 58
 99 58
 6 56
 6 56
 24 58
 24 58
 73 57
 73 57
 80 56
 80 56
 65 57
 64 57
 91 58
 90 58
 35 56
 34 56
 90 56
 89 56
 36 57
 36 57
 92 57
 92 57
 31 56
 31 56
 84 57
 84 57
 51 56
 52 56
 99 58
 99 58
 5 56
 6 56
 20 59
 20 59
 63 58
 62 58
 93 57
 93 57
 26 58
 26 58
 75 57
 76 57
 73 57
 73 57
 78 59
 77 59
 68 56
 68 56
 86 59
 86 59
 46 57
 47 57
 98 56
 98 56
 6 58
 7 58
 23 57
 24 57
 72 59
 71 59
 80 56
 80 56
 62 56
 63 56
 92 57
 92 57
 27 58
 27 58
 78 56
 77 56
 69 57
 68 57
 85 57
 84 57
 51 58
 52 58
 98 57
 99 57
 6 57
 5 57
 19 58
 20 58
 62 57
 63 57
 92 57
 93 57
 29 58
 28 58
 80 58
 80 58
 62 55
 62 55
 92 58
 93 58
 27 58
 28 58
 79 58
 80 58
 64 55
 65 55
 90 56
 90 56
 36 56
 36 56
 91 58
 91 58
 34 58
 34 58
 88 57
 89 57
 42 57
 42 57
 96 57
 95 57
 17 58
 16 58
 54 56
 53 56
 98 56
 98 56
 7 57
 7 57
 28 56
 26 56
 77 56
 77 56
 70 57
 70 57
 84 57
 84 57
 54 55
 54 55
 98 58
 98 58
 8 58
 7 58
 29 57
 29 57
 81 56
 81 56
 63 56
 63 56
 93 60
 92 60
 27 54
 27 54
 77 58
 78 58
 69 57
 70 57
 84 57
 84 57
 52 56
 51 56
 99 58
 98 58
 5 56
 6 56
 20 58
 20 58
 62 56
 62 56
 93 57
 92 57
 29 56
 30 56
 80 57
 81 57
 61 55
 61 55
 93 57
 94 57
 24 57
 23 57
 71 57
 72 57
 81 57
 81 57
 61 57
 61 57
 94 56
 94 56
 25 57
 24 57
 73 58
 73 58
 77 56
 76 56
 70 57
 70 57
 83 56
 83 56
 56 58
 56 58
 97 58
 97 58
 11 56
 11 56
 37 57
 37 57
 93 58
 93 58
 25 58
 26 58
 76 56
 77 56
 71 57
 71 57
 81 57
 81 57
 61 57
 60 57
 95 56
 95 56
 19 59
 20 59
 63 57
 63 57
 93 57
 93 57
 26 57
 26 57
 78 56
 77 56
 69 57
 70 57
 83 56
 84 56
 54 57
 54 57
 99 57
 98 57
 7 57
 6 57
 26 56
 25 56
 75 57
 75 57
 74 57
 73 57
 77 56
 77 56
 72 56
 71 56
 81 55
 81 55
 61 57
 60 57
 94 59
 94 59
 23 57
 23 57
 68 57
 69 57
 85 58
 84 58
 50 56
 51 56
 99 57
 98 57
 4 57
 5 57
 19 56
 20 56
 60 56
 61 56
 95 58
 95 58
 21 58
 21 58
 66 57
 65 57
 89 56
 89 56
 39 59
 40 59
 94 56
 94 56
 20 56
 20 56
 64 57
 63 57
 91 57
 91 57
 32 58
 31 58
 86 57
 86 57
 46 57
 47 57
 98 56
 98 56
 7 56
 7 56
 25 56
 25 56
 75 58
 75 58
 75 56
 75 56
 73 57
 74 57
 77 58
 77 58
 70 56
 69 56
 84 56
 84 56
 53 57
 53 57
 98 58
 98 58
 6 57
 7 57
 24 57
 24 57
 72 57
 72 57
 80 58
 80 58
 62 56
 62 56
 93 57
 93 57
 26 57
 27 57
 76 56
 76 56
 73 56
 72 56
 77 57
 77 57
 69 58
 69 58
 86 59
 85 59
 49 55
 50 55
 99 58
 99 58
 5 56
 4 56
 19 57
 19 57
 62 57
 61 57
 94 58
 93 58
 24 56
 24 56
 70 56
 72 56
 81 59
 82 59
 60 57
 60 57
 95 56
 95 56
 19 57
 18 57
 61 57
 61 57
 94 57
 94 57
 23 58
 22 58
 70 55
 70 55
 83 56
 83 56
