 4 3
 4 3
 15 11
 15 11
 50 37
 50 37
 99 93
 99 91
 5 29
 5 28
 18 82
 18 78
 55 63
 55 61
 73 89
 73 94
 58 23
 58 30
 52 82
 52 82
 56 61
 56 48
 59 91
 59 89
 57 24
 57 16
 58 76
 58 85
 56 83
 56 67
 56 79
 56 78
 58 93
 58 92
 58 84
 58 58
 58 93
 58 88
 56 48
 56 50
 57 90
 57 91
 58 25
 58 25
 56 84
 56 86
 56 59
 56 61
 57 94
 57 85
 57 31
 57 57
 56 93
 56 95
 59 21
 59 22
 56 77
 56 93
 56 41
 56 33
 57 85
 57 78
 56 32
 56 61
 58 94
 58 90
 57 24
 57 49
 56 82
 56 85
 58 35
 58 59
 56 95
 56 95
 57 33
 57 28
 57 79
 57 91
 58 44
 58 31
 56 85
 56 68
 57 35
 57 50
 56 96
 56 95
 57 43
 57 36
 55 95
 55 77
 57 66
 57 25
 56 94
 56 87
 58 25
 58 28
 55 96
 55 97
 58 38
 58 28
 57 68
 57 76
 57 44
 57 66
 57 53
 57 88
 56 44
 56 45
 57 47
 57 55
 56 48
 56 51
 58 88
 58 87
 58 89
 58 89
 57 87
 57 45
 58 53
 58 50
 54 41
 54 71
 58 89
 58 53
 57 88
 57 45
 58 91
 58 54
 55 42
 55 87
 57 54
 57 90
 57 87
 57 43
 56 90
 56 92
 58 88
 58 43
 56 91
 56 89
 58 87
 58 86
 57 57
 57 91
 57 44
 57 40
 56 89
 56 57
 57 48
 57 43
 55 91
 55 90
 59 85
 59 86
 57 87
 57 88
 56 87
 56 88
 58 92
 58 92
 57 37
 57 38
 56 89
 56 88
 56 88
 56 87
 59 92
 59 93
 57 39
 57 38
 56 55
 56 57
 58 51
 58 88
 57 53
 57 92
 57 85
 57 38
 59 89
 59 88
 55 49
 55 50
 59 91
 59 92
 56 40
 56 39
 58 57
 58 88
 56 49
 56 87
 56 91
 56 93
 58 38
 58 86
 58 88
 58 88
 57 47
 57 47
 59 51
 59 53
 57 87
 57 38
 55 88
 55 87
 61 51
 61 87
 55 92
 55 92
 58 85
 58 38
 57 56
 57 87
 54 88
 54 53
 59 55
 59 53
 56 39
 56 37
 59 56
 59 57
 57 50
 57 87
 57 52
 57 51
 56 87
 56 38
 58 55
 58 56
 57 51
 57 52
 58 53
 58 51
 57 86
 57 39
 56 55
 56 54
 57 51
 57 89
 58 91
 58 53
 56 38
 56 39
 56 57
 56 87
 58 49
 58 48
 56 54
 56 92
 57 86
 57 37
 55 56
 55 57
 58 53
 58 48
 57 91
 57 91
 58 86
 58 37
 56 88
 56 88
 57 46
 57 88
 58 92
 58 91
 56 86
 56 86
 56 56
 56 87
 57 88
 57 52
 56 92
 56 92
 57 40
 57 87
 57 89
 57 86
 57 47
 57 87
 56 91
 56 91
 57 38
 57 85
 58 57
 58 86
 56 50
 56 89
 56 53
 56 92
 55 38
 55 87
 59 88
 59 56
 57 48
 57 88
 57 92
 57 53
 56 37
 56 86
 58 89
 58 86
 56 47
 56 53
 57 92
 57 52
 56 37
 56 39
 56 86
 56 86
 58 53
 58 48
 58 92
 58 92
 58 87
 58 86
 58 88
 58 55
 57 89
 57 89
 57 52
 57 91
 58 86
 58 86
 56 56
 56 56
 58 53
 58 88
 57 54
 57 92
 57 37
 57 38
 57 88
 57 87
 58 48
 58 88
 57 93
 57 92
 57 39
 57 87
 57 86
 57 88
 58 88
 58 54
 55 53
 55 92
 57 85
 57 86
 58 87
 58 88
 55 49
 55 50
 59 92
 59 93
 56 36
 56 39
 56 87
 56 87
 58 89
 58 88
 57 92
 57 91
 56 39
 56 86
 56 87
 56 88
 57 88
 57 49
 58 92
 58 91
 57 39
 57 85
 57 56
 57 57
 55 47
 55 49
 58 92
 58 92
 58 39
 58 38
 58 88
 58 54
 56 46
 56 52
 58 92
 58 93
 58 36
 58 38
 56 57
 56 56
 57 87
 57 89
 55 92
 55 92
 60 87
 60 38
 56 56
 56 87
 56 52
 56 87
 57 92
 57 92
 58 87
 58 87
 57 86
 57 89
 57 52
 57 88
 57 92
 57 52
 58 85
 58 86
 56 88
 56 54
 57 50
 57 49
 56 54
 56 53
 56 35
 56 85
 56 57
 56 88
 58 46
 58 87
 57 91
 57 92
 56 86
 56 36
 58 55
 58 88
 58 88
 58 87
 56 92
 56 91
 58 36
 58 37
 58 55
 58 86
 57 87
 57 88
 56 92
 56 54
 57 87
 57 86
 57 88
 57 89
 57 87
 57 87
 58 92
 58 92
 58 38
 58 87
 57 89
 57 55
 55 88
 55 49
 56 92
 56 92
 56 87
 56 86
 59 86
 59 56
 56 50
 56 88
 55 53
 55 91
 59 39
 59 86
 56 57
 56 58
 56 87
 56 48
 58 92
 58 51
 57 86
 57 39
 58 89
 58 58
 56 88
 56 55
 57 92
 57 92
 58 86
 58 39
 56 89
 56 55
 55 51
 55 88
 58 54
 58 91
 57 87
 57 37
 56 88
 56 87
 56 50
 56 88
 58 92
 58 91
 57 40
 57 36
 57 89
 57 57
 56 51
 56 49
 58 52
 58 53
 58 38
 58 86
 57 55
 57 87
 57 88
 57 50
 58 91
 58 93
 57 86
 57 86
 56 89
 56 89
 57 48
 57 87
 58 92
 58 92
 56 38
 56 37
 57 56
 57 56
 59 51
 59 48
 58 91
 58 93
 58 40
 58 38
 56 56
 56 88
 56 53
 56 53
 56 52
 56 54
 57 37
 57 37
 56 88
 56 54
 57 50
 57 87
 56 50
 56 91
 58 86
 58 38
 56 57
 56 88
 57 89
 57 52
 59 54
 59 92
 56 86
 56 86
 57 89
 57 86
 57 51
 57 48
 57 91
 57 91
 56 86
 56 85
 56 87
 56 56
 58 88
 58 88
 57 92
 57 54
 57 38
 57 38
 57 56
 57 88
 57 48
 57 48
 57 52
 57 91
 57 86
 57 36
 56 88
 56 89
 57 48
 57 53
 57 51
 57 93
 58 38
 58 38
 55 88
 55 88
 59 89
 59 88
 59 92
 59 92
 55 38
 55 39
 58 89
 58 86
 55 49
 55 48
 58 91
 58 92
 56 37
 56 37
 58 54
 58 56
 56 88
 56 52
 57 55
 57 93
 58 39
 58 37
 58 55
 58 57
 57 53
 57 89
 56 51
 56 53
 58 36
 58 39
 56 88
 56 86
 57 51
 57 50
 57 92
 57 93
 56 37
 56 36
 56 56
 56 57
 58 52
 58 47
 56 52
 56 92
 58 86
 58 37
 56 56
 56 55
 56 88
 56 51
 56 52
 56 53
 58 38
 58 36
 57 56
 57 87
 57 50
 57 52
 56 52
 56 53
 57 85
 57 86
 56 88
 56 54
 57 89
 57 48
 57 92
 57 92
 55 39
 55 40
 57 56
 57 89
 57 87
 57 51
 58 53
 58 92
 57 38
 57 38
 57 86
 57 88
 56 49
 56 52
 57 54
 57 92
 57 37
 57 39
 58 56
 58 86
 57 87
 57 49
 57 51
 57 53
 56 37
 56 37
 57 88
 57 87
 56 54
 56 88
 57 92
 57 92
 58 39
 58 87
 58 56
 58 55
 58 52
 58 88
 55 92
 55 92
 57 36
 57 86
 58 87
 58 86
 58 87
 58 88
 56 91
 56 92
 58 86
 58 37
 57 87
 57 54
 58 88
 58 54
 57 91
 57 92
 57 40
 57 37
 58 87
 58 57
 56 52
 56 88
 58 91
 58 92
 57 86
 57 86
 57 55
 57 88
 59 49
 59 54
 56 92
 56 92
 58 87
 58 39
 56 87
 56 55
 57 54
 57 88
 59 91
 59 53
 55 38
 55 86
 56 88
 56 88
 58 89
 58 47
 57 51
 57 53
 58 38
 58 87
 57 54
 57 55
 56 88
 56 52
 58 92
 58 53
 59 38
 59 86
 55 87
 55 88
 56 88
 56 48
 58 52
 58 91
 57 38
 57 40
 56 87
 56 86
 56 87
 56 52
 57 53
 57 50
 57 86
 57 36
 58 86
 58 86
 58 47
 58 47
 58 92
 58 92
 57 86
 57 38
 57 57
 57 55
 58 49
 58 89
 57 52
 57 92
 57 87
 57 86
 56 56
 56 88
 58 48
 58 51
 57 92
 57 93
 57 38
 57 37
 57 55
 57 87
 56 48
 56 88
 57 91
 57 92
 58 85
 58 86
 57 88
 57 87
 57 52
 57 51
 57 92
 57 53
 55 36
 55 40
 58 87
 58 88
 57 88
 57 46
 56 92
 56 54
 57 40
 57 37
 58 54
 58 87
 57 88
 57 48
 56 92
 56 92
 55 86
 55 86
 58 88
 58 56
 57 88
 57 50
 57 93
 57 93
 57 38
 57 36
 56 54
 56 55
 57 48
 57 87
 58 92
 58 93
 56 39
 56 35
 57 57
 57 55
 57 48
 57 89
 57 92
 57 55
 57 85
 57 86
 56 54
 56 86
 59 48
 59 87
 56 93
 56 93
 57 38
 57 39
 58 88
 58 88
 57 87
 57 88
 57 92
 57 91
 56 37
 56 86
 57 88
 57 56
 55 49
 55 50
 57 93
 57 51
 58 36
 58 86
 57 57
 57 88
 59 47
 59 87
 56 91
 56 51
 57 39
 57 38
 57 88
 57 88
 56 49
 56 51
 57 92
 57 53
 56 38
 56 86
 57 56
 57 87
 57 53
 57 49
 58 52
 58 92
 56 37
 56 36
 57 87
 57 88
 57 54
 57 50
 58 92
 58 92
 55 38
 55 37
 56 55
 56 56
 57 52
 57 88
 57 92
 57 51
 58 36
 58 39
 57 87
 57 56
 56 89
 56 88
 57 91
 57 92
 56 86
 56 85
 56 87
 56 87
 57 87
 57 51
 57 92
 57 92
 58 87
 58 87
 58 88
 58 88
 56 53
 56 50
 58 53
 58 53
 58 86
 58 39
 56 86
 56 55
 56 53
 56 48
 56 52
 56 50
 58 40
 58 86
 58 87
 58 86
 58 51
 58 49
 58 91
 58 92
 56 87
 56 38
 57 58
 57 86
 59 51
 59 49
 55 52
 55 92
 57 86
 57 86
 56 58
 56 54
 58 49
 58 88
 56 91
 56 92
 57 37
 57 37
 56 54
 56 87
 56 87
 56 88
 59 91
 59 92
 58 87
 58 36
 58 88
 58 88
 56 53
 56 50
 57 91
 57 92
 55 38
 55 38
 59 56
 59 88
 55 47
 55 49
 57 54
 57 92
 56 37
 56 39
 57 88
 57 87
 57 50
 57 51
 57 91
 57 92
 56 86
 56 37
 58 89
 58 56
 57 50
 57 48
 58 92
 58 92
 57 38
 57 39
 55 87
 55 57
 57 88
 57 51
 58 92
 58 92
 57 40
 57 39
 57 88
 57 88
 58 88
 58 87
 56 93
 56 92
 56 39
 56 86
 57 88
 57 56
 57 52
 57 88
 55 92
 55 91
 58 86
 58 36
 57 57
 57 88
 56 87
 56 87
 57 53
 57 52
 57 86
 57 38
 58 56
 58 57
 57 88
 57 88
 55 92
 55 92
 58 38
 58 36
 56 55
 56 86
 56 52
 56 49
 57 55
 57 91
 58 86
 58 86
 59 57
 59 55
 58 51
 58 88
 56 91
 56 91
 58 39
 58 39
 57 88
 57 87
 57 50
 57 47
 56 53
 56 53
 58 37
 58 86
 56 88
 56 57
 55 51
 55 88
 58 92
 58 52
 56 86
 56 39
 55 87
 55 54
 57 48
 57 50
 56 53
 56 92
 55 87
 55 37
 57 86
 57 56
 57 52
 57 88
 56 91
 56 92
 58 87
 58 38
 59 87
 59 89
 57 48
 57 88
 58 92
 58 91
 56 86
 56 86
 59 54
 59 88
 56 47
 56 87
 58 53
 58 92
 58 38
 58 39
 57 55
 57 57
 58 53
 58 51
 56 92
 56 52
 58 39
 58 38
 56 87
 56 54
 58 50
 58 51
 57 52
 57 52
 57 39
 57 86
 56 57
 56 89
 57 52
 57 51
 57 92
 57 92
 55 38
 55 86
 58 85
 58 55
 57 51
 57 50
 58 53
 58 52
 58 87
 58 40
 55 55
 55 88
 58 50
 58 49
 55 93
 55 91
 58 86
 58 37
 58 56
 58 55
 58 50
 58 87
 56 52
 56 54
 58 36
 58 38
 57 88
 57 55
 56 46
 56 49
 58 91
 58 91
 58 38
 58 85
 56 87
 56 55
 58 50
 58 48
 58 92
 58 92
 55 37
 55 39
 58 54
 58 56
 58 53
 58 49
 58 91
 58 92
 56 86
 56 38
 57 56
 57 55
 58 54
 58 51
 57 92
 57 92
 58 86
 58 85
 56 87
 56 86
 57 51
 57 89
 57 92
 57 91
 57 86
 57 85
 58 88
 58 88
 55 48
 55 54
 59 91
 59 53
 57 40
 57 38
 57 88
 57 57
 58 49
 58 51
 56 92
 56 91
 56 85
 56 38
 57 89
 57 88
 56 52
 56 52
 58 54
 58 51
 57 38
 57 87
 57 57
 57 87
 58 88
 58 88
 56 92
 56 92
 58 86
 58 85
 58 88
 58 56
 57 45
 57 52
 55 91
 55 53
 58 86
 58 39
 56 86
 56 56
 57 50
 57 52
 57 52
 57 91
 56 38
 56 86
 58 54
 58 88
 57 88
 57 46
 58 52
 58 92
 56 37
 56 36
 57 86
 57 88
 57 49
 57 88
 56 54
 56 51
 57 38
 57 85
 58 55
 58 86
 55 51
 55 50
 58 92
 58 91
 57 86
 57 37
 57 56
 57 88
 59 50
 59 51
 57 53
 57 92
 56 37
 56 37
 58 87
 58 87
 55 49
 55 52
 57 92
 57 91
 57 87
 57 86
 57 55
 57 88
 56 49
 56 48
 56 92
 56 92
 56 86
 56 37
 57 88
 57 87
 57 87
 57 87
 56 92
 56 54
 57 39
 57 40
 57 88
 57 55
 57 88
 57 88
 55 51
 55 93
 57 36
 57 37
 56 88
 56 86
 57 88
 57 48
 58 52
 58 93
 57 38
 57 87
 57 88
 57 54
 57 89
 57 48
 58 53
 58 53
 56 38
 56 39
 56 56
 56 86
 57 46
 57 47
 58 92
 58 52
 56 39
 56 38
 56 56
 56 55
 57 52
 57 47
 57 92
 57 56
 57 86
 57 39
 57 56
 57 88
 56 50
 56 49
 56 51
 56 91
 57 85
 57 86
 57 55
 57 86
 57 53
 57 52
 55 53
 55 93
 57 36
 57 87
 59 58
 59 86
 58 88
 58 48
 57 51
 57 91
 55 38
 55 86
 58 56
 58 88
 55 88
 55 88
 56 52
 56 92
 58 37
 58 37
 58 56
 58 56
 55 52
 55 51
 56 91
 56 53
 57 36
 57 87
 57 87
 57 86
 57 54
 57 87
 57 92
 57 92
 56 86
 56 39
 59 55
 59 56
 57 48
 57 50
 57 92
 57 92
 57 39
 57 86
 56 58
 56 56
 57 89
 57 53
 56 92
 56 53
 58 36
 58 86
 58 87
 58 57
 57 52
 57 88
 57 92
 57 92
 57 36
 57 85
 55 87
 55 87
 58 52
 58 87
 57 92
 57 53
 57 39
 57 37
 58 56
 58 87
 56 46
 56 51
 56 51
 56 91
 56 87
 56 39
 57 88
 57 55
 57 88
 57 51
 58 92
 58 92
 55 40
 55 37
 58 89
 58 89
 59 51
 59 52
 56 91
 56 92
 58 38
 58 85
 58 56
 58 87
 55 87
 55 48
 56 91
 56 92
 59 38
 59 36
 58 86
 58 87
 56 51
 56 51
 57 51
 57 54
 58 87
 58 85
 56 56
 56 56
 58 88
 58 89
 58 92
 58 91
 57 86
 57 86
 57 88
 57 88
 58 48
 58 88
 58 91
 58 91
 55 40
 55 40
 59 56
 59 88
 56 48
 56 49
 57 92
 57 50
 56 39
 56 86
 55 55
 55 86
 58 49
 58 49
 57 92
 57 92
 56 39
 56 87
 60 88
 60 88
 56 52
 56 53
 56 54
 56 92
 57 39
 57 40
 57 54
 57 87
 57 88
 57 53
 58 51
 58 54
 56 86
 56 39
 58 87
 58 55
 55 55
 55 51
 57 92
 57 92
 58 87
 58 39
 56 88
 56 54
 55 51
 55 89
 59 92
 59 92
 58 37
 58 36
 55 87
 55 88
 56 52
 56 50
 57 52
 57 53
 56 86
 56 36
 58 87
 58 86
 56 87
 56 47
 57 52
 57 93
 56 37
 56 85
 57 88
 57 87
 59 88
 59 48
 55 52
 55 92
 55 40
 55 86
 59 87
 59 87
 56 88
 56 50
 59 53
 59 91
 57 86
 57 86
 58 88
 58 88
 56 89
 56 52
 56 53
 56 92
 58 38
 58 39
 56 87
 56 57
 55 89
 55 50
 57 53
 57 91
 58 86
 58 86
 56 55
 56 86
 58 52
 58 88
 57 51
 57 52
 57 36
 57 37
 58 55
 58 54
 56 89
 56 88
 58 54
 58 54
 56 39
 56 86
 57 88
 57 54
 57 49
 57 87
 56 91
 56 92
 56 37
 56 38
 57 87
 57 56
 57 52
 57 52
 58 91
 58 92
 57 36
 57 38
 57 86
 57 87
 57 47
 57 88
 57 54
 57 91
 57 36
 57 39
 57 57
 57 87
 57 87
 57 89
 56 92
 56 91
 57 36
 57 40
 57 58
 57 88
 56 53
 56 88
 58 54
 58 92
 56 86
 56 39
 58 86
 58 88
 57 88
 57 51
 56 92
 56 92
 57 37
 57 36
 58 88
 58 87
 56 49
 56 87
 56 92
 56 52
 57 86
 57 38
 57 55
 57 87
 56 88
 56 48
 57 54
 57 92
 56 39
 56 36
 58 86
 58 87
 56 50
 56 88
 59 92
 59 92
 58 86
 58 85
 57 57
 57 86
 58 87
 58 48
 57 92
 57 54
 57 37
 57 40
 59 57
 59 89
 56 89
 56 51
 59 51
 59 92
 57 85
 57 37
 56 55
 56 56
 58 51
 58 87
 57 53
 57 92
 59 86
 59 87
 56 57
 56 85
 56 48
 56 48
 57 92
 57 91
 58 39
 58 37
 56 54
 56 54
 57 52
 57 49
 57 91
 57 54
 58 86
 58 86
 57 87
 57 58
 57 51
 57 51
 58 54
 58 54
 57 86
 57 36
 57 57
 57 86
 58 53
 58 47
 58 91
 58 91
 55 39
 55 37
 58 56
 58 57
 58 89
 58 49
 58 53
 58 92
 55 86
 55 86
 56 54
 56 87
 56 86
 56 48
 58 51
 58 92
 58 37
 58 38
 57 57
 57 89
 57 50
 57 53
 57 52
 57 53
 58 87
 58 37
 56 87
 56 87
 56 52
 56 49
 57 92
 57 53
 56 37
 56 39
 56 87
 56 87
 57 51
 57 87
 57 92
 57 92
 55 86
 55 86
 58 87
 58 89
 58 88
 58 89
 57 91
 57 91
 56 37
 56 36
 56 86
 56 88
 60 50
 60 88
 54 52
 54 54
 58 86
 58 87
 57 56
 57 54
 57 88
 57 48
 56 50
 56 52
 58 38
 58 87
 56 86
 56 88
 58 52
 58 88
 56 51
 56 50
 57 38
 57 38
 56 89
 56 55
 57 89
 57 51
 55 92
 55 91
 57 40
 57 86
 57 86
 57 54
 57 89
 57 49
 57 91
 57 52
 57 86
 57 86
 56 56
 56 53
 57 49
 57 49
 58 52
 58 92
 56 36
 56 37
 57 87
 57 88
 56 50
 56 88
 58 54
 58 53
 58 87
 58 38
 56 88
 56 57
 57 51
 57 87
 58 92
 58 51
 58 36
 58 37
 56 87
 56 87
 57 89
 57 88
 57 53
 57 92
 57 40
 57 86
 56 87
 56 55
 59 50
 59 88
 57 92
 57 92
 57 37
 57 39
 57 89
 57 88
 56 88
 56 49
 57 92
 57 53
 56 38
 56 86
 57 56
 57 87
 57 49
 57 52
 57 52
 57 51
 56 86
 56 85
 57 88
 57 55
 57 53
 57 49
 56 92
 56 93
 56 36
 56 39
 55 54
 55 55
 57 88
 57 88
 59 91
 59 54
 57 38
 57 37
 57 54
 57 87
 58 47
 58 52
 56 93
 56 93
 57 86
 57 86
 57 86
 57 57
 56 51
 56 88
 56 92
 56 92
 58 36
 58 86
 58 55
 58 58
 57 52
 57 88
 56 93
 56 55
 59 38
 59 37
 56 87
 56 86
 56 89
 56 88
 57 92
 57 51
 57 37
 57 36
 58 88
 58 57
 57 50
 57 51
 57 51
 57 92
 56 38
 56 38
 56 54
 56 89
 56 87
 56 52
 58 91
 58 92
 56 36
 56 86
 57 54
 57 57
 58 52
 58 88
 56 52
 56 91
 56 40
 56 86
 57 85
 57 57
 58 47
 58 88
 57 92
 57 93
 57 37
 57 36
 57 87
 57 57
 58 87
 58 88
 56 92
 56 51
 57 39
 57 39
 57 88
 57 88
 56 51
 56 49
 56 92
 56 52
 57 40
 57 37
 58 86
 58 87
 59 50
 59 49
 55 92
 55 93
 58 37
 58 86
 56 55
 56 88
 57 48
 57 50
 57 92
 57 91
 58 86
 58 36
 56 89
 56 88
 56 49
 56 51
 59 93
 59 91
 57 85
 57 40
 56 87
 56 89
 57 88
 57 51
 57 54
 57 92
 57 36
 57 87
 58 56
 58 56
 55 87
 55 52
 56 92
 56 91
