 4 3
 4 3
 15 10
 15 10
 50 37
 50 37
 99 93
 99 93
 5 29
 5 28
 18 81
 18 82
 55 62
 55 66
 73 91
 73 90
 58 28
 58 37
 52 84
 52 91
 56 47
 56 61
 59 96
 59 97
 57 15
 57 17
 58 71
 58 66
 56 93
 56 95
 56 34
 56 23
 58 76
 58 77
 58 69
 58 72
 58 95
 58 92
 56 39
 56 41
 57 79
 57 89
 58 66
 58 46
 56 94
 56 81
 56 30
 56 26
 57 94
 57 96
 57 23
 57 45
 56 93
 56 87
 59 62
 59 51
 56 88
 56 91
 56 40
 56 33
 57 96
 57 94
 56 36
 56 25
 58 73
 58 86
 57 44
 57 43
 56 91
 56 86
 58 39
 58 30
 56 86
 56 88
 57 26
 57 39
 57 79
 57 83
 58 25
 58 42
 56 89
 56 94
 57 57
 57 23
 56 83
 56 72
 57 33
 57 53
 55 95
 55 89
 57 20
 57 45
 56 92
 56 95
 58 32
 58 38
 55 80
 55 95
 58 34
 58 55
 57 95
 57 87
 57 41
 57 23
 57 94
 57 70
 56 32
 56 40
 57 89
 57 86
 56 40
 56 31
 58 79
 58 94
 58 25
 58 36
 57 92
 57 86
 58 48
 58 57
 54 97
 54 96
 58 17
 58 41
 57 92
 57 84
 58 81
 58 81
 55 93
 55 94
 57 32
 57 43
 57 85
 57 88
 56 25
 56 27
 58 93
 58 93
 56 50
 56 27
 58 89
 58 78
 57 52
 57 37
 57 92
 57 91
 56 54
 56 57
 57 92
 57 87
 55 39
 55 31
 59 95
 59 92
 57 53
 57 48
 56 77
 56 80
 58 46
 58 63
 57 96
 57 83
 56 48
 56 43
 56 93
 56 74
 59 35
 59 59
 57 95
 57 75
 56 29
 56 62
 58 92
 58 96
 57 38
 57 43
 57 80
 57 81
 59 74
 59 37
 55 94
 55 74
 59 38
 59 38
 56 95
 56 94
 58 26
 58 41
 56 93
 56 97
 56 48
 56 55
 58 92
 58 65
 58 78
 58 42
 57 58
 57 56
 59 69
 59 42
 57 75
 57 67
 55 39
 55 34
 61 88
 61 64
 55 52
 55 35
 58 90
 58 68
 57 67
 57 29
 54 88
 54 94
 59 26
 59 55
 56 94
 56 94
 59 27
 59 18
 57 81
 57 88
 57 55
 57 75
 56 96
 56 90
 58 43
 58 39
 57 91
 57 97
 58 24
 58 34
 57 69
 57 76
 56 38
 56 64
 57 92
 57 70
 58 30
 58 44
 56 89
 56 91
 56 44
 56 54
 58 83
 58 87
 56 59
 56 29
 57 95
 57 81
 55 66
 55 45
 58 90
 58 77
 57 54
 57 38
 58 94
 58 84
 56 27
 56 32
 57 94
 57 95
 58 23
 58 22
 56 96
 56 94
 56 50
 56 56
 57 92
 57 78
 56 36
 56 54
 57 88
 57 86
 57 20
 57 27
 57 70
 57 69
 56 30
 56 33
 57 88
 57 84
 58 54
 58 25
 56 70
 56 90
 56 34
 56 37
 55 85
 55 91
 59 33
 59 47
 57 77
 57 80
 57 26
 57 37
 56 67
 56 77
 58 42
 58 77
 56 93
 56 71
 57 66
 57 66
 56 86
 56 87
 56 63
 56 34
 58 85
 58 89
 58 45
 58 50
 58 83
 58 93
 58 55
 58 50
 57 95
 57 95
 57 41
 57 24
 58 76
 58 96
 56 30
 56 26
 58 77
 58 92
 57 38
 57 39
 57 91
 57 86
 57 20
 57 42
 58 75
 58 65
 57 78
 57 60
 57 78
 57 87
 57 28
 57 39
 58 91
 58 87
 55 39
 55 33
 57 84
 57 96
 58 35
 58 17
 55 62
 55 75
 59 38
 59 80
 56 91
 56 68
 56 39
 56 38
 58 88
 58 63
 57 32
 57 65
 56 88
 56 88
 56 33
 56 43
 57 94
 57 83
 58 35
 58 54
 57 74
 57 94
 57 70
 57 59
 55 87
 55 87
 58 22
 58 43
 58 78
 58 78
 58 35
 58 34
 56 70
 56 92
 58 72
 58 38
 58 86
 58 86
 56 36
 56 29
 57 94
 57 96
 55 50
 55 41
 60 87
 60 92
 56 75
 56 33
 56 83
 56 88
 57 23
 57 39
 58 92
 58 94
 57 27
 57 57
 57 96
 57 82
 57 31
 57 27
 58 95
 58 96
 56 22
 56 27
 57 94
 57 75
 56 39
 56 40
 56 84
 56 88
 56 43
 56 46
 58 80
 58 96
 57 51
 57 19
 56 92
 56 93
 58 82
 58 38
 58 90
 58 87
 56 74
 56 36
 58 94
 58 91
 58 30
 58 60
 57 82
 57 94
 56 40
 56 27
 57 95
 57 78
 57 22
 57 63
 57 76
 57 72
 58 66
 58 30
 58 95
 58 83
 57 37
 57 37
 55 93
 55 76
 56 50
 56 52
 56 91
 56 94
 59 21
 59 22
 56 87
 56 90
 55 38
 55 35
 59 85
 59 79
 56 51
 56 50
 56 93
 56 96
 58 50
 58 25
 57 63
 57 65
 58 82
 58 84
 56 54
 56 58
 57 81
 57 48
 58 47
 58 55
 56 85
 56 45
 55 45
 55 45
 58 90
 58 50
 57 89
 57 88
 56 51
 56 90
 56 45
 56 88
 58 50
 58 51
 57 45
 57 46
 57 75
 57 89
 56 46
 56 46
 58 48
 58 91
 58 89
 58 88
 57 48
 57 90
 57 44
 57 43
 58 90
 58 90
 57 44
 57 88
 56 91
 56 89
 57 44
 57 47
 58 51
 58 91
 56 46
 56 48
 57 89
 57 50
 59 88
 59 43
 58 51
 58 50
 58 45
 58 89
 56 89
 56 89
 56 88
 56 42
 56 90
 56 51
 57 89
 57 43
 56 50
 56 89
 57 88
 57 46
 56 51
 56 90
 58 88
 58 46
 56 50
 56 50
 57 47
 57 89
 59 49
 59 49
 56 44
 56 43
 57 89
 57 89
 57 46
 57 43
 57 50
 57 91
 56 88
 56 44
 56 90
 56 51
 58 45
 58 89
 57 51
 57 90
 57 45
 57 88
 57 89
 57 50
 57 42
 57 88
 57 51
 57 91
 57 89
 57 89
 56 90
 56 90
 57 88
 57 44
 57 90
 57 90
 58 47
 58 44
 55 49
 55 50
 59 46
 59 89
 59 90
 59 89
 55 89
 55 88
 58 50
 58 89
 55 88
 55 89
 58 51
 58 49
 56 44
 56 45
 58 50
 58 90
 56 45
 56 88
 57 89
 57 51
 58 88
 58 44
 58 50
 58 89
 57 46
 57 46
 56 91
 56 90
 58 89
 58 46
 56 90
 56 89
 57 43
 57 43
 57 52
 57 90
 56 42
 56 44
 56 89
 56 90
 58 88
 58 88
 56 51
 56 51
 58 42
 58 89
 56 90
 56 91
 56 43
 56 88
 56 89
 56 51
 58 44
 58 43
 57 51
 57 49
 57 44
 57 47
 56 90
 56 50
 57 89
 57 44
 56 89
 56 49
 57 43
 57 44
 57 49
 57 48
 55 45
 55 89
 57 89
 57 90
 57 45
 57 88
 58 49
 58 50
 57 89
 57 45
 57 90
 57 89
 56 88
 56 89
 57 88
 57 90
 57 43
 57 88
 58 89
 58 90
 57 44
 57 88
 57 90
 57 50
 56 88
 56 88
 57 49
 57 51
 56 43
 56 89
 57 51
 57 90
 58 44
 58 43
 58 89
 58 89
 58 45
 58 44
 55 89
 55 90
 57 45
 57 44
 58 90
 58 89
 58 88
 58 89
 56 51
 56 90
 58 88
 58 89
 57 89
 57 90
 58 89
 58 46
 57 90
 57 89
 57 89
 57 89
 58 48
 58 90
 56 44
 56 46
 58 51
 58 89
 57 88
 57 46
 57 89
 57 90
 59 45
 59 45
 56 89
 56 90
 58 44
 58 44
 56 90
 56 52
 57 47
 57 89
 59 50
 59 49
 55 88
 55 88
 56 90
 56 48
 58 89
 58 44
 57 49
 57 50
 58 88
 58 46
 57 51
 57 90
 56 47
 56 89
 58 90
 58 89
 59 89
 59 88
 55 90
 55 50
 56 46
 56 48
 58 48
 58 51
 57 89
 57 44
 56 89
 56 88
 56 44
 56 89
 57 89
 57 51
 57 45
 57 47
 58 91
 58 90
 58 44
 58 89
 58 91
 58 88
 57 43
 57 47
 57 51
 57 91
 58 44
 58 45
 57 49
 57 48
 57 89
 57 45
 56 49
 56 90
 58 88
 58 44
 57 51
 57 91
 57 46
 57 46
 57 89
 57 48
 56 48
 56 44
 57 50
 57 48
 58 88
 58 89
 57 49
 57 90
 57 46
 57 49
 57 48
 57 90
 55 89
 55 44
 58 51
 58 51
 57 48
 57 88
 56 89
 56 89
 57 45
 57 47
 58 90
 58 49
 57 88
 57 47
 56 49
 56 90
 55 44
 55 46
 58 89
 58 91
 57 88
 57 44
 57 49
 57 51
 57 88
 57 44
 56 89
 56 90
 57 43
 57 46
 58 48
 58 90
 56 88
 56 88
 57 51
 57 51
 57 45
 57 89
 57 89
 57 50
 57 88
 57 43
 56 89
 56 91
 59 44
 59 88
 56 48
 56 91
 57 42
 57 45
 58 89
 58 89
 57 44
 57 43
 57 50
 57 48
 56 88
 56 48
 57 48
 57 51
 55 88
 55 44
 57 89
 57 91
 58 89
 58 42
 57 91
 57 90
 59 88
 59 46
 56 51
 56 48
 57 45
 57 44
 57 90
 57 49
 56 89
 56 45
 57 50
 57 48
 56 88
 56 44
 57 89
 57 89
 57 43
 57 44
 58 90
 58 90
 56 89
 56 46
 57 89
 57 90
 57 43
 57 45
 58 90
 58 90
 55 89
 55 88
 56 51
 56 48
 57 44
 57 88
 57 50
 57 50
 58 88
 58 89
 57 48
 57 90
 56 88
 56 88
 57 49
 57 89
 56 45
 56 43
 56 51
 56 90
 57 46
 57 89
 57 89
 57 88
 58 45
 58 88
 58 48
 58 90
 56 88
 56 89
 58 90
 58 90
 58 44
 58 42
 56 89
 56 90
 56 45
 56 89
 56 89
 56 52
 58 88
 58 89
 58 49
 58 90
 58 89
 58 89
 58 90
 58 89
 56 47
 56 44
 57 89
 57 90
 59 88
 59 45
 55 89
 55 90
 57 45
 57 89
 56 90
 56 49
 58 88
 58 46
 56 48
 56 51
 57 89
 57 88
 56 89
 56 90
 56 46
 56 45
 59 49
 59 51
 58 89
 58 88
 58 90
 58 90
 56 46
 56 89
 57 49
 57 50
 55 46
 55 47
 59 48
 59 48
 55 89
 55 88
 57 49
 57 90
 56 89
 56 45
 57 89
 57 89
 57 44
 57 89
 57 90
 57 90
 56 43
 56 44
 58 51
 58 90
 57 43
 57 88
 58 89
 58 90
 57 45
 57 89
 55 89
 55 89
 57 88
 57 89
 58 90
 58 91
 57 47
 57 45
 57 49
 57 48
 58 43
 58 43
 56 48
 56 90
 56 45
 56 88
 57 90
 57 90
 57 89
 57 46
 55 50
 55 48
 58 89
 58 43
 57 51
 57 49
 56 88
 56 44
 57 50
 57 51
 57 89
 57 45
 58 49
 58 50
 57 88
 57 89
 55 88
 55 91
 58 46
 58 42
 56 89
 56 49
 56 45
 56 46
 57 90
 57 89
 58 46
 58 46
 59 51
 59 48
 58 45
 58 45
 56 51
 56 52
 58 42
 58 88
 57 49
 57 50
 57 88
 57 44
 56 49
 56 51
 58 44
 58 46
 56 89
 56 50
 55 88
 55 43
 58 89
 58 50
 56 88
 56 45
 55 90
 55 50
 57 44
 57 44
 56 89
 56 52
 55 46
 55 89
 57 50
 57 90
 57 44
 57 42
 56 90
 56 48
 58 46
 58 88
 59 90
 59 89
 57 45
 57 88
 58 89
 58 50
 56 45
 56 46
 59 90
 59 91
 56 88
 56 46
 58 91
 58 89
 58 88
 58 88
 57 89
 57 90
 58 88
 58 89
 56 90
 56 90
 58 89
 58 89
 56 90
 56 90
 58 89
 58 88
 57 51
 57 51
 57 44
 57 89
 56 49
 56 90
 57 43
 57 89
 57 48
 57 50
 55 88
 55 47
 58 90
 58 90
 57 44
 57 46
 58 89
 58 49
 58 89
 58 88
 55 90
 55 50
 58 42
 58 43
 55 49
 55 51
 58 89
 58 45
 58 90
 58 52
 58 45
 58 44
 56 51
 56 91
 58 47
 58 88
 57 51
 57 48
 56 46
 56 45
 58 49
 58 49
 58 44
 58 42
 56 48
 56 91
 58 88
 58 45
 58 49
 58 51
 55 88
 55 45
 58 50
 58 91
 58 42
 58 89
 58 50
 58 49
 56 88
 56 89
 57 90
 57 50
 58 45
 58 88
 57 90
 57 50
 58 45
 58 45
 56 90
 56 50
 57 88
 57 88
 57 91
 57 48
 57 89
 57 88
 58 48
 58 51
 55 88
 55 44
 59 90
 59 49
 57 89
 57 88
 57 90
 57 89
 58 45
 58 47
 56 90
 56 91
 56 89
 56 89
 57 51
 57 91
 56 47
 56 89
 58 51
 58 89
 57 89
 57 46
 57 90
 57 48
 58 88
 58 89
 56 50
 56 90
 58 44
 58 43
 58 49
 58 89
 57 44
 57 45
 55 49
 55 52
 58 88
 58 89
 56 90
 56 89
 57 44
 57 48
 57 51
 57 48
 56 88
 56 45
 58 90
 58 89
 57 47
 57 43
 58 89
 58 50
 56 42
 56 43
 57 90
 57 90
 57 44
 57 45
 56 90
 56 91
 57 88
 57 44
 58 90
 58 91
 55 44
 55 44
 58 90
 58 49
 57 88
 57 88
 57 50
 57 89
 59 88
 59 89
 57 89
 57 50
 56 44
 56 45
 58 89
 58 50
 55 88
 55 88
 57 90
 57 90
 57 45
 57 46
 57 51
 57 49
 56 47
 56 46
 56 90
 56 89
 56 88
 56 45
 57 48
 57 90
 57 43
 57 88
 56 51
 56 90
 57 43
 57 43
 57 49
 57 48
 57 42
 57 89
 55 50
 55 90
 57 43
 57 89
 56 50
 56 49
 57 42
 57 42
 58 90
 58 48
 57 88
 57 88
 57 50
 57 90
 57 88
 57 45
 58 90
 58 89
 56 45
 56 44
 56 49
 56 51
 57 88
 57 44
 58 89
 58 91
 56 88
 56 45
 56 91
 56 89
 57 88
 57 88
 57 89
 57 50
 57 88
 57 43
 57 51
 57 89
 56 43
 56 46
 56 50
 56 48
 57 89
 57 45
 57 51
 57 90
 57 45
 57 88
 55 89
 55 49
 57 88
 57 89
 59 48
 59 91
 58 88
 58 42
 57 51
 57 49
 55 43
 55 42
 58 49
 58 50
 55 46
 55 89
 56 49
 56 51
 58 44
 58 47
 58 48
 58 89
 55 89
 55 88
 56 90
 56 91
 57 88
 57 44
 57 48
 57 90
 57 45
 57 42
 57 90
 57 91
 56 88
 56 46
 59 91
 59 49
 57 88
 57 42
 57 91
 57 52
 57 45
 57 88
 56 51
 56 50
 57 44
 57 45
 56 89
 56 49
 58 88
 58 89
 58 89
 58 90
 57 88
 57 42
 57 88
 57 90
 57 44
 57 46
 55 91
 55 89
 58 88
 58 88
 57 89
 57 91
 57 42
 57 88
 58 90
 58 50
 56 44
 56 88
 56 90
 56 90
 56 88
 56 45
 57 48
 57 51
 57 45
 57 44
 58 89
 58 90
 55 89
 55 46
 58 48
 58 90
 59 88
 59 47
 56 49
 56 90
 58 45
 58 47
 58 89
 58 49
 55 89
 55 45
 56 90
 56 90
 59 45
 59 89
 58 51
 58 89
 56 88
 56 44
 57 49
 57 90
 58 46
 58 88
 56 49
 56 90
 58 44
 58 45
 58 89
 58 50
 57 46
 57 88
 57 90
 57 51
 58 44
 58 88
 58 50
 58 90
 55 43
 55 43
 59 89
 59 90
 56 42
 56 88
 57 51
 57 50
 56 47
 56 89
 55 49
 55 89
 58 48
 58 88
 57 49
 57 89
 56 45
 56 88
 60 89
 60 90
 56 88
 56 89
 56 90
 56 89
 57 88
 57 46
 57 89
 57 90
 57 45
 57 42
 58 89
 58 90
 56 88
 56 45
 58 90
 58 51
 55 43
 55 88
 57 90
 57 49
 58 89
 58 44
 56 91
 56 48
 55 46
 55 88
 59 51
 59 48
 58 88
 58 88
 55 90
 55 48
 56 88
 56 44
 57 89
 57 50
 56 89
 56 48
 58 89
 58 48
 56 89
 56 43
 57 90
 57 90
 56 42
 56 88
 57 52
 57 90
 59 44
 59 89
 55 48
 55 91
 55 46
 55 42
 59 90
 59 90
 56 88
 56 88
 59 49
 59 49
 57 45
 57 88
 58 50
 58 50
 56 45
 56 89
 56 90
 56 48
 58 88
 58 43
 56 90
 56 90
 55 46
 55 88
 57 50
 57 91
 58 88
 58 42
 56 89
 56 89
 58 88
 58 43
 57 90
 57 51
 57 44
 57 88
 58 89
 58 48
 56 88
 56 45
 58 89
 58 88
 56 88
 56 88
 57 90
 57 49
 57 88
 57 88
 56 90
 56 52
 56 88
 56 45
 57 51
 57 90
 57 88
 57 45
 58 89
 58 51
 57 46
 57 89
 57 49
 57 48
 57 88
 57 88
 57 90
 57 90
 57 44
 57 89
 57 51
 57 51
 57 45
 57 44
 56 89
 56 91
 57 88
 57 44
 57 51
 57 90
 56 88
 56 89
 58 91
 58 48
 56 88
 56 45
 58 51
 58 50
 57 89
 57 46
 56 90
 56 90
 57 46
 57 89
 58 90
 58 52
 56 44
 56 89
 56 50
 56 48
 57 43
 57 45
 57 51
 57 90
 56 46
 56 45
 57 89
 57 89
 56 45
 56 45
 58 90
 58 90
 56 45
 56 89
 59 49
 59 90
 58 46
 58 44
 57 90
 57 90
 58 89
 58 44
 57 50
 57 51
 57 45
 57 42
 59 89
 59 50
 56 45
 56 46
 59 91
 59 90
 57 43
 57 45
 56 90
 56 91
 58 88
 58 88
 57 90
 57 51
 59 42
 59 46
 56 52
 56 51
 56 88
 56 45
 57 90
 57 89
 58 88
 58 45
 56 90
 56 50
 57 43
 57 88
 57 49
 57 89
 58 88
 58 89
 57 49
 57 48
 57 88
 57 45
 58 89
 58 48
 57 89
 57 44
 57 89
 57 50
 58 89
 58 43
 58 89
 58 90
 55 44
 55 42
 58 52
 58 51
 58 46
 58 88
 58 90
 58 90
 55 88
 55 45
 56 51
 56 91
 56 88
 56 88
 58 88
 58 89
 58 88
 58 88
 57 90
 57 89
 57 46
 57 46
 57 49
 57 89
 58 47
 58 89
 56 90
 56 50
 56 45
 56 89
 57 89
 57 91
 56 43
 56 89
 56 89
 56 49
 57 88
 57 88
 57 89
 57 90
 55 43
 55 44
 58 89
 58 49
 58 88
 58 88
 57 50
 57 91
 56 89
 56 46
 56 89
 56 49
 60 88
 60 47
 54 91
 54 90
 58 45
 58 88
 57 49
 57 50
 57 44
 57 88
 56 91
 56 51
 58 88
 58 46
 56 49
 56 90
 58 88
 58 88
 56 50
 56 50
 57 45
 57 45
 56 48
 56 91
 57 45
 57 44
 55 90
 55 48
 57 43
 57 44
 57 49
 57 48
 57 89
 57 88
 57 90
 57 50
 57 45
 57 45
 56 90
 56 91
 57 44
 57 89
 58 89
 58 50
 56 88
 56 45
 57 49
 57 90
 56 44
 56 45
 58 89
 58 91
 58 43
 58 89
 56 91
 56 51
 57 88
 57 45
 58 90
 58 90
 58 44
 58 89
 56 49
 56 89
 57 88
 57 43
 57 89
 57 90
 57 88
 57 44
 56 49
 56 49
 59 89
 59 88
 57 90
 57 50
 57 44
 57 43
 57 52
 57 90
 56 88
 56 45
 57 90
 57 90
 56 47
 56 46
 57 52
 57 89
 57 45
 57 45
 57 90
 57 90
 56 88
 56 46
 57 90
 57 48
 57 89
 57 44
 56 90
 56 91
 56 46
 56 44
 55 90
 55 51
 57 89
 57 43
 59 90
 59 50
 57 45
 57 46
 57 91
 57 51
 58 88
 58 88
 56 49
 56 91
 57 44
 57 43
 57 52
 57 89
 56 89
 56 88
 56 50
 56 51
 58 44
 58 88
 58 91
 58 90
 57 88
 57 88
 56 90
 56 51
 59 88
 59 44
 56 51
 56 51
 56 46
 56 89
 57 51
 57 49
 57 89
 57 47
 58 49
 58 89
 57 89
 57 88
 57 50
 57 51
 56 88
 56 42
 56 50
 56 50
 56 45
 56 43
 58 90
 58 49
 56 43
 56 45
 57 89
 57 49
 58 89
 58 44
 56 91
 56 50
 56 44
 56 89
 57 89
 57 51
 58 88
 58 89
 57 51
 57 50
 57 47
 57 44
 57 88
 57 90
 58 46
 58 88
 56 50
 56 88
 57 88
 57 45
 57 49
 57 49
 56 88
 56 47
 56 49
 56 90
 57 46
 57 41
 58 90
 58 51
 59 44
 59 89
 55 90
 55 90
 58 89
 58 88
 56 90
 56 52
 57 48
 57 45
 57 90
 57 48
 58 45
 58 42
 56 90
 56 51
 56 88
 56 44
 59 89
 59 90
 57 89
 57 89
 56 50
 56 89
 57 88
 57 47
 57 89
 57 90
 57 45
 57 88
 58 90
 58 88
 55 44
 55 47
 56 90
 56 91
