 4 3
 4 3
 15 10
 15 11
 50 37
 50 37
 99 93
 99 92
 5 27
 5 27
 18 79
 18 76
 55 60
 55 64
 73 90
 73 94
 58 31
 58 34
 52 82
 52 79
 56 44
 56 51
 59 94
 59 97
 57 38
 57 24
 58 80
 58 59
 56 91
 56 60
 56 64
 56 65
 58 91
 58 61
 58 32
 58 54
 58 87
 58 87
 56 66
 56 51
 57 78
 57 82
 58 44
 58 30
 56 91
 56 93
 56 21
 56 26
 57 94
 57 78
 57 67
 57 69
 56 89
 56 83
 59 26
 59 37
 56 95
 56 97
 56 20
 56 20
 57 81
 57 92
 56 63
 56 76
 58 63
 58 69
 57 69
 57 57
 56 83
 56 93
 58 26
 58 65
 56 87
 56 93
 57 46
 57 60
 57 96
 57 81
 58 36
 58 62
 56 74
 56 93
 57 30
 57 37
 56 90
 56 90
 57 44
 57 57
 55 95
 55 96
 57 23
 57 21
 56 91
 56 67
 58 62
 58 64
 55 76
 55 83
 58 57
 58 45
 57 81
 57 87
 57 38
 57 67
 57 80
 57 88
 56 40
 56 41
 57 93
 57 91
 56 29
 56 31
 58 79
 58 88
 58 22
 58 58
 57 95
 57 78
 58 64
 58 57
 54 94
 54 78
 58 61
 58 61
 57 90
 57 85
 58 33
 58 25
 55 85
 55 73
 57 55
 57 35
 57 91
 57 92
 56 56
 56 29
 58 83
 58 94
 56 28
 56 28
 58 69
 58 89
 57 60
 57 53
 57 82
 57 93
 56 45
 56 31
 57 85
 57 93
 55 27
 55 29
 59 70
 59 72
 57 83
 57 49
 56 77
 56 91
 58 34
 58 41
 57 83
 57 90
 56 44
 56 32
 56 81
 56 80
 59 40
 59 23
 57 95
 57 92
 56 25
 56 62
 58 95
 58 87
 57 53
 57 56
 57 94
 57 79
 59 52
 59 22
 55 93
 55 70
 59 52
 59 76
 56 93
 56 96
 58 46
 58 50
 56 76
 56 93
 56 40
 56 24
 58 72
 58 91
 58 70
 58 44
 57 77
 57 79
 59 27
 59 42
 57 92
 57 93
 55 34
 55 33
 61 92
 61 72
 55 51
 55 68
 58 92
 58 86
 57 56
 57 41
 54 94
 54 91
 59 62
 59 29
 56 80
 56 95
 59 41
 59 57
 57 91
 57 96
 57 32
 57 30
 56 71
 56 71
 58 34
 58 75
 57 95
 57 85
 58 37
 58 42
 57 97
 57 82
 56 38
 56 27
 57 93
 57 91
 58 65
 58 70
 56 95
 56 84
 56 46
 56 30
 58 90
 58 87
 56 36
 56 29
 57 95
 57 89
 55 36
 55 57
 58 95
 58 95
 57 24
 57 26
 58 92
 58 79
 56 28
 56 24
 57 90
 57 93
 58 60
 58 61
 56 80
 56 85
 56 22
 56 51
 57 89
 57 95
 56 61
 56 67
 57 83
 57 94
 57 50
 57 46
 57 80
 57 96
 56 30
 56 50
 57 91
 57 90
 58 32
 58 66
 56 94
 56 94
 56 42
 56 32
 55 95
 55 94
 59 60
 59 20
 57 69
 57 69
 57 69
 57 80
 56 64
 56 66
 58 73
 58 63
 56 74
 56 83
 57 40
 57 42
 56 95
 56 83
 56 39
 56 41
 58 95
 58 79
 58 51
 58 47
 58 75
 58 82
 58 30
 58 34
 57 82
 57 80
 57 30
 57 57
 58 77
 58 90
 56 46
 56 54
 58 95
 58 95
 57 30
 57 43
 57 80
 57 94
 57 39
 57 33
 58 95
 58 91
 57 26
 57 24
 57 94
 57 75
 57 32
 57 29
 58 92
 58 91
 55 23
 55 62
 57 83
 57 83
 58 65
 58 34
 55 80
 55 91
 59 37
 59 23
 56 90
 56 72
 56 24
 56 48
 58 89
 58 92
 57 36
 57 46
 56 77
 56 87
 56 28
 56 29
 57 69
 57 87
 58 74
 58 79
 57 88
 57 90
 57 31
 57 40
 55 92
 55 91
 58 24
 58 21
 58 92
 58 78
 58 57
 58 52
 56 81
 56 72
 58 45
 58 36
 58 93
 58 95
 56 53
 56 63
 57 91
 57 95
 55 42
 55 26
 60 93
 60 92
 56 28
 56 49
 56 90
 56 93
 57 28
 57 29
 58 95
 58 94
 57 45
 57 44
 57 80
 57 90
 57 45
 57 45
 58 90
 58 84
 56 48
 56 25
 57 96
 57 84
 56 54
 56 43
 56 92
 56 81
 56 52
 56 28
 58 92
 58 89
 57 24
 57 18
 56 66
 56 65
 58 38
 58 78
 58 90
 58 93
 56 50
 56 78
 58 87
 58 87
 58 43
 58 27
 57 83
 57 77
 56 30
 56 32
 57 93
 57 94
 57 23
 57 51
 57 92
 57 89
 58 25
 58 39
 58 83
 58 90
 57 53
 57 22
 55 93
 55 75
 56 70
 56 44
 56 90
 56 95
 59 48
 59 50
 56 95
 56 96
 55 49
 55 55
 59 88
 59 75
 56 69
 56 34
 56 92
 56 96
 58 24
 58 47
 57 77
 57 74
 58 39
 58 42
 56 80
 56 78
 57 36
 57 65
 58 85
 58 87
 56 20
 56 38
 55 92
 55 69
 58 34
 58 67
 57 72
 57 88
 56 39
 56 37
 56 94
 56 77
 58 28
 58 59
 57 95
 57 90
 57 28
 57 23
 56 91
 56 91
 58 24
 58 64
 58 95
 58 86
 57 25
 57 31
 57 83
 57 94
 58 30
 58 25
 57 90
 57 76
 56 66
 56 29
 57 88
 57 89
 58 24
 58 48
 56 79
 56 87
 57 43
 57 41
 59 75
 59 89
 58 27
 58 51
 58 93
 58 92
 56 27
 56 32
 56 69
 56 70
 56 75
 56 67
 57 70
 57 71
 56 51
 56 35
 57 94
 57 84
 56 39
 56 61
 58 73
 58 82
 56 64
 56 61
 57 81
 57 84
 59 20
 59 45
 56 94
 56 91
 57 71
 57 76
 57 90
 57 93
 57 41
 57 43
 56 95
 56 87
 56 27
 56 44
 58 92
 58 95
 57 26
 57 31
 57 84
 57 87
 57 48
 57 24
 57 96
 57 93
 57 24
 57 26
 57 89
 57 88
 56 26
 56 60
 57 82
 57 80
 57 33
 57 32
 58 78
 58 94
 55 31
 55 33
 59 82
 59 91
 59 30
 59 24
 55 92
 55 74
 58 44
 58 25
 55 78
 55 96
 58 29
 58 63
 56 96
 56 95
 58 56
 58 42
 56 93
 56 94
 57 33
 57 33
 58 96
 58 95
 58 61
 58 31
 57 94
 57 80
 56 27
 56 30
 58 90
 58 91
 56 62
 56 63
 57 95
 57 93
 57 49
 57 46
 56 92
 56 95
 56 31
 56 36
 58 93
 58 85
 56 26
 56 35
 58 78
 58 95
 56 58
 56 42
 56 91
 56 93
 56 68
 56 53
 58 86
 58 92
 57 49
 57 44
 57 94
 57 94
 56 37
 56 29
 57 96
 57 88
 56 48
 56 21
 57 71
 57 93
 57 37
 57 50
 55 94
 55 87
 57 29
 57 42
 57 90
 57 97
 58 52
 58 25
 57 63
 57 80
 57 76
 57 43
 56 81
 56 72
 57 78
 57 36
 57 81
 57 78
 58 68
 58 29
 57 90
 57 92
 57 31
 57 46
 56 94
 56 82
 57 62
 57 50
 56 79
 56 79
 57 62
 57 55
 58 90
 58 79
 58 28
 58 19
 58 95
 58 92
 55 33
 55 36
 57 78
 57 80
 58 28
 58 25
 58 83
 58 84
 56 52
 56 43
 58 80
 58 87
 57 52
 57 36
 58 93
 58 93
 57 28
 57 40
 57 70
 57 81
 58 38
 58 67
 56 93
 56 82
 58 23
 58 43
 57 81
 57 78
 57 36
 57 20
 59 92
 59 70
 56 70
 56 30
 58 94
 58 96
 56 28
 56 42
 57 94
 57 87
 59 66
 59 57
 55 88
 55 74
 56 57
 56 65
 58 92
 58 91
 57 26
 57 19
 58 93
 58 68
 57 65
 57 46
 56 85
 56 96
 58 36
 58 48
 59 80
 59 86
 55 65
 55 27
 56 93
 56 93
 58 33
 58 47
 57 94
 57 73
 56 27
 56 38
 56 80
 56 86
 57 35
 57 32
 57 85
 57 97
 58 24
 58 23
 58 93
 58 83
 58 75
 58 34
 57 92
 57 94
 57 33
 57 69
 58 79
 58 90
 57 55
 57 18
 57 89
 57 82
 56 78
 56 79
 58 78
 58 94
 57 33
 57 33
 57 81
 57 85
 57 34
 57 40
 56 92
 56 87
 57 38
 57 24
 58 90
 58 75
 57 47
 57 69
 57 85
 57 87
 57 38
 57 34
 55 90
 55 75
 58 34
 58 22
 57 83
 57 71
 56 32
 56 49
 57 96
 57 83
 58 24
 58 41
 57 83
 57 94
 56 49
 56 47
 55 76
 55 84
 58 47
 58 43
 57 93
 57 93
 57 66
 57 29
 57 85
 57 92
 56 43
 56 39
 57 96
 57 91
 58 60
 58 23
 56 72
 56 94
 57 73
 57 43
 57 92
 57 76
 57 67
 57 32
 57 93
 57 88
 56 33
 56 38
 59 73
 59 93
 56 49
 56 52
 57 90
 57 96
 58 38
 58 28
 57 95
 57 71
 57 29
 57 74
 56 86
 56 92
 57 29
 57 27
 55 94
 55 95
 57 21
 57 46
 58 63
 58 88
 57 79
 57 80
 59 91
 59 64
 56 79
 56 78
 57 88
 57 92
 57 35
 57 71
 56 90
 56 86
 57 43
 57 39
 56 85
 56 90
 57 32
 57 22
 57 91
 57 79
 58 30
 58 29
 56 95
 56 96
 57 45
 57 33
 57 94
 57 93
 58 32
 58 32
 55 95
 55 86
 56 28
 56 34
 57 96
 57 94
 57 22
 57 19
 58 92
 58 93
 57 80
 57 84
 56 89
 56 92
 57 85
 57 42
 56 63
 56 71
 56 66
 56 42
 57 65
 57 94
 57 78
 57 43
 58 90
 58 88
 58 80
 58 33
 56 74
 56 85
 58 30
 58 40
 58 82
 58 95
 56 50
 56 30
 56 95
 56 77
 56 28
 56 36
 58 83
 58 96
 58 39
 58 54
 58 95
 58 87
 58 24
 58 41
 56 67
 56 67
 57 77
 57 51
 59 88
 59 85
 55 32
 55 36
 57 87
 57 81
 56 54
 56 40
 58 73
 58 77
 56 53
 56 41
 57 83
 57 95
 56 43
 56 43
 56 71
 56 95
 59 69
 59 74
 58 82
 58 88
 58 20
 58 34
 56 93
 56 84
 57 24
 57 23
 55 88
 55 92
 59 57
 59 30
 55 85
 55 81
 57 31
 57 23
 56 65
 56 65
 57 82
 57 77
 57 92
 57 72
 57 72
 57 30
 56 95
 56 79
 58 66
 58 38
 57 95
 57 83
 58 21
 58 21
 57 92
 57 93
 55 37
 55 38
 57 92
 57 80
 58 29
 58 30
 57 83
 57 87
 57 46
 57 47
 58 83
 58 79
 56 58
 56 71
 56 97
 56 96
 57 39
 57 50
 57 94
 57 94
 55 28
 55 62
 58 87
 58 87
 57 46
 57 54
 56 82
 56 95
 57 29
 57 23
 57 93
 57 68
 58 70
 58 71
 57 90
 57 90
 55 40
 55 45
 58 94
 58 77
 56 30
 56 21
 56 65
 56 95
 57 43
 57 48
 58 87
 58 95
 59 40
 59 48
 58 81
 58 92
 56 41
 56 26
 58 86
 58 91
 57 33
 57 29
 57 85
 57 89
 56 56
 56 23
 58 91
 58 80
 56 52
 56 48
 55 95
 55 89
 58 27
 58 27
 56 95
 56 93
 55 41
 55 55
 57 77
 57 94
 56 59
 56 31
 55 94
 55 95
 57 47
 57 20
 57 84
 57 94
 56 63
 56 63
 58 80
 58 74
 59 38
 59 26
 57 82
 57 95
 58 28
 58 58
 56 92
 56 94
 59 70
 59 57
 56 83
 56 91
 58 65
 58 30
 58 91
 58 96
 57 38
 57 26
 58 95
 58 92
 56 48
 56 45
 58 93
 58 79
 56 49
 56 53
 58 96
 58 72
 57 29
 57 60
 57 83
 57 78
 56 33
 56 56
 57 95
 57 93
 57 19
 57 30
 55 70
 55 76
 58 74
 58 61
 57 88
 57 72
 58 32
 58 45
 58 94
 58 89
 55 37
 55 40
 58 93
 58 76
 55 29
 55 50
 58 82
 58 91
 58 20
 58 48
 58 74
 58 72
 56 31
 56 28
 58 94
 58 96
 57 39
 57 34
 56 96
 56 78
 58 28
 58 27
 58 70
 58 93
 56 57
 56 34
 58 93
 58 92
 58 28
 58 45
 55 89
 55 95
 58 24
 58 62
 58 81
 58 96
 58 27
 58 32
 56 82
 56 90
 57 21
 57 34
 58 74
 58 72
 57 52
 57 63
 58 84
 58 78
 56 35
 56 48
 57 84
 57 94
 57 35
 57 27
 57 91
 57 74
 58 37
 58 42
 55 76
 55 95
 59 44
 59 28
 57 92
 57 91
 57 25
 57 21
 58 78
 58 95
 56 31
 56 53
 56 89
 56 95
 57 34
 57 39
 56 94
 56 94
 58 36
 58 41
 57 92
 57 93
 57 38
 57 58
 58 96
 58 90
 56 39
 56 18
 58 70
 58 90
 58 75
 58 87
 57 90
 57 87
 55 85
 55 42
 58 72
 58 89
 56 91
 56 90
 57 50
 57 42
 57 89
 57 50
 56 47
 56 46
 58 50
 58 89
 57 88
 57 42
 58 91
 58 90
 56 89
 56 88
 57 54
 57 90
 57 78
 57 88
 56 90
 56 90
 57 45
 57 88
 58 91
 58 50
 55 87
 55 46
 58 90
 58 90
 57 43
 57 88
 57 90
 57 53
 59 43
 59 42
 57 92
 57 89
 56 41
 56 44
 58 90
 58 52
 55 41
 55 87
 57 89
 57 90
 57 89
 57 88
 57 89
 57 90
 56 44
 56 45
 56 90
 56 51
 56 88
 56 41
 57 91
 57 53
 57 45
 57 88
 56 90
 56 89
 57 44
 57 88
 57 50
 57 91
 57 43
 57 43
 55 88
 55 90
 57 47
 57 87
 56 51
 56 53
 57 87
 57 44
 58 51
 58 90
 57 47
 57 44
 57 89
 57 50
 57 88
 57 43
 58 90
 58 53
 56 46
 56 41
 56 51
 56 89
 57 41
 57 89
 58 50
 58 50
 56 45
 56 43
 56 52
 56 89
 57 87
 57 43
 57 52
 57 89
 57 87
 57 44
 57 89
 57 54
 56 44
 56 88
 56 90
 56 89
 57 47
 57 47
 57 90
 57 91
 57 87
 57 47
 55 91
 55 88
 57 42
 57 88
 59 89
 59 90
 58 42
 58 44
 57 52
 57 91
 55 45
 55 42
 58 90
 58 90
 55 43
 55 44
 56 90
 56 90
 58 45
 58 44
 58 91
 58 54
 55 43
 55 89
 56 90
 56 52
 57 88
 57 43
 57 53
 57 90
 57 89
 57 45
 57 89
 57 90
 56 43
 56 45
 59 89
 59 50
 57 88
 57 41
 57 89
 57 53
 57 88
 57 46
 56 53
 56 89
 57 49
 57 42
 56 53
 56 90
 58 87
 58 44
 58 52
 58 50
 57 88
 57 44
 57 89
 57 90
 57 87
 57 46
 55 52
 55 89
 58 43
 58 44
 57 89
 57 91
 57 88
 57 42
 58 51
 58 49
 56 44
 56 88
 56 51
 56 89
 56 88
 56 88
 57 51
 57 53
 57 43
 57 88
 58 51
 58 91
 55 44
 55 89
 58 89
 58 91
 59 46
 59 44
 56 52
 56 51
 58 47
 58 44
 58 91
 58 91
 55 87
 55 41
 56 50
 56 51
 59 88
 59 42
 58 91
 58 50
 56 87
 56 87
 57 89
 57 52
 58 45
 58 87
 56 91
 56 89
 58 45
 58 45
 58 90
 58 90
 57 42
 57 87
 57 89
 57 50
 58 43
 58 88
 58 53
 58 54
 55 88
 55 88
 59 90
 59 52
 56 87
 56 89
 57 90
 57 90
 56 45
 56 87
 55 91
 55 51
 58 43
 58 88
 57 91
 57 52
 56 44
 56 42
 60 90
 60 91
 56 88
 56 41
 56 51
 56 91
 57 46
 57 44
 57 52
 57 90
 57 41
 57 45
 58 89
 58 91
 56 45
 56 88
 58 52
 58 89
 55 47
 55 44
 57 51
 57 90
 58 45
 58 46
 56 90
 56 91
 55 89
 55 45
 59 51
 59 50
 58 47
 58 47
 55 88
 55 89
 56 43
 56 88
 57 91
 57 52
 56 42
 56 88
 58 51
 58 90
 56 44
 56 88
 57 91
 57 89
 56 88
 56 88
 57 90
 57 52
 59 88
 59 44
 55 89
 55 90
 55 44
 55 88
 59 52
 59 90
 56 88
 56 87
 59 90
 59 90
 57 87
 57 87
 58 53
 58 53
 56 43
 56 88
 56 91
 56 51
 58 45
 58 46
 56 53
 56 89
 55 42
 55 88
 57 90
 57 91
 58 44
 58 88
 56 53
 56 89
 58 87
 58 42
 57 89
 57 90
 57 88
 57 44
 58 90
 58 51
 56 44
 56 41
 58 90
 58 90
 56 41
 56 47
 57 90
 57 53
 57 88
 57 43
 56 50
 56 54
 56 44
 56 48
 57 91
 57 52
 57 88
 57 42
 58 53
 58 90
 57 88
 57 88
 57 53
 57 52
 57 87
 57 88
 57 53
 57 53
 57 88
 57 46
 57 90
 57 89
 57 88
 57 42
 56 50
 56 52
 57 45
 57 48
 57 91
 57 53
 56 41
 56 44
 58 54
 58 90
 56 45
 56 88
 58 53
 58 52
 57 43
 57 88
 56 52
 56 90
 57 43
 57 45
 58 51
 58 52
 56 43
 56 44
 56 90
 56 90
 57 40
 57 42
 57 91
 57 52
 56 88
 56 47
 57 51
 57 89
 56 46
 56 88
 58 89
 58 50
 56 45
 56 42
 59 50
 59 90
 58 88
 58 45
 57 90
 57 51
 58 43
 58 46
 57 51
 57 90
 57 46
 57 40
 59 51
 59 90
 56 47
 56 88
 59 50
 59 54
 57 89
 57 88
 56 51
 56 50
 58 43
 58 88
 57 89
 57 51
 59 88
 59 44
 56 91
 56 89
 56 44
 56 87
 57 50
 57 53
 58 46
 58 44
 56 91
 56 91
 57 88
 57 41
 57 90
 57 91
 58 41
 58 48
 57 90
 57 90
 57 88
 57 42
 58 53
 58 50
 57 88
 57 45
 57 90
 57 52
 58 43
 58 87
 58 90
 58 90
 55 87
 55 45
 58 91
 58 51
 58 45
 58 43
 58 89
 58 52
 55 87
 55 88
 56 53
 56 53
 56 88
 56 43
 58 88
 58 88
 58 87
 58 42
 57 91
 57 90
 57 88
 57 88
 57 52
 57 91
 58 45
 58 89
 56 91
 56 89
 56 88
 56 89
 57 53
 57 90
 56 45
 56 43
 56 90
 56 91
 57 47
 57 87
 57 89
 57 90
 55 45
 55 45
 58 50
 58 91
 58 43
 58 43
 57 91
 57 51
 56 44
 56 88
 56 90
 56 88
 60 43
 60 40
 54 51
 54 90
 58 45
 58 45
 57 89
 57 90
 57 46
 57 45
 56 89
 56 90
 58 87
 58 88
 56 89
 56 91
 58 42
 58 44
 56 51
 56 53
 57 44
 57 44
 56 52
 56 50
 57 43
 57 88
 55 89
 55 89
 57 44
 57 45
 57 91
 57 91
 57 89
 57 44
 57 50
 57 91
 57 43
 57 87
 56 91
 56 53
 57 42
 57 42
 58 89
 58 50
 56 43
 56 49
 57 91
 57 91
 56 42
 56 87
 58 50
 58 91
 58 87
 58 43
 56 91
 56 91
 57 42
 57 43
 58 91
 58 89
 58 87
 58 41
 56 89
 56 90
 57 45
 57 46
 57 91
 57 50
 57 88
 57 88
 56 52
 56 53
 59 88
 59 42
 57 89
 57 89
 57 43
 57 89
 57 53
 57 51
 56 43
 56 41
 57 53
 57 53
 56 87
 56 43
 57 51
 57 50
 57 42
 57 43
 57 51
 57 88
 56 88
 56 88
 57 52
 57 50
 57 42
 57 88
 56 91
 56 53
 56 88
 56 41
 55 90
 55 50
 57 45
 57 87
 59 52
 59 51
 57 41
 57 44
 57 90
 57 88
 58 41
 58 45
 56 90
 56 51
 57 44
 57 44
 57 51
 57 91
 56 44
 56 44
 56 90
 56 52
 58 45
 58 43
 58 50
 58 53
 57 46
 57 88
 56 50
 56 89
 59 44
 59 43
 56 89
 56 90
 56 89
 56 45
 57 53
 57 51
 57 42
 57 43
 58 89
 58 91
 57 45
 57 44
 57 91
 57 89
 56 88
 56 41
 56 89
 56 89
 56 43
 56 44
 58 91
 58 90
 56 41
 56 45
 57 54
 57 90
 58 44
 58 88
 56 90
 56 50
 56 43
 56 47
 57 90
 57 50
 58 45
 58 42
 57 90
 57 50
 57 42
 57 43
 57 91
 57 90
 58 89
 58 44
 56 52
 56 91
 57 45
 57 88
 57 52
 57 50
 56 44
 56 88
 56 52
 56 50
 57 43
 57 42
 58 91
 58 52
 59 89
 59 88
 55 91
 55 51
 58 88
 58 45
 56 53
 56 90
 57 47
 57 88
 57 50
 57 49
 58 88
 58 44
 56 91
 56 52
 56 44
 56 89
 59 52
 59 90
 57 46
 57 88
 56 89
 56 88
 57 45
 57 88
 57 50
 57 90
 57 41
 57 87
 58 91
 58 90
 55 88
 55 87
 56 90
 56 52
