 4 3
 4 3
 15 10
 15 11
 50 37
 50 37
 99 92
 99 91
 5 30
 5 27
 18 78
 18 82
 55 61
 55 65
 73 94
 73 92
 58 21
 58 29
 52 88
 52 87
 56 67
 56 55
 59 89
 59 82
 57 46
 57 18
 58 77
 58 91
 56 77
 56 40
 56 91
 56 91
 58 39
 58 58
 58 87
 58 92
 58 36
 58 34
 56 81
 56 88
 57 24
 57 40
 58 93
 58 80
 56 27
 56 59
 56 95
 56 94
 57 24
 57 46
 57 93
 57 94
 56 70
 56 33
 59 94
 59 96
 56 33
 56 23
 56 76
 56 95
 57 22
 57 21
 56 72
 56 93
 58 37
 58 68
 57 94
 57 93
 56 35
 56 46
 58 96
 58 74
 56 35
 56 64
 57 85
 57 89
 57 60
 57 54
 58 91
 58 88
 56 48
 56 49
 57 77
 57 87
 56 77
 56 43
 57 90
 57 95
 55 26
 55 38
 57 88
 57 79
 56 17
 56 24
 58 75
 58 73
 55 58
 55 81
 58 93
 58 65
 57 41
 57 77
 57 85
 57 86
 57 47
 57 52
 56 94
 56 94
 57 45
 57 27
 56 81
 56 81
 58 22
 58 32
 58 94
 58 95
 57 60
 57 30
 58 91
 58 95
 54 25
 54 28
 58 95
 58 94
 57 22
 57 44
 58 69
 58 91
 55 68
 55 33
 57 81
 57 95
 57 42
 57 35
 56 82
 56 97
 58 26
 58 25
 56 76
 56 73
 58 63
 58 37
 57 85
 57 83
 57 40
 57 26
 56 81
 56 96
 57 31
 57 47
 55 94
 55 92
 59 30
 59 64
 57 92
 57 89
 56 34
 56 42
 58 93
 58 75
 57 33
 57 51
 56 80
 56 83
 56 44
 56 42
 59 83
 59 95
 57 25
 57 62
 56 76
 56 94
 58 48
 58 31
 57 96
 57 84
 57 23
 57 21
 59 66
 59 91
 55 83
 55 84
 59 91
 59 90
 56 87
 56 87
 58 64
 58 91
 56 55
 56 43
 56 91
 56 88
 58 39
 58 52
 58 79
 58 91
 57 38
 57 37
 59 93
 59 56
 57 39
 57 43
 55 91
 55 63
 61 32
 61 80
 55 93
 55 94
 58 77
 58 37
 57 92
 57 89
 54 32
 54 36
 59 95
 59 92
 56 44
 56 54
 59 94
 59 95
 57 62
 57 38
 57 93
 57 86
 56 39
 56 51
 58 93
 58 84
 57 27
 57 63
 58 81
 58 93
 57 43
 57 29
 56 95
 56 95
 57 40
 57 19
 58 70
 58 92
 56 68
 56 53
 56 86
 56 90
 58 40
 58 35
 56 95
 56 93
 57 25
 57 24
 55 70
 55 64
 58 78
 58 78
 57 71
 57 93
 58 80
 58 39
 56 96
 56 95
 57 57
 57 31
 58 88
 58 80
 56 47
 56 28
 56 95
 56 80
 57 55
 57 55
 56 93
 56 92
 57 33
 57 33
 57 96
 57 89
 57 45
 57 25
 56 89
 56 96
 57 23
 57 23
 58 88
 58 75
 56 57
 56 47
 56 91
 56 96
 55 39
 55 37
 59 76
 59 72
 57 29
 57 50
 57 91
 57 94
 56 24
 56 26
 58 83
 58 94
 56 68
 56 61
 57 89
 57 95
 56 46
 56 50
 56 96
 56 96
 58 22
 58 26
 58 85
 58 92
 58 34
 58 46
 58 94
 58 95
 57 35
 57 35
 57 85
 57 86
 58 24
 58 55
 56 73
 56 74
 58 38
 58 35
 57 94
 57 96
 57 53
 57 39
 57 94
 57 72
 58 38
 58 44
 57 90
 57 89
 57 59
 57 33
 57 90
 57 83
 58 25
 58 58
 55 93
 55 95
 57 60
 57 65
 58 86
 58 88
 55 47
 55 38
 59 87
 59 83
 56 22
 56 25
 56 88
 56 95
 58 59
 58 64
 57 91
 57 95
 56 21
 56 26
 56 87
 56 86
 57 41
 57 65
 58 93
 58 88
 57 66
 57 29
 57 92
 57 95
 55 52
 55 46
 58 93
 58 90
 58 22
 58 54
 58 81
 58 92
 56 37
 56 52
 58 80
 58 94
 58 43
 58 31
 56 91
 56 92
 57 24
 57 33
 55 94
 55 84
 60 60
 60 30
 56 94
 56 83
 56 22
 56 30
 57 78
 57 95
 58 70
 58 30
 57 86
 57 86
 57 45
 57 29
 57 96
 57 96
 58 23
 58 18
 56 67
 56 90
 57 56
 57 39
 56 91
 56 89
 56 46
 56 75
 56 54
 56 62
 58 44
 58 85
 57 51
 57 59
 56 88
 56 43
 58 92
 58 59
 58 40
 58 85
 56 90
 56 78
 58 88
 58 87
 58 90
 58 90
 57 88
 57 42
 56 55
 56 89
 57 46
 57 42
 57 54
 57 92
 57 46
 57 40
 58 89
 58 54
 58 87
 58 39
 57 89
 57 89
 55 86
 55 45
 56 90
 56 89
 56 87
 56 45
 59 91
 59 89
 56 42
 56 43
 55 56
 55 91
 59 87
 59 44
 56 90
 56 89
 56 86
 56 41
 58 89
 58 57
 57 87
 57 43
 58 91
 58 55
 56 42
 56 86
 57 57
 57 56
 58 44
 58 45
 56 92
 56 55
 55 86
 55 39
 58 57
 58 90
 57 85
 57 47
 56 54
 56 91
 56 86
 56 86
 58 87
 58 59
 57 87
 57 49
 57 54
 57 92
 56 36
 56 36
 58 87
 58 55
 58 88
 58 49
 57 52
 57 51
 57 39
 57 38
 58 88
 58 86
 57 46
 57 89
 56 92
 56 91
 57 86
 57 86
 58 88
 58 89
 56 49
 56 88
 57 91
 57 50
 59 36
 59 39
 58 87
 58 88
 58 88
 58 53
 56 93
 56 91
 56 36
 56 39
 56 54
 56 88
 57 48
 57 52
 56 52
 56 92
 57 39
 57 37
 56 89
 56 55
 58 49
 58 52
 56 91
 56 92
 57 36
 57 87
 59 87
 59 85
 56 88
 56 49
 57 91
 57 92
 57 37
 57 39
 57 87
 57 87
 56 49
 56 50
 56 50
 56 92
 58 86
 58 39
 57 54
 57 86
 57 50
 57 50
 57 50
 57 54
 57 40
 57 39
 57 89
 57 88
 57 88
 57 47
 56 50
 56 91
 57 37
 57 86
 57 87
 57 55
 58 48
 58 52
 55 92
 55 92
 59 86
 59 37
 59 86
 59 89
 55 47
 55 88
 58 91
 58 51
 55 38
 55 37
 58 88
 58 89
 56 46
 56 49
 58 92
 58 92
 56 39
 56 85
 57 56
 57 86
 58 49
 58 45
 58 93
 58 52
 57 37
 57 37
 56 87
 56 88
 58 89
 58 47
 56 54
 56 93
 57 37
 57 87
 57 55
 57 56
 56 49
 56 48
 56 92
 56 91
 58 36
 58 86
 56 87
 56 56
 58 51
 58 87
 56 92
 56 53
 56 38
 56 36
 56 87
 56 54
 58 49
 58 87
 57 51
 57 92
 57 37
 57 87
 56 87
 56 87
 57 53
 57 49
 56 91
 56 92
 57 86
 57 86
 57 87
 57 86
 55 48
 55 47
 57 91
 57 53
 57 39
 57 39
 58 87
 58 88
 57 49
 57 88
 57 91
 57 53
 56 86
 56 38
 57 87
 57 54
 57 52
 57 87
 58 92
 58 53
 57 38
 57 36
 57 86
 57 89
 56 89
 56 87
 57 92
 57 92
 56 39
 56 38
 57 88
 57 87
 58 87
 58 51
 58 52
 58 92
 58 38
 58 37
 55 55
 55 57
 57 88
 57 52
 58 91
 58 51
 58 39
 58 40
 56 88
 56 88
 58 49
 58 87
 57 92
 57 53
 58 37
 58 87
 57 88
 57 89
 57 45
 57 87
 58 92
 58 50
 56 87
 56 37
 58 56
 58 88
 57 48
 57 53
 57 91
 57 92
 59 85
 59 86
 56 56
 56 89
 58 89
 58 88
 56 92
 56 52
 57 39
 57 86
 59 55
 59 86
 55 50
 55 49
 56 92
 56 92
 58 39
 58 39
 57 87
 57 54
 58 49
 58 88
 57 93
 57 92
 56 38
 56 38
 58 87
 58 88
 59 45
 59 50
 55 91
 55 93
 56 39
 56 86
 58 54
 58 54
 57 49
 57 51
 56 92
 56 51
 56 87
 56 37
 57 57
 57 89
 57 87
 57 49
 58 52
 58 92
 58 86
 58 38
 58 55
 58 87
 57 50
 57 88
 57 52
 57 92
 58 40
 58 38
 57 53
 57 57
 57 48
 57 52
 56 92
 56 92
 58 39
 58 36
 57 56
 57 86
 57 50
 57 52
 57 51
 57 92
 56 87
 56 86
 57 87
 57 87
 58 47
 58 89
 57 92
 57 53
 57 38
 57 38
 57 89
 57 88
 55 48
 55 88
 58 92
 58 52
 57 86
 57 38
 56 89
 56 87
 57 88
 57 53
 58 52
 58 91
 57 87
 57 39
 56 88
 56 87
 55 51
 55 88
 58 91
 58 91
 57 38
 57 87
 57 89
 57 54
 57 48
 57 87
 56 92
 56 91
 57 38
 57 37
 58 87
 58 88
 56 87
 56 50
 57 53
 57 54
 57 86
 57 40
 57 85
 57 54
 57 88
 57 48
 56 53
 56 92
 59 86
 59 37
 56 89
 56 56
 57 87
 57 53
 58 52
 58 92
 57 86
 57 87
 57 54
 57 55
 56 88
 56 89
 57 52
 57 52
 55 85
 55 39
 57 89
 57 89
 58 87
 58 53
 57 91
 57 91
 59 37
 59 37
 56 88
 56 88
 57 88
 57 88
 57 92
 57 91
 56 87
 56 38
 57 57
 57 89
 56 88
 56 49
 57 91
 57 92
 57 87
 57 86
 58 56
 58 89
 56 52
 56 48
 57 52
 57 51
 57 38
 57 39
 58 86
 58 88
 55 52
 55 89
 56 91
 56 91
 57 86
 57 38
 57 88
 57 88
 58 49
 58 49
 57 53
 57 53
 56 40
 56 37
 57 88
 57 86
 56 88
 56 52
 56 92
 56 53
 57 87
 57 38
 57 87
 57 88
 58 87
 58 88
 58 91
 58 91
 56 38
 56 39
 58 88
 58 57
 58 54
 58 50
 56 91
 56 51
 56 39
 56 40
 56 88
 56 87
 58 88
 58 47
 58 52
 58 92
 58 38
 58 40
 58 86
 58 88
 56 87
 56 48
 57 52
 57 91
 59 39
 59 87
 55 88
 55 86
 57 88
 57 49
 56 54
 56 92
 58 86
 58 37
 56 57
 56 57
 57 50
 57 88
 56 53
 56 53
 56 40
 56 87
 59 88
 59 87
 58 50
 58 88
 58 91
 58 92
 56 87
 56 36
 57 87
 57 56
 55 88
 55 49
 59 92
 59 54
 55 86
 55 86
 57 88
 57 89
 56 47
 56 49
 57 92
 57 91
 57 87
 57 86
 57 87
 57 89
 56 88
 56 88
 58 92
 58 92
 57 39
 57 86
 58 56
 58 55
 57 51
 57 50
 55 51
 55 92
 57 37
 57 37
 58 87
 58 86
 57 50
 57 49
 57 91
 57 92
 58 36
 58 86
 56 87
 56 87
 56 49
 56 50
 57 92
 57 91
 57 37
 57 86
 55 87
 55 87
 58 89
 58 51
 57 50
 57 53
 56 38
 56 40
 57 88
 57 87
 57 87
 57 87
 58 52
 58 93
 57 87
 57 37
 55 87
 55 57
 58 50
 58 46
 56 92
 56 92
 56 38
 56 87
 57 55
 57 88
 58 51
 58 52
 59 92
 59 52
 58 86
 58 86
 56 88
 56 86
 58 46
 58 49
 57 91
 57 92
 57 38
 57 87
 56 88
 56 89
 58 49
 58 89
 56 54
 56 92
 55 36
 55 86
 58 56
 58 56
 56 89
 56 47
 55 92
 55 51
 57 39
 57 38
 56 55
 56 88
 55 87
 55 51
 57 92
 57 92
 57 86
 57 36
 56 86
 56 57
 58 51
 58 49
 59 51
 59 93
 57 38
 57 86
 58 55
 58 54
 56 88
 56 87
 59 93
 59 53
 56 39
 56 86
 58 88
 58 86
 58 54
 58 88
 57 52
 57 50
 58 40
 58 86
 56 87
 56 89
 58 50
 58 51
 56 54
 56 53
 58 86
 58 39
 57 55
 57 55
 57 87
 57 89
 56 51
 56 92
 57 37
 57 87
 57 57
 57 87
 55 88
 55 47
 58 93
 58 55
 57 37
 57 37
 58 87
 58 89
 58 49
 58 53
 55 91
 55 91
 58 37
 58 86
 55 53
 55 54
 58 51
 58 88
 58 92
 58 93
 58 87
 58 36
 56 88
 56 87
 58 87
 58 50
 57 50
 57 93
 56 85
 56 86
 58 57
 58 57
 58 88
 58 51
 56 92
 56 93
 58 38
 58 37
 58 56
 58 55
 55 89
 55 55
 58 49
 58 92
 58 40
 58 37
 58 89
 58 87
 56 48
 56 87
 57 91
 57 93
 58 36
 58 86
 57 54
 57 88
 58 54
 58 53
 56 92
 56 53
 57 38
 57 86
 57 89
 57 86
 57 88
 57 88
 58 92
 58 52
 55 86
 55 86
 59 55
 59 56
 57 49
 57 50
 57 92
 57 91
 58 38
 58 39
 56 87
 56 87
 56 88
 56 48
 57 91
 57 52
 56 87
 56 39
 58 88
 58 87
 57 50
 57 53
 57 92
 57 53
 58 39
 58 85
 56 87
 56 87
 58 51
 58 88
 58 51
 58 91
 57 38
 57 40
 55 88
 55 55
 58 88
 58 54
 56 92
 56 52
 57 38
 57 87
 57 87
 57 87
 56 88
 56 48
 58 50
 58 92
 57 87
 57 37
 58 56
 58 89
 56 88
 56 51
 57 50
 57 92
 57 37
 57 39
 56 56
 56 88
 57 51
 57 48
 58 92
 58 92
 55 37
 55 36
 58 88
 58 87
 57 51
 57 89
 57 52
 57 92
 59 38
 59 86
 57 89
 57 56
 56 54
 56 87
 58 51
 58 92
 55 40
 55 36
 57 88
 57 87
 57 89
 57 49
 57 91
 57 92
 56 86
 56 86
 56 88
 56 54
 56 88
 56 87
 57 93
 57 92
 57 39
 57 37
 56 54
 56 87
 57 88
 57 48
 57 53
 57 51
 57 39
 57 37
 55 87
 55 87
 57 88
 57 51
 56 92
 56 92
 57 38
 57 37
 58 88
 58 56
 57 88
 57 49
 57 54
 57 92
 57 87
 57 38
 58 87
 58 55
 56 49
 56 87
 56 93
 56 92
 57 37
 57 87
 58 89
 58 55
 56 88
 56 50
 56 53
 56 91
 57 39
 57 87
 57 86
 57 87
 57 52
 57 53
 57 53
 57 92
 56 37
 56 86
 56 89
 56 88
 57 53
 57 87
 57 91
 57 53
 57 87
 57 86
 55 54
 55 87
 57 47
 57 48
 59 91
 59 92
 58 40
 58 86
 57 57
 57 87
 55 52
 55 48
 58 92
 58 92
 55 86
 55 87
 56 88
 56 88
 58 89
 58 88
 58 54
 58 91
 55 86
 55 86
 56 88
 56 87
 57 53
 57 54
 57 53
 57 91
 57 38
 57 38
 57 55
 57 86
 56 88
 56 88
 59 52
 59 91
 57 87
 57 87
 57 55
 57 87
 57 50
 57 50
 56 53
 56 92
 57 87
 57 86
 56 57
 56 88
 58 51
 58 53
 58 51
 58 52
 57 39
 57 86
 57 57
 57 87
 57 51
 57 89
 55 91
 55 53
 58 87
 58 38
 57 88
 57 87
 57 47
 57 52
 58 91
 58 51
 56 37
 56 87
 56 56
 56 55
 56 88
 56 87
 57 53
 57 91
 57 36
 57 37
 58 56
 58 88
 55 87
 55 88
 58 92
 58 92
 59 38
 59 86
 56 88
 56 86
 58 48
 58 48
 58 91
 58 92
 55 40
 55 39
 56 54
 56 86
 59 49
 59 88
 58 92
 58 92
 56 39
 56 40
 57 88
 57 89
 58 50
 58 49
 56 91
 56 53
 58 41
 58 39
 58 87
 58 87
 57 87
 57 47
 57 91
 57 53
 58 38
 58 38
 58 87
 58 56
 55 50
 55 88
 59 93
 59 92
 56 86
 56 87
 57 54
 57 57
 56 88
 56 49
 55 93
 55 92
 58 86
 58 86
 57 54
 57 87
 56 87
 56 46
 60 92
 60 93
 56 87
 56 87
 56 88
 56 86
 57 89
 57 88
 57 55
 57 51
 57 38
 57 38
 58 88
 58 87
 56 88
 56 88
 58 51
 58 92
 55 87
 55 87
 57 88
 57 54
 58 88
 58 46
 56 92
 56 91
 55 39
 55 40
 59 55
 59 54
 58 53
 58 51
 55 51
 55 92
 56 37
 56 37
 57 55
 57 89
 56 88
 56 48
 58 92
 58 92
 56 87
 56 37
 57 54
 57 55
 56 52
 56 48
 57 92
 57 92
 59 37
 59 39
 55 57
 55 89
 55 48
 55 48
 59 92
 59 91
 56 87
 56 38
 59 55
 59 57
 57 48
 57 88
 58 52
 58 91
 56 38
 56 38
 56 88
 56 88
 58 47
 58 88
 56 52
 56 91
 55 40
 55 40
 57 55
 57 87
 58 53
 58 49
 56 92
 56 52
 58 40
 58 37
 57 88
 57 56
 57 51
 57 87
 58 52
 58 53
 56 86
 56 87
 58 88
 58 89
 56 89
 56 51
 57 53
 57 92
 57 39
 57 86
 56 56
 56 87
 56 52
 56 89
 57 91
 57 91
 57 87
 57 87
 58 88
 58 88
 57 47
 57 51
 57 54
 57 50
 57 39
 57 39
 57 87
 57 57
 57 52
 57 49
 57 53
 57 91
 57 38
 57 87
 56 55
 56 54
 57 48
 57 51
 57 92
 57 93
 56 87
 56 86
 58 87
 58 54
 56 88
 56 48
 58 91
 58 91
 57 40
 57 86
 56 87
 56 88
 57 51
 57 48
 58 92
 58 92
 56 39
 56 37
 56 89
 56 88
 57 87
 57 51
 57 53
 57 92
 56 85
 56 86
 57 56
 57 86
 56 53
 56 46
 58 53
 58 93
 56 86
 56 37
 59 87
 59 89
 58 88
 58 51
 57 91
 57 92
 58 37
 58 86
 57 54
 57 53
 57 48
 57 50
 59 92
 59 51
 56 37
 56 87
 59 57
 59 86
 57 89
 57 51
 56 92
 56 92
 58 40
 58 39
 57 86
 57 88
 59 48
 59 50
 56 92
 56 52
 56 86
 56 39
 57 86
 57 88
 58 87
 58 49
 56 92
 56 92
 57 40
 57 86
 57 54
 57 90
 58 46
 58 53
 57 92
 57 53
 57 86
 57 87
 58 87
 58 55
 57 87
 57 49
 57 92
 57 51
 58 36
 58 86
 58 54
 58 56
 55 49
 55 88
 58 92
 58 92
 58 39
 58 86
 58 86
 58 88
 55 50
 55 50
 56 91
 56 92
 56 37
 56 87
 58 57
 58 87
 58 88
 58 51
 57 93
 57 91
 57 87
 57 85
 57 88
 57 86
 58 47
 58 87
 56 91
 56 91
 56 37
 56 36
 57 53
 57 56
 56 51
 56 48
 56 54
 56 91
 57 87
 57 86
 57 55
 57 57
 55 53
 55 87
 58 51
 58 54
 58 86
 58 39
 57 87
 57 54
 56 89
 56 48
 56 92
 56 50
 60 40
 60 39
 54 54
 54 87
 58 88
 58 50
 57 52
 57 51
 57 37
 57 39
 56 87
 56 89
 58 48
 58 88
 56 51
 56 53
 58 40
 58 86
 56 57
 56 55
 57 46
 57 51
 56 52
 56 92
 57 85
 57 39
 55 87
 55 86
 57 88
 57 48
 57 93
 57 92
 57 40
 57 37
 57 54
 57 88
 57 88
 57 87
 56 92
 56 91
 57 85
 57 87
 58 89
 58 56
 56 87
 56 52
 57 92
 57 92
 56 86
 56 86
 58 87
 58 55
 58 88
 58 49
 56 53
 56 91
 57 86
 57 87
 58 86
 58 88
 58 88
 58 46
 56 93
 56 92
 57 85
 57 87
 57 88
 57 86
 57 89
 57 88
 56 92
 56 91
 59 38
 59 40
 57 86
 57 87
 57 87
 57 51
 57 91
 57 92
 56 86
 56 86
 57 55
 57 56
 56 87
 56 87
 57 91
 57 53
 57 39
 57 86
 57 54
 57 87
 56 87
 56 87
 57 92
 57 53
 57 85
 57 39
 56 55
 56 55
 56 51
 56 88
 55 53
 55 93
 57 86
 57 39
 59 57
 59 88
 57 88
 57 49
 57 91
 57 92
 58 87
 58 39
 56 53
 56 89
 57 47
 57 50
 57 92
 57 52
 56 87
 56 39
 56 55
 56 57
 58 50
 58 51
 58 91
 58 52
 57 38
 57 36
 56 87
 56 57
 59 87
 59 89
 56 92
 56 91
 56 87
 56 86
 57 86
 57 87
 57 88
 57 52
 58 50
 58 92
 57 38
 57 38
 57 88
 57 56
 56 48
 56 88
 56 51
 56 91
 56 86
 56 37
 58 88
 58 57
 56 48
 56 89
 57 91
 57 53
 58 40
 58 37
 56 86
 56 53
 56 45
 56 50
 57 51
 57 53
 58 85
 58 86
 57 55
 57 57
 57 47
 57 51
 57 93
 57 92
 58 86
 58 87
 56 88
 56 86
 57 50
 57 48
 57 92
 57 93
 56 87
 56 37
 56 55
 56 89
 57 50
 57 53
 58 54
 58 52
 59 40
 59 39
 55 86
 55 54
 58 49
 58 88
 56 52
 56 92
 57 86
 57 37
 57 86
 57 89
 58 49
 58 51
 56 91
 56 54
 56 38
 56 40
 59 88
 59 88
 57 49
 57 52
 56 92
 56 92
 57 36
 57 87
 57 56
 57 55
 57 50
 57 88
 58 91
 58 91
 55 39
 55 86
 56 54
 56 53
