 4 3
 4 3
 15 11
 15 11
 50 37
 50 37
 99 92
 99 92
 5 28
 5 28
 18 79
 18 78
 55 64
 55 61
 73 94
 73 91
 58 29
 58 22
 52 80
 52 75
 56 65
 56 49
 59 97
 59 96
 57 15
 57 13
 58 47
 58 83
 56 85
 56 96
 56 53
 56 18
 58 63
 58 64
 58 77
 58 92
 58 86
 58 42
 56 92
 56 94
 57 76
 57 79
 58 91
 58 89
 56 62
 56 43
 56 81
 56 78
 57 31
 57 19
 57 74
 57 66
 56 89
 56 86
 59 51
 59 53
 56 92
 56 92
 56 41
 56 88
 57 51
 57 54
 56 43
 56 38
 58 93
 58 89
 57 40
 57 36
 56 88
 56 92
 58 81
 58 39
 56 66
 56 87
 57 31
 57 78
 57 84
 57 81
 58 45
 58 51
 56 83
 56 97
 57 23
 57 17
 56 75
 56 83
 57 58
 57 84
 55 64
 55 63
 57 84
 57 42
 56 89
 56 53
 58 85
 58 44
 55 59
 55 93
 58 40
 58 38
 57 88
 57 76
 57 41
 57 75
 57 91
 57 90
 56 39
 56 34
 57 59
 57 90
 56 84
 56 83
 58 64
 58 61
 58 31
 58 30
 57 71
 57 71
 58 55
 58 50
 54 74
 54 95
 58 20
 58 27
 57 85
 57 87
 58 74
 58 55
 55 91
 55 79
 57 55
 57 63
 57 81
 57 83
 56 56
 56 54
 58 93
 58 69
 56 61
 56 47
 58 94
 58 93
 57 31
 57 58
 57 81
 57 97
 56 23
 56 38
 57 88
 57 75
 55 85
 55 84
 59 57
 59 90
 57 47
 57 88
 56 89
 56 85
 58 57
 58 91
 57 88
 57 88
 56 54
 56 51
 56 45
 56 46
 59 86
 59 51
 57 40
 57 85
 56 92
 56 54
 58 47
 58 44
 57 90
 57 89
 57 44
 57 86
 59 90
 59 55
 55 87
 55 87
 59 89
 59 92
 56 53
 56 39
 58 57
 58 55
 56 41
 56 43
 56 91
 56 56
 58 40
 58 41
 58 57
 58 55
 57 48
 57 41
 59 91
 59 91
 57 39
 57 43
 55 87
 55 55
 61 43
 61 53
 55 54
 55 92
 58 39
 58 85
 57 57
 57 88
 54 86
 54 53
 59 57
 59 91
 56 84
 56 85
 59 88
 59 56
 57 55
 57 47
 57 92
 57 55
 56 85
 56 86
 58 87
 58 89
 57 48
 57 55
 58 91
 58 92
 57 39
 57 87
 56 88
 56 57
 57 51
 57 88
 58 92
 58 51
 56 85
 56 39
 56 87
 56 86
 58 88
 58 51
 56 92
 56 92
 57 87
 57 85
 55 55
 55 55
 58 48
 58 54
 57 93
 57 54
 58 86
 58 85
 56 56
 56 86
 57 51
 57 87
 58 91
 58 92
 56 85
 56 37
 56 86
 56 58
 57 50
 57 89
 56 92
 56 93
 57 39
 57 86
 57 55
 57 56
 57 88
 57 50
 56 91
 56 92
 57 38
 57 38
 58 89
 58 57
 56 88
 56 51
 56 92
 56 92
 55 39
 55 37
 59 87
 59 58
 57 87
 57 87
 57 92
 57 53
 56 38
 56 85
 58 88
 58 88
 56 87
 56 51
 57 53
 57 53
 56 87
 56 86
 56 88
 56 88
 58 52
 58 53
 58 91
 58 53
 58 86
 58 36
 58 54
 58 55
 57 88
 57 52
 57 92
 57 92
 58 36
 58 36
 56 88
 56 56
 58 55
 58 88
 57 53
 57 92
 57 85
 57 85
 57 54
 57 54
 58 48
 58 87
 57 51
 57 54
 57 35
 57 85
 57 56
 57 87
 58 51
 58 52
 55 92
 55 91
 57 86
 57 39
 58 56
 58 87
 55 50
 55 88
 59 92
 59 51
 56 39
 56 86
 56 86
 56 57
 58 53
 58 88
 57 53
 57 92
 56 86
 56 86
 56 55
 56 56
 57 87
 57 52
 58 91
 58 51
 57 86
 57 36
 57 87
 57 87
 55 51
 55 48
 58 92
 58 92
 58 87
 58 40
 58 87
 58 56
 56 48
 56 53
 58 52
 58 92
 58 38
 58 86
 56 89
 56 56
 57 53
 57 50
 55 92
 55 93
 60 37
 60 37
 56 88
 56 86
 56 89
 56 88
 57 52
 57 92
 58 37
 58 85
 57 86
 57 56
 57 88
 57 88
 57 92
 57 92
 58 86
 58 86
 56 87
 56 56
 57 51
 57 89
 56 91
 56 92
 56 37
 56 39
 56 87
 56 88
 58 88
 58 89
 57 92
 57 51
 56 86
 56 37
 58 88
 58 86
 58 53
 58 53
 56 52
 56 92
 58 37
 58 87
 58 56
 58 86
 57 49
 57 88
 56 91
 56 54
 57 40
 57 39
 57 89
 57 87
 57 87
 57 51
 58 54
 58 54
 58 85
 58 38
 57 88
 57 88
 55 50
 55 50
 56 54
 56 91
 56 36
 56 85
 59 55
 59 86
 56 87
 56 88
 55 91
 55 53
 59 39
 59 86
 56 86
 56 56
 56 88
 56 87
 58 92
 58 93
 57 38
 57 85
 58 88
 58 57
 56 87
 56 51
 57 92
 57 54
 58 85
 58 87
 56 58
 56 57
 55 51
 55 53
 58 92
 58 91
 57 38
 57 85
 56 88
 56 54
 56 87
 56 52
 58 55
 58 91
 57 87
 57 37
 57 87
 57 87
 56 87
 56 87
 58 91
 58 93
 58 37
 58 38
 57 87
 57 87
 57 88
 57 88
 58 91
 58 54
 57 86
 57 39
 56 87
 56 86
 57 88
 57 52
 58 92
 58 92
 56 37
 56 86
 57 86
 57 86
 59 53
 59 87
 58 92
 58 53
 58 86
 58 39
 56 88
 56 55
 56 87
 56 89
 56 91
 56 92
 57 85
 57 86
 56 87
 56 87
 57 88
 57 48
 56 92
 56 92
 58 86
 58 38
 56 86
 56 88
 57 87
 57 47
 59 91
 59 51
 56 39
 56 87
 57 88
 57 56
 57 87
 57 49
 57 93
 57 91
 56 36
 56 86
 56 87
 56 57
 58 88
 58 46
 57 53
 57 91
 57 86
 57 85
 57 86
 57 87
 57 52
 57 87
 57 52
 57 52
 57 86
 57 37
 56 86
 56 85
 57 53
 57 87
 57 93
 57 93
 58 85
 58 39
 55 88
 55 88
 59 47
 59 53
 59 92
 59 92
 55 40
 55 35
 58 55
 58 88
 55 52
 55 48
 58 93
 58 91
 56 39
 56 37
 58 87
 58 86
 56 51
 56 50
 57 92
 57 93
 58 37
 58 86
 58 86
 58 56
 57 50
 57 87
 56 50
 56 92
 58 86
 58 86
 56 88
 56 88
 57 88
 57 88
 57 55
 57 92
 56 40
 56 38
 56 88
 56 56
 58 47
 58 48
 56 91
 56 92
 58 85
 58 36
 56 57
 56 87
 56 53
 56 87
 56 53
 56 91
 58 36
 58 39
 57 55
 57 54
 57 50
 57 88
 56 91
 56 93
 57 37
 57 37
 56 85
 56 56
 57 88
 57 54
 57 92
 57 92
 55 37
 55 39
 57 57
 57 89
 57 48
 57 88
 58 92
 58 92
 57 87
 57 85
 57 88
 57 54
 56 88
 56 53
 57 93
 57 53
 57 37
 57 37
 58 57
 58 55
 57 88
 57 88
 57 92
 57 52
 56 38
 56 37
 57 56
 57 87
 56 49
 56 51
 57 92
 57 93
 58 37
 58 38
 58 88
 58 87
 58 87
 58 87
 55 51
 55 52
 57 86
 57 86
 58 55
 58 55
 58 47
 58 50
 56 52
 56 92
 58 36
 58 36
 57 86
 57 55
 58 46
 58 88
 57 92
 57 92
 57 86
 57 87
 58 57
 58 88
 56 49
 56 50
 58 50
 58 54
 57 37
 57 86
 57 88
 57 55
 59 49
 59 53
 56 56
 56 92
 58 85
 58 37
 56 56
 56 57
 57 88
 57 87
 59 52
 59 52
 55 37
 55 39
 56 57
 56 55
 58 87
 58 87
 57 92
 57 53
 58 36
 58 36
 57 86
 57 85
 56 52
 56 50
 58 92
 58 54
 59 86
 59 38
 55 55
 55 87
 56 49
 56 50
 58 92
 58 92
 57 87
 57 37
 56 87
 56 89
 56 46
 56 52
 57 52
 57 91
 57 86
 57 85
 58 86
 58 89
 58 48
 58 50
 58 92
 58 92
 57 37
 57 86
 57 55
 57 89
 58 88
 58 53
 57 93
 57 91
 57 39
 57 86
 56 55
 56 85
 58 89
 58 50
 57 52
 57 92
 57 35
 57 39
 57 88
 57 55
 56 49
 56 55
 57 93
 57 52
 58 37
 58 36
 57 88
 57 88
 57 51
 57 53
 57 92
 57 92
 55 39
 55 38
 58 58
 58 87
 57 89
 57 51
 56 52
 56 93
 57 86
 57 36
 58 86
 58 55
 57 88
 57 51
 56 53
 56 92
 55 85
 55 85
 58 57
 58 56
 57 53
 57 48
 57 52
 57 91
 57 35
 57 37
 56 88
 56 58
 57 49
 57 53
 58 53
 58 92
 56 86
 56 40
 57 87
 57 88
 57 87
 57 89
 57 93
 57 53
 57 37
 57 36
 56 88
 56 87
 59 88
 59 88
 56 92
 56 92
 57 39
 57 86
 58 88
 58 88
 57 48
 57 88
 57 92
 57 54
 56 39
 56 86
 57 54
 57 86
 55 47
 55 88
 57 52
 57 92
 58 36
 58 85
 57 86
 57 87
 59 51
 59 87
 56 92
 56 91
 57 38
 57 36
 57 57
 57 87
 56 52
 56 86
 57 92
 57 53
 56 87
 56 85
 57 88
 57 55
 57 49
 57 49
 58 52
 58 54
 56 87
 56 86
 57 86
 57 55
 57 52
 57 89
 58 92
 58 54
 55 86
 55 36
 56 56
 56 56
 57 52
 57 50
 57 55
 57 92
 58 36
 58 37
 57 88
 57 87
 56 47
 56 89
 57 51
 57 91
 56 40
 56 85
 56 85
 56 87
 57 87
 57 50
 57 92
 57 91
 58 38
 58 86
 58 58
 58 86
 56 88
 56 51
 58 51
 58 93
 58 86
 58 85
 56 55
 56 87
 56 47
 56 88
 56 92
 56 93
 58 86
 58 86
 58 89
 58 55
 58 87
 58 49
 58 91
 58 91
 56 37
 56 37
 57 88
 57 85
 59 51
 59 51
 55 91
 55 91
 57 85
 57 39
 56 88
 56 57
 58 52
 58 88
 56 91
 56 92
 57 86
 57 87
 56 87
 56 88
 56 50
 56 87
 59 52
 59 92
 58 37
 58 38
 58 56
 58 88
 56 48
 56 48
 57 53
 57 54
 55 37
 55 85
 59 87
 59 88
 55 50
 55 49
 57 92
 57 53
 56 37
 56 37
 57 85
 57 55
 57 51
 57 88
 57 92
 57 92
 56 38
 56 38
 58 55
 58 87
 57 87
 57 51
 58 92
 58 92
 57 85
 57 86
 55 87
 55 88
 57 49
 57 88
 58 92
 58 93
 57 38
 57 36
 57 86
 57 88
 58 53
 58 89
 56 92
 56 53
 56 86
 56 86
 57 88
 57 57
 57 47
 57 53
 55 91
 55 91
 58 38
 58 86
 57 56
 57 88
 56 49
 56 53
 57 52
 57 53
 57 86
 57 37
 58 87
 58 87
 57 50
 57 49
 55 92
 55 92
 58 36
 58 38
 56 56
 56 86
 56 51
 56 47
 57 52
 57 52
 58 39
 58 86
 59 87
 59 88
 58 87
 58 49
 56 92
 56 93
 58 85
 58 38
 57 86
 57 56
 57 53
 57 51
 56 92
 56 93
 58 36
 58 39
 56 86
 56 86
 55 51
 55 87
 58 92
 58 91
 56 36
 56 39
 55 88
 55 56
 57 48
 57 48
 56 93
 56 53
 55 86
 55 39
 57 55
 57 54
 57 88
 57 49
 56 93
 56 93
 58 38
 58 37
 59 89
 59 55
 57 88
 57 53
 58 92
 58 92
 56 87
 56 37
 59 54
 59 88
 56 50
 56 89
 58 92
 58 91
 58 38
 58 40
 57 88
 57 87
 58 88
 58 50
 56 91
 56 92
 58 86
 58 37
 56 55
 56 87
 58 48
 58 50
 57 52
 57 93
 57 38
 57 86
 56 88
 56 87
 57 88
 57 54
 57 52
 57 91
 55 87
 55 36
 58 88
 58 89
 57 87
 57 50
 58 53
 58 54
 58 36
 58 36
 55 86
 55 53
 58 87
 58 48
 55 93
 55 92
 58 36
 58 86
 58 86
 58 87
 58 53
 58 50
 56 91
 56 91
 58 38
 58 36
 57 57
 57 56
 56 46
 56 87
 58 53
 58 92
 58 85
 58 87
 56 57
 56 86
 58 51
 58 51
 58 92
 58 53
 55 37
 55 36
 58 89
 58 86
 58 87
 58 51
 58 52
 58 92
 56 86
 56 39
 57 56
 57 89
 58 88
 58 47
 57 93
 57 92
 58 85
 58 36
 56 57
 56 54
 57 89
 57 88
 57 92
 57 92
 57 38
 57 39
 58 55
 58 57
 55 51
 55 52
 59 93
 59 54
 57 36
 57 85
 57 86
 57 56
 58 89
 58 51
 56 53
 56 91
 56 39
 56 85
 57 56
 57 87
 56 48
 56 50
 58 54
 58 53
 57 37
 57 40
 57 88
 57 56
 58 88
 58 87
 56 52
 56 91
 58 86
 58 86
 58 87
 58 55
 57 88
 57 52
 55 91
 55 91
 58 37
 58 38
 56 88
 56 87
 57 50
 57 88
 57 92
 57 92
 56 36
 56 37
 58 57
 58 57
 57 89
 57 52
 58 92
 58 52
 56 36
 56 86
 57 57
 57 89
 57 49
 57 86
 56 91
 56 91
 57 87
 57 86
 58 88
 58 89
 55 50
 55 53
 58 93
 58 93
 57 36
 57 38
 57 87
 57 88
 59 89
 59 87
 57 91
 57 92
 56 86
 56 37
 58 56
 58 56
 55 50
 55 47
 57 92
 57 92
 57 36
 57 38
 57 57
 57 88
 56 53
 56 89
 56 93
 56 92
 56 37
 56 40
 57 87
 57 89
 57 49
 57 49
 56 92
 56 91
 57 86
 57 87
 57 86
 57 87
 57 51
 57 49
 55 51
 55 93
 57 86
 57 86
 56 89
 56 89
 57 48
 57 50
 58 54
 58 91
 57 38
 57 87
 57 87
 57 56
 57 48
 57 54
 58 92
 58 93
 56 39
 56 36
 56 86
 56 56
 57 87
 57 89
 58 52
 58 91
 56 38
 56 36
 56 86
 56 56
 57 88
 57 49
 57 92
 57 93
 57 37
 57 36
 57 87
 57 55
 56 54
 56 49
 56 53
 56 53
 57 39
 57 87
 57 87
 57 87
 57 50
 57 51
 55 92
 55 92
 57 39
 57 85
 59 57
 59 88
 58 47
 58 87
 57 51
 57 55
 55 39
 55 86
 58 87
 58 58
 55 88
 55 48
 56 51
 56 92
 58 85
 58 37
 58 87
 58 87
 55 50
 55 53
 56 54
 56 54
 57 37
 57 38
 57 56
 57 87
 57 47
 57 53
 57 91
 57 92
 56 87
 56 87
 59 88
 59 55
 57 51
 57 53
 57 93
 57 92
 57 38
 57 38
 56 87
 56 55
 57 52
 57 87
 56 92
 56 92
 58 37
 58 38
 58 56
 58 86
 57 50
 57 54
 57 91
 57 53
 57 39
 57 37
 55 55
 55 55
 58 50
 58 88
 57 92
 57 52
 57 85
 57 37
 58 87
 58 57
 56 52
 56 87
 56 54
 56 91
 56 39
 56 38
 57 88
 57 57
 57 88
 57 53
 58 92
 58 53
 55 39
 55 87
 58 56
 58 87
 59 52
 59 51
 56 92
 56 92
 58 86
 58 85
 58 57
 58 88
 55 53
 55 87
 56 93
 56 92
 59 38
 59 37
 58 57
 58 88
 56 89
 56 88
 57 92
 57 92
 58 39
 58 38
 56 87
 56 55
 58 48
 58 46
 58 92
 58 52
 57 36
 57 86
 57 56
 57 57
 58 89
 58 50
 58 92
 58 92
 55 38
 55 39
 59 55
 59 88
 56 50
 56 53
 57 92
 57 92
 56 86
 56 39
 55 56
 55 87
 58 49
 58 87
 57 55
 57 91
 56 87
 56 87
 60 57
 60 87
 56 49
 56 88
 56 51
 56 92
 57 87
 57 39
 57 56
 57 55
 57 53
 57 49
 58 93
 58 51
 56 86
 56 39
 58 88
 58 55
 55 51
 55 88
 57 92
 57 92
 58 86
 58 86
 56 87
 56 58
 55 53
 55 49
 59 91
 59 50
 58 86
 58 86
 55 88
 55 89
 56 50
 56 50
 57 55
 57 92
 56 86
 56 37
 58 55
 58 89
 56 49
 56 54
 57 51
 57 92
 56 87
 56 35
 57 55
 57 86
 59 52
 59 48
 55 91
 55 92
 55 39
 55 39
 59 88
 59 89
 56 52
 56 87
 59 54
 59 93
 57 35
 57 85
 58 87
 58 88
 56 51
 56 87
 56 91
 56 51
 58 86
 58 39
 56 85
 56 56
 55 51
 55 48
 57 92
 57 92
 58 36
 58 86
 56 59
 56 87
 58 52
 58 50
 57 91
 57 53
 57 38
 57 86
 58 88
 58 55
 56 54
 56 50
 58 91
 58 92
 56 39
 56 38
 57 57
 57 88
 57 88
 57 88
 56 91
 56 53
 56 37
 56 39
 57 56
 57 86
 57 88
 57 46
 58 92
 58 92
 57 39
 57 85
 57 56
 57 86
 57 50
 57 47
 57 54
 57 92
 57 36
 57 86
 57 86
 57 87
 57 46
 57 49
 56 92
 56 91
 57 39
 57 39
 57 87
 57 58
 56 48
 56 88
 58 55
 58 92
 56 85
 56 87
 58 56
 58 88
 57 88
 57 49
 56 52
 56 92
 57 40
 57 39
 58 89
 58 89
 56 87
 56 87
 56 92
 56 53
 57 37
 57 86
 57 87
 57 87
 56 49
 56 88
 57 92
 57 91
 56 36
 56 87
 58 88
 58 56
 56 52
 56 89
 59 92
 59 92
 58 36
 58 37
 57 56
 57 88
 58 51
 58 87
 57 52
 57 91
 57 38
 57 86
 59 88
 59 55
 56 87
 56 48
 59 54
 59 55
 57 36
 57 86
 56 89
 56 87
 58 54
 58 50
 57 91
 57 92
 59 39
 59 85
 56 87
 56 88
 56 49
 56 47
 57 51
 57 92
 58 86
 58 37
 56 88
 56 57
 57 88
 57 49
 57 91
 57 92
 58 39
 58 39
 57 55
 57 57
 57 49
 57 50
 58 53
 58 54
 57 86
 57 38
 57 89
 57 87
 58 54
 58 88
 58 92
 58 54
 55 37
 55 85
 58 55
 58 89
 58 48
 58 87
 58 93
 58 92
 55 86
 55 86
 56 87
 56 87
 56 50
 56 87
 58 54
 58 52
 58 38
 58 86
 57 57
 57 57
 57 51
 57 51
 57 92
 57 91
 58 36
 58 87
 56 87
 56 55
 56 54
 56 47
 57 91
 57 92
 56 39
 56 38
 56 58
 56 86
 57 52
 57 88
 57 92
 57 91
 55 86
 55 38
 58 57
 58 88
 58 52
 58 53
 57 51
 57 93
 56 38
 56 37
 56 86
 56 86
 60 50
 60 51
 54 55
 54 92
 58 39
 58 36
 57 87
 57 56
 57 52
 57 47
 56 51
 56 92
 58 37
 58 36
 56 85
 56 86
 58 87
 58 52
 56 51
 56 92
 57 86
 57 36
 56 87
 56 89
 57 50
 57 88
 55 92
 55 92
 57 86
 57 87
 57 57
 57 88
 57 87
 57 88
 57 56
 57 93
 57 38
 57 85
 56 56
 56 55
 57 88
 57 87
 58 93
 58 93
 56 39
 56 36
 57 58
 57 86
 56 52
 56 88
 58 91
 58 91
 58 39
 58 86
 56 55
 56 86
 57 47
 57 49
 58 93
 58 93
 58 86
 58 38
 56 87
 56 88
 57 53
 57 52
 57 53
 57 53
 57 39
 57 40
 56 87
 56 85
 59 87
 59 88
 57 54
 57 54
 57 86
 57 38
 57 86
 57 87
 56 53
 56 53
 57 56
 57 92
 56 38
 56 86
 57 87
 57 56
 57 88
 57 52
 57 92
 57 93
 56 86
 56 36
 57 87
 57 85
 57 50
 57 87
 56 92
 56 91
 56 36
 56 37
 55 85
 55 55
 57 50
 57 51
 59 52
 59 54
 57 86
 57 85
 57 89
 57 56
 58 50
 58 87
 56 55
 56 53
 57 35
 57 36
 57 86
 57 89
 56 53
 56 50
 56 53
 56 92
 58 39
 58 86
 58 56
 58 58
 57 52
 57 88
 56 53
 56 92
 59 85
 59 39
 56 89
 56 87
 56 51
 56 88
 57 93
 57 92
 57 38
 57 38
 58 87
 58 89
 57 52
 57 89
 57 92
 57 93
 56 37
 56 37
 56 58
 56 56
 56 54
 56 48
 58 53
 58 91
 56 38
 56 36
 57 87
 57 88
 58 48
 58 50
 56 93
 56 53
 56 87
 56 35
 57 88
 57 86
 58 54
 58 88
 57 92
 57 92
 57 36
 57 37
 57 87
 57 55
 58 49
 58 88
 56 53
 56 92
 57 85
 57 87
 57 87
 57 87
 56 50
 56 88
 56 52
 56 52
 57 39
 57 86
 58 88
 58 54
 59 88
 59 49
 55 92
 55 55
 58 36
 58 86
 56 89
 56 57
 57 48
 57 87
 57 92
 57 92
 58 38
 58 86
 56 57
 56 56
 56 49
 56 87
 59 53
 59 93
 57 37
 57 85
 56 87
 56 87
 57 49
 57 89
 57 93
 57 52
 57 86
 57 37
 58 88
 58 87
 55 49
 55 88
 56 93
 56 92
