 3 4
 3 4
 11 15
 10 15
 37 50
 37 50
 93 99
 93 99
 27 5
 28 5
 80 18
 78 18
 65 55
 61 55
 93 73
 91 73
 29 58
 35 58
 88 52
 88 52
 58 56
 59 56
 98 59
 97 59
 18 57
 15 57
 83 58
 59 58
 92 56
 72 56
 79 56
 88 56
 92 58
 90 58
 86 58
 36 58
 60 58
 85 58
 40 56
 42 56
 87 57
 94 57
 64 58
 42 58
 75 56
 91 56
 62 56
 62 56
 94 57
 86 57
 45 57
 30 57
 89 56
 67 56
 59 59
 41 59
 91 56
 95 56
 50 56
 29 56
 94 57
 84 57
 34 56
 37 56
 96 58
 91 58
 25 57
 24 57
 78 56
 91 56
 52 58
 63 58
 92 56
 85 56
 38 57
 65 57
 86 57
 77 57
 22 58
 25 58
 84 56
 77 56
 36 57
 36 57
 87 56
 96 56
 23 57
 45 57
 90 55
 79 55
 42 57
 56 57
 91 56
 79 56
 50 58
 32 58
 96 55
 96 55
 41 58
 58 58
 84 57
 93 57
 40 57
 34 57
 93 57
 90 57
 60 56
 33 56
 88 57
 94 57
 18 56
 21 56
 93 58
 83 58
 72 58
 56 58
 95 57
 95 57
 58 58
 27 58
 94 54
 96 54
 60 58
 23 58
 94 57
 75 57
 31 58
 29 58
 96 55
 83 55
 29 57
 55 57
 95 57
 89 57
 33 56
 61 56
 85 58
 96 58
 56 56
 51 56
 93 58
 77 58
 31 57
 24 57
 96 57
 82 57
 25 56
 48 56
 93 57
 96 57
 26 55
 26 55
 84 59
 87 59
 56 57
 44 57
 96 56
 94 56
 45 58
 28 58
 73 57
 71 57
 61 56
 46 56
 86 56
 93 56
 52 59
 71 59
 95 57
 95 57
 21 56
 47 56
 74 58
 71 58
 76 57
 73 57
 91 57
 76 57
 77 59
 66 59
 95 55
 93 55
 39 59
 27 59
 93 56
 81 56
 36 58
 50 58
 94 56
 93 56
 28 56
 28 56
 90 58
 95 58
 27 58
 51 58
 96 57
 95 57
 32 59
 58 59
 91 57
 88 57
 34 55
 40 55
 93 61
 89 61
 43 55
 31 55
 95 58
 73 58
 30 57
 41 57
 76 54
 83 54
 25 59
 26 59
 79 56
 83 56
 56 59
 48 59
 73 57
 95 57
 71 57
 71 57
 90 56
 96 56
 37 58
 43 58
 94 57
 77 57
 22 58
 45 58
 83 57
 77 57
 34 56
 64 56
 90 57
 97 57
 25 58
 48 58
 74 56
 84 56
 78 56
 37 56
 91 58
 86 58
 35 56
 22 56
 87 57
 95 57
 27 55
 65 55
 82 58
 86 58
 23 57
 54 57
 75 58
 80 58
 47 56
 28 56
 93 57
 96 57
 29 58
 23 58
 87 56
 95 56
 39 56
 26 56
 78 57
 77 57
 66 56
 49 56
 83 57
 85 57
 17 57
 23 57
 77 57
 72 57
 74 56
 84 56
 70 57
 76 57
 72 58
 56 58
 92 56
 96 56
 36 56
 30 56
 91 55
 92 55
 21 59
 55 59
 73 57
 74 57
 74 57
 38 57
 89 56
 90 56
 53 58
 22 58
 85 56
 78 56
 23 57
 21 57
 78 56
 71 56
 43 56
 33 56
 82 58
 80 58
 56 58
 55 58
 89 58
 90 58
 50 58
 25 58
 86 57
 75 57
 36 57
 33 57
 93 58
 90 58
 45 56
 39 56
 95 58
 74 58
 23 57
 63 57
 77 57
 76 57
 59 57
 65 57
 96 58
 84 58
 47 57
 25 57
 80 57
 89 57
 39 57
 39 57
 75 58
 61 58
 63 55
 73 55
 90 57
 89 57
 61 58
 38 58
 94 55
 94 55
 55 59
 56 59
 93 56
 93 56
 29 56
 27 56
 85 58
 84 58
 41 57
 57 57
 95 56
 89 56
 45 56
 53 56
 87 57
 72 57
 37 58
 72 58
 82 57
 75 57
 24 57
 25 57
 92 55
 93 55
 58 58
 41 58
 78 58
 84 58
 58 58
 40 58
 90 56
 93 56
 23 58
 35 58
 89 58
 80 58
 34 56
 35 56
 91 57
 80 57
 25 55
 23 55
 95 60
 95 60
 60 56
 40 56
 91 56
 94 56
 49 57
 25 57
 92 58
 94 58
 36 57
 37 57
 94 57
 95 57
 44 57
 51 57
 95 58
 77 58
 50 56
 54 56
 73 57
 78 57
 30 56
 51 56
 89 56
 91 56
 30 56
 35 56
 90 58
 75 58
 25 57
 23 57
 89 56
 90 56
 42 58
 60 58
 78 58
 96 58
 28 56
 20 56
 77 58
 91 58
 64 58
 53 58
 86 57
 86 57
 44 56
 38 56
 87 57
 77 57
 24 57
 36 57
 95 57
 94 57
 33 58
 43 58
 88 58
 89 58
 46 57
 53 57
 90 55
 91 55
 52 56
 35 56
 93 56
 96 56
 24 59
 32 59
 91 56
 71 56
 26 55
 50 55
 91 59
 93 59
 52 56
 45 56
 86 56
 83 56
 29 58
 20 58
 70 57
 82 57
 36 58
 75 58
 95 56
 91 56
 56 57
 42 57
 89 58
 91 58
 59 56
 41 56
 97 55
 91 55
 36 58
 25 58
 93 57
 72 57
 75 56
 78 56
 79 56
 69 56
 51 58
 37 58
 94 57
 84 57
 47 57
 36 57
 86 56
 96 56
 23 58
 48 58
 92 58
 69 58
 70 57
 42 57
 89 57
 93 57
 51 58
 42 58
 83 57
 86 57
 54 56
 28 56
 91 57
 93 57
 74 58
 72 58
 86 56
 88 56
 38 57
 31 57
 84 59
 82 59
 44 58
 27 58
 87 58
 93 58
 25 56
 54 56
 75 56
 88 56
 34 56
 56 56
 79 57
 90 57
 47 56
 55 56
 95 57
 96 57
 25 56
 41 56
 75 58
 77 58
 38 56
 63 56
 87 57
 76 57
 36 59
 71 59
 92 56
 90 56
 39 57
 48 57
 92 57
 95 57
 32 57
 36 57
 76 56
 88 56
 50 56
 48 56
 95 58
 97 58
 19 57
 37 57
 74 57
 84 57
 59 57
 55 57
 95 57
 94 57
 35 57
 20 57
 96 57
 91 57
 41 56
 51 56
 79 57
 92 57
 26 57
 56 57
 93 58
 97 58
 19 55
 19 55
 83 59
 72 59
 81 59
 51 59
 92 55
 73 55
 42 58
 83 58
 93 55
 91 55
 41 58
 32 58
 93 56
 68 56
 36 58
 41 58
 92 56
 92 56
 22 57
 20 57
 93 58
 90 58
 68 58
 42 58
 91 57
 81 57
 22 56
 43 56
 70 58
 95 58
 42 56
 23 56
 79 57
 85 57
 43 57
 63 57
 95 56
 95 56
 26 56
 52 56
 83 58
 79 58
 53 56
 76 56
 89 58
 82 58
 40 56
 28 56
 79 56
 95 56
 41 56
 55 56
 72 58
 87 58
 58 57
 57 57
 90 57
 94 57
 46 56
 50 56
 86 57
 93 57
 46 56
 42 56
 89 57
 93 57
 40 57
 68 57
 96 55
 96 55
 50 57
 50 57
 75 57
 89 57
 32 58
 49 58
 84 57
 77 57
 38 57
 63 57
 94 56
 95 56
 31 57
 19 57
 66 57
 72 57
 84 58
 42 58
 92 57
 70 57
 80 57
 78 57
 93 56
 93 56
 46 57
 85 57
 57 56
 70 56
 75 57
 41 57
 65 58
 93 58
 46 58
 32 58
 93 58
 86 58
 33 55
 38 55
 97 57
 81 57
 21 58
 21 58
 90 58
 80 58
 78 56
 58 56
 81 58
 94 58
 25 57
 44 57
 95 58
 78 58
 46 57
 58 57
 65 57
 65 57
 57 58
 74 58
 91 56
 61 56
 42 58
 72 58
 88 57
 87 57
 29 57
 75 57
 96 59
 86 59
 31 56
 59 56
 92 58
 94 58
 39 56
 32 56
 80 57
 93 57
 27 59
 33 59
 83 55
 90 55
 41 56
 50 56
 95 58
 93 58
 56 57
 27 57
 90 58
 93 58
 23 57
 37 57
 94 56
 71 56
 38 58
 55 58
 85 59
 82 59
 46 55
 56 55
 97 56
 80 56
 22 58
 37 58
 64 57
 63 57
 38 56
 81 56
 88 56
 89 56
 47 57
 44 57
 58 57
 93 57
 33 58
 57 58
 87 58
 76 58
 29 58
 42 58
 88 57
 95 57
 23 57
 24 57
 72 58
 87 58
 74 57
 43 57
 92 57
 90 57
 33 56
 25 56
 78 58
 86 58
 27 57
 26 57
 80 57
 89 57
 54 57
 53 57
 96 56
 82 56
 45 57
 24 57
 79 58
 78 58
 41 57
 59 57
 78 57
 80 57
 38 57
 53 57
 92 55
 94 55
 37 58
 57 58
 82 57
 79 57
 64 56
 56 56
 91 57
 96 57
 23 58
 22 58
 95 57
 75 57
 43 56
 55 56
 96 55
 86 55
 33 58
 25 58
 95 57
 94 57
 37 57
 33 57
 91 57
 89 57
 56 56
 34 56
 91 57
 96 57
 19 58
 21 58
 68 56
 93 56
 79 57
 79 57
 85 57
 93 57
 36 57
 39 57
 89 57
 83 57
 25 56
 48 56
 85 59
 84 59
 25 56
 50 56
 96 57
 82 57
 37 58
 24 58
 77 57
 87 57
 28 57
 55 57
 94 56
 96 56
 55 57
 26 57
 82 55
 73 55
 24 57
 48 57
 94 58
 73 58
 63 57
 35 57
 84 59
 95 59
 30 56
 33 56
 83 57
 93 57
 61 57
 51 57
 93 56
 95 56
 23 57
 45 57
 95 56
 77 56
 54 57
 29 57
 93 57
 91 57
 49 58
 50 58
 96 56
 96 56
 37 57
 51 57
 72 57
 93 57
 77 58
 39 58
 92 55
 91 55
 48 56
 50 56
 92 57
 89 57
 39 57
 28 57
 92 58
 84 58
 46 57
 58 57
 92 56
 89 56
 43 57
 20 57
 73 56
 67 56
 85 56
 80 56
 59 57
 63 57
 68 57
 85 57
 57 58
 72 58
 44 58
 46 58
 89 56
 90 56
 44 58
 52 58
 50 58
 90 58
 43 56
 88 56
 49 56
 90 56
 46 56
 88 56
 50 58
 90 58
 46 58
 89 58
 89 58
 89 58
 48 58
 44 58
 90 56
 90 56
 44 57
 43 57
 51 59
 50 59
 43 55
 88 55
 90 57
 68 57
 45 56
 89 56
 52 58
 50 58
 44 56
 89 56
 90 57
 50 57
 89 56
 42 56
 52 56
 50 56
 88 59
 45 59
 90 58
 52 58
 89 58
 43 58
 49 56
 90 56
 89 57
 88 57
 49 55
 49 55
 88 59
 44 59
 90 55
 90 55
 89 57
 88 57
 50 56
 90 56
 45 57
 45 57
 90 57
 89 57
 41 57
 44 57
 49 56
 51 56
 88 58
 44 58
 50 57
 49 57
 88 58
 44 58
 50 57
 89 57
 46 55
 42 55
 91 57
 89 57
 45 58
 43 58
 91 57
 91 57
 89 57
 43 57
 89 58
 90 58
 88 56
 87 56
 90 56
 90 56
 43 57
 45 57
 51 57
 89 57
 46 55
 44 55
 50 58
 90 58
 44 57
 46 57
 51 56
 90 56
 88 57
 89 57
 90 57
 51 57
 43 58
 44 58
 52 57
 52 57
 46 55
 46 55
 49 58
 90 58
 88 56
 41 56
 90 56
 89 56
 89 57
 42 57
 51 58
 90 58
 88 59
 45 59
 50 58
 52 58
 88 56
 44 56
 52 58
 90 58
 45 57
 89 57
 51 57
 89 57
 88 56
 48 56
 90 58
 51 58
 88 56
 88 56
 90 55
 49 55
 89 58
 89 58
 51 56
 89 56
 45 55
 43 55
 50 57
 88 57
 89 56
 89 56
 90 55
 50 55
 44 57
 44 57
 89 57
 89 57
 89 56
 88 56
 90 58
 51 58
 88 59
 42 59
 51 57
 90 57
 42 58
 43 58
 91 56
 90 56
 44 59
 89 59
 51 56
 49 56
 43 58
 47 58
 90 58
 90 58
 88 57
 44 57
 51 58
 50 58
 88 56
 46 56
 89 58
 90 58
 44 56
 44 56
 90 58
 50 58
 46 57
 46 57
 51 57
 90 57
 88 56
 45 56
 90 57
 51 57
 87 57
 44 57
 51 55
 50 55
 47 58
 88 58
 90 57
 90 57
 89 58
 42 58
 50 58
 50 58
 89 55
 44 55
 51 58
 50 58
 88 55
 88 55
 90 58
 89 58
 43 58
 88 58
 49 58
 88 58
 89 56
 88 56
 90 58
 51 58
 45 57
 88 57
 50 56
 90 56
 44 58
 89 58
 90 58
 51 58
 41 56
 88 56
 89 58
 89 58
 88 58
 88 58
 90 55
 50 55
 88 58
 88 58
 91 58
 90 58
 44 58
 41 58
 89 56
 49 56
 44 57
 46 57
 49 58
 89 58
 88 57
 44 57
 89 58
 90 58
 47 56
 45 56
 89 57
 89 57
 45 57
 44 57
 50 57
 50 57
 89 58
 41 58
 90 55
 49 55
 44 59
 47 59
 51 57
 88 57
 45 57
 46 57
 89 58
 90 58
 88 56
 88 56
 90 56
 50 56
 45 57
 89 57
 89 56
 49 56
 88 58
 45 58
 90 57
 89 57
 88 57
 43 57
 50 58
 90 58
 89 56
 88 56
 91 58
 49 58
 88 58
 45 58
 88 57
 50 57
 88 55
 88 55
 91 58
 51 58
 45 56
 89 56
 51 57
 90 57
 88 57
 42 57
 49 56
 90 56
 43 58
 45 58
 90 57
 50 57
 45 58
 44 58
 90 56
 89 56
 42 57
 47 57
 90 57
 52 57
 42 56
 44 56
 49 57
 52 57
 44 58
 43 58
 89 55
 90 55
 88 58
 89 58
 90 57
 51 57
 88 57
 88 57
 51 59
 51 59
 89 57
 89 57
 53 56
 52 56
 42 58
 44 58
 91 55
 90 55
 42 57
 88 57
 48 57
 90 57
 42 57
 88 57
 89 56
 91 56
 88 56
 89 56
 90 56
 89 56
 47 57
 87 57
 90 57
 91 57
 42 56
 45 56
 89 57
 90 57
 43 57
 47 57
 90 57
 49 57
 45 55
 88 55
 91 57
 49 57
 88 56
 45 56
 51 57
 51 57
 46 58
 43 58
 89 57
 50 57
 42 57
 89 57
 51 57
 90 57
 44 58
 45 58
 89 56
 88 56
 46 56
 46 56
 89 57
 49 57
 43 58
 44 58
 90 56
 90 56
 89 56
 87 56
 90 57
 50 57
 44 57
 45 57
 49 57
 90 57
 44 57
 44 57
 49 56
 90 56
 88 56
 44 56
 90 57
 91 57
 88 57
 87 57
 89 57
 50 57
 88 55
 87 55
 50 57
 51 57
 44 59
 46 59
 51 58
 50 58
 44 57
 41 57
 51 55
 91 55
 88 58
 89 58
 50 55
 90 55
 45 56
 43 56
 90 58
 90 58
 43 58
 44 58
 49 55
 90 55
 44 56
 41 56
 89 57
 90 57
 46 57
 89 57
 49 57
 50 57
 43 57
 87 57
 89 56
 90 56
 89 59
 88 59
 50 57
 52 57
 43 57
 43 57
 90 57
 49 57
 44 56
 46 56
 90 57
 90 57
 89 56
 88 56
 89 58
 49 58
 89 58
 88 58
 90 57
 90 57
 44 57
 44 57
 91 57
 89 57
 88 55
 45 55
 48 58
 50 58
 42 57
 88 57
 50 57
 50 57
 88 58
 88 58
 49 56
 49 56
 46 56
 43 56
 91 56
 51 56
 88 57
 42 57
 51 57
 90 57
 47 58
 48 58
 50 55
 49 55
 44 58
 47 58
 89 59
 90 59
 89 56
 43 56
 50 58
 91 58
 89 58
 88 58
 91 55
 52 55
 45 56
 88 56
 90 59
 50 59
 89 58
 43 58
 49 56
 89 56
 88 57
 89 57
 89 58
 89 58
 43 56
 88 56
 91 58
 90 58
 89 58
 88 58
 51 57
 49 57
 88 57
 44 57
 89 58
 90 58
 88 58
 45 58
 90 55
 52 55
 41 59
 44 59
 89 56
 90 56
 88 57
 44 57
 49 56
 91 56
 89 55
 45 55
 50 58
 90 58
 89 57
 45 57
 50 56
 52 56
 89 60
 43 60
 89 56
 89 56
 88 56
 88 56
 91 57
 49 57
 45 57
 88 57
 89 57
 50 57
 45 58
 88 58
 50 56
 91 56
 43 58
 47 58
 90 55
 50 55
 45 57
 45 57
 49 58
 51 58
 43 56
 43 56
 90 55
 49 55
 89 59
 88 59
 90 58
 49 58
 88 55
 88 55
 89 56
 50 56
 88 57
 44 57
 51 56
 90 56
 43 58
 47 58
 52 56
 90 56
 88 57
 89 57
 90 56
 52 56
 89 57
 88 57
 50 59
 50 59
 41 55
 87 55
 90 55
 90 55
 45 59
 45 59
 52 56
 49 56
 89 59
 88 59
 90 57
 91 57
 42 58
 46 58
 49 56
 91 56
 47 56
 87 56
 51 58
 50 58
 87 56
 88 56
 52 55
 49 55
 89 57
 45 57
 52 58
 89 58
 47 56
 88 56
 91 58
 52 58
 44 57
 46 57
 90 57
 90 57
 88 58
 88 58
 49 56
 90 56
 89 58
 87 58
 89 56
 91 56
 87 57
 45 57
 49 57
 49 57
 46 56
 89 56
 52 56
 89 56
 89 57
 45 57
 89 57
 90 57
 89 58
 88 58
 51 57
 90 57
 43 57
 88 57
 52 57
 90 57
 44 57
 45 57
 50 57
 90 57
 88 57
 46 57
 50 57
 51 57
 89 56
 45 56
 51 57
 89 57
 89 57
 43 57
 90 56
 52 56
 88 58
 45 58
 90 56
 90 56
 88 58
 88 58
 91 57
 90 57
 88 56
 88 56
 91 57
 90 57
 43 58
 89 58
 51 56
 90 56
 44 56
 89 56
 50 57
 89 57
 43 57
 88 57
 51 56
 49 56
 43 57
 44 57
 91 56
 49 56
 42 58
 43 58
 90 56
 51 56
 41 59
 88 59
 90 58
 89 58
 44 57
 45 57
 89 58
 90 58
 89 57
 89 57
 50 57
 89 57
 88 59
 88 59
 50 56
 90 56
 46 59
 44 59
 51 57
 91 57
 45 56
 45 56
 89 58
 92 58
 88 57
 88 57
 50 59
 89 59
 88 56
 42 56
 90 56
 52 56
 41 57
 43 57
 90 58
 90 58
 88 56
 44 56
 51 57
 53 57
 43 57
 44 57
 49 58
 51 58
 88 57
 88 57
 51 57
 50 57
 43 58
 42 58
 90 57
 90 57
 45 57
 44 57
 91 58
 91 58
 88 58
 42 58
 53 55
 90 55
 44 58
 88 58
 90 58
 52 58
 45 58
 88 58
 90 55
 90 55
 44 56
 45 56
 89 56
 50 56
 44 58
 88 58
 90 58
 50 58
 88 57
 43 57
 52 57
 90 57
 89 57
 88 57
 51 58
 49 58
 43 56
 43 56
 51 56
 91 56
 88 57
 89 57
 90 56
 90 56
 88 56
 87 56
 49 57
 90 57
 41 57
 89 57
 90 55
 50 55
 42 58
 45 58
 50 58
 50 58
 44 57
 88 57
 89 56
 90 56
 88 56
 43 56
 52 60
 51 60
 44 54
 89 54
 52 58
 51 58
 88 57
 88 57
 52 57
 90 57
 89 56
 46 56
 91 58
 51 58
 45 56
 89 56
 53 58
 89 58
 45 56
 88 56
 49 57
 50 57
 46 56
 88 56
 90 57
 89 57
 42 55
 46 55
 50 57
 51 57
 42 57
 44 57
 89 57
 88 57
 45 57
 44 57
 90 57
 51 57
 44 56
 88 56
 51 57
 49 57
 42 58
 45 58
 50 56
 88 56
 88 57
 45 57
 90 56
 51 56
 44 58
 46 58
 90 58
 90 58
 88 56
 45 56
 50 57
 91 57
 88 58
 44 58
 52 58
 89 58
 44 56
 88 56
 52 57
 91 57
 88 57
 87 57
 49 57
 51 57
 45 56
 46 56
 89 59
 89 59
 44 57
 89 57
 51 57
 52 57
 46 57
 44 57
 91 56
 52 56
 44 57
 44 57
 90 56
 51 56
 88 57
 43 57
 89 57
 50 57
 45 57
 88 57
 91 56
 91 56
 88 57
 88 57
 89 57
 91 57
 45 56
 42 56
 90 56
 51 56
 88 55
 44 55
 90 57
 51 57
 46 59
 88 59
 89 57
 90 57
 88 57
 43 57
 50 58
 50 58
 43 56
 43 56
 90 57
 91 57
 49 57
 41 57
 49 56
 51 56
 45 56
 42 56
 89 58
 90 58
 45 58
 88 58
 89 57
 89 57
 44 56
 89 56
 51 59
 90 59
 44 56
 88 56
 53 56
 90 56
 44 57
 47 57
 89 57
 51 57
 42 58
 47 58
 90 57
 90 57
 45 57
 45 57
 51 56
 88 56
 42 56
 88 56
 51 56
 90 56
 89 58
 88 58
 91 56
 89 56
 46 57
 45 57
 52 58
 50 58
 88 56
 42 56
 90 56
 89 56
 45 57
 88 57
 51 58
 52 58
 88 57
 48 57
 90 57
 90 57
 44 57
 88 57
 52 58
 52 58
 88 56
 89 56
 91 57
 90 57
 89 57
 89 57
 51 56
 89 56
 44 56
 42 56
 52 57
 90 57
 44 58
 45 58
 52 59
 49 59
 89 55
 88 55
 89 58
 53 58
 48 56
 45 56
 89 57
 49 57
 88 57
 89 57
 51 58
 91 58
 89 56
 88 56
 52 56
 52 56
 89 59
 89 59
 51 57
 52 57
 88 56
 89 56
 51 57
 89 57
 87 57
 88 57
 90 57
 89 57
 49 58
 44 58
 91 55
 89 55
 45 56
 46 56
