 3 4
 3 4
 11 15
 10 15
 37 50
 37 50
 93 99
 93 99
 26 5
 27 5
 78 18
 78 18
 64 55
 64 55
 91 73
 92 73
 30 58
 30 58
 80 52
 76 52
 55 56
 44 56
 95 59
 91 59
 29 57
 30 57
 74 58
 54 58
 96 56
 96 56
 29 56
 21 56
 93 58
 75 58
 70 58
 77 58
 82 58
 88 58
 44 56
 27 56
 93 57
 83 57
 35 58
 16 58
 80 56
 92 56
 81 56
 79 56
 72 57
 94 57
 53 57
 34 57
 73 56
 71 56
 42 59
 60 59
 80 56
 95 56
 45 56
 43 56
 95 57
 95 57
 60 56
 50 56
 87 58
 88 58
 23 57
 52 57
 94 56
 96 56
 43 58
 23 58
 70 56
 93 56
 36 57
 69 57
 89 57
 89 57
 34 58
 28 58
 92 56
 87 56
 17 57
 20 57
 74 56
 92 56
 69 57
 79 57
 92 55
 77 55
 84 57
 76 57
 88 56
 94 56
 58 58
 41 58
 90 55
 63 55
 77 58
 34 58
 68 57
 84 57
 35 57
 62 57
 91 57
 83 57
 49 56
 25 56
 92 57
 90 57
 71 56
 70 56
 86 58
 88 58
 50 58
 40 58
 96 57
 79 57
 25 58
 33 58
 92 54
 73 54
 58 58
 60 58
 91 57
 74 57
 41 58
 43 58
 93 55
 94 55
 60 57
 46 57
 87 57
 90 57
 40 56
 22 56
 72 58
 94 58
 29 56
 25 56
 87 58
 84 58
 42 57
 47 57
 87 57
 95 57
 23 56
 27 56
 85 57
 86 57
 59 55
 53 55
 95 59
 95 59
 32 57
 21 57
 70 56
 77 56
 74 58
 78 58
 95 57
 87 57
 40 56
 53 56
 95 56
 94 56
 32 59
 22 59
 67 57
 76 57
 70 56
 75 56
 79 58
 93 58
 69 57
 32 57
 93 57
 88 57
 19 59
 36 59
 71 55
 93 55
 57 59
 33 59
 95 56
 96 56
 44 58
 48 58
 77 56
 77 56
 27 56
 49 56
 94 58
 88 58
 34 58
 30 58
 92 57
 94 57
 36 59
 20 59
 86 57
 67 57
 68 55
 62 55
 72 61
 95 61
 25 55
 36 55
 79 58
 94 58
 57 57
 42 57
 93 54
 95 54
 43 59
 43 59
 87 56
 75 56
 42 59
 75 59
 95 57
 85 57
 49 57
 42 57
 79 56
 94 56
 43 58
 24 58
 95 57
 78 57
 39 58
 45 58
 95 57
 91 57
 22 56
 21 56
 85 57
 92 57
 67 58
 80 58
 89 56
 89 56
 38 56
 61 56
 96 58
 86 58
 30 56
 23 56
 87 57
 76 57
 38 55
 33 55
 93 58
 79 58
 30 57
 29 57
 81 58
 95 58
 23 56
 55 56
 80 57
 95 57
 50 58
 30 58
 82 56
 90 56
 44 56
 45 56
 93 57
 71 57
 79 56
 69 56
 88 57
 93 57
 54 57
 40 57
 88 57
 95 57
 42 56
 51 56
 85 57
 66 57
 72 58
 63 58
 87 56
 84 56
 51 56
 29 56
 86 55
 91 55
 32 59
 61 59
 78 57
 90 57
 57 57
 64 57
 91 56
 92 56
 21 58
 44 58
 82 56
 94 56
 57 57
 34 57
 90 56
 93 56
 55 56
 29 56
 75 58
 90 58
 36 58
 69 58
 89 58
 96 58
 40 58
 22 58
 77 57
 72 57
 38 57
 28 57
 95 58
 94 58
 25 56
 48 56
 96 58
 92 58
 25 57
 21 57
 87 57
 88 57
 74 57
 38 57
 84 58
 92 58
 53 57
 40 57
 80 57
 94 57
 38 57
 49 57
 72 58
 77 58
 49 55
 58 55
 93 57
 82 57
 30 58
 41 58
 93 55
 90 55
 22 59
 38 59
 93 56
 95 56
 43 56
 57 56
 94 58
 91 58
 43 57
 40 57
 95 56
 94 56
 50 56
 66 56
 81 57
 81 57
 62 58
 48 58
 89 57
 96 57
 18 57
 22 57
 92 55
 92 55
 79 58
 82 58
 62 58
 81 58
 77 58
 42 58
 91 56
 89 56
 35 58
 37 58
 88 58
 93 58
 70 56
 54 56
 95 57
 91 57
 27 55
 21 55
 77 60
 94 60
 39 56
 37 56
 90 56
 78 56
 61 57
 28 57
 93 58
 96 58
 51 57
 51 57
 74 57
 95 57
 29 57
 43 57
 89 58
 95 58
 44 56
 26 56
 94 57
 75 57
 64 56
 26 56
 73 56
 93 56
 61 56
 56 56
 97 58
 92 58
 36 57
 28 57
 85 56
 91 56
 35 58
 33 58
 84 58
 92 58
 64 56
 66 56
 92 58
 74 58
 47 58
 59 58
 90 57
 94 57
 32 56
 34 56
 95 57
 90 57
 40 57
 25 57
 95 57
 88 57
 55 58
 52 58
 90 58
 95 58
 20 57
 31 57
 88 55
 72 55
 72 56
 45 56
 94 56
 87 56
 37 59
 44 59
 95 56
 76 56
 47 55
 58 55
 87 59
 94 59
 32 56
 49 56
 96 56
 94 56
 21 58
 44 58
 71 57
 71 57
 81 58
 79 58
 89 56
 78 56
 70 57
 70 57
 93 58
 77 58
 41 56
 30 56
 84 55
 88 55
 48 58
 26 58
 96 57
 94 57
 48 56
 52 56
 68 56
 84 56
 56 58
 80 58
 86 57
 87 57
 44 57
 71 57
 85 56
 84 56
 30 58
 34 58
 76 58
 87 58
 28 57
 29 57
 96 57
 87 57
 26 58
 40 58
 83 57
 93 57
 32 56
 31 56
 95 57
 88 57
 47 58
 47 58
 85 56
 95 56
 52 57
 23 57
 76 59
 90 59
 37 58
 77 58
 95 58
 96 58
 51 56
 62 56
 97 56
 95 56
 40 56
 35 56
 85 57
 93 57
 54 56
 60 56
 71 57
 94 57
 28 56
 67 56
 78 58
 84 58
 26 56
 43 56
 93 57
 92 57
 24 59
 36 59
 80 56
 95 56
 61 57
 60 57
 89 57
 81 57
 24 57
 52 57
 90 56
 94 56
 29 56
 31 56
 95 58
 84 58
 51 57
 41 57
 86 57
 88 57
 36 57
 36 57
 85 57
 82 57
 33 57
 27 57
 86 57
 85 57
 28 56
 26 56
 77 57
 95 57
 66 57
 43 57
 86 58
 85 58
 47 55
 41 55
 73 59
 87 59
 26 59
 28 59
 92 55
 95 55
 56 58
 59 58
 89 55
 81 55
 40 58
 29 58
 94 56
 92 56
 70 58
 75 58
 94 56
 94 56
 40 57
 39 57
 95 58
 91 58
 32 58
 23 58
 88 57
 65 57
 63 56
 50 56
 89 58
 71 58
 56 56
 28 56
 89 57
 90 57
 33 57
 28 57
 94 56
 94 56
 64 56
 54 56
 93 58
 85 58
 46 56
 50 56
 85 58
 74 58
 67 56
 70 56
 92 56
 86 56
 28 56
 45 56
 95 58
 98 58
 18 57
 24 57
 72 57
 86 57
 45 56
 67 56
 60 57
 89 57
 74 56
 92 56
 39 57
 41 57
 55 57
 90 57
 36 55
 87 55
 56 57
 90 57
 46 57
 84 57
 89 58
 88 58
 82 57
 41 57
 67 57
 65 57
 35 56
 76 56
 94 57
 90 57
 68 57
 47 57
 96 58
 96 58
 16 57
 20 57
 67 57
 86 57
 64 56
 52 56
 84 57
 91 57
 76 56
 41 56
 85 57
 73 57
 71 58
 48 58
 95 58
 94 58
 45 58
 27 58
 95 55
 86 55
 29 57
 28 57
 88 58
 96 58
 39 58
 53 58
 78 56
 79 56
 81 58
 36 58
 85 57
 93 57
 31 58
 34 58
 90 57
 96 57
 26 57
 61 57
 85 58
 88 58
 64 56
 24 56
 96 58
 78 58
 48 57
 24 57
 94 57
 89 57
 71 59
 34 59
 87 56
 85 56
 42 58
 55 58
 95 56
 96 56
 52 57
 45 57
 77 59
 69 59
 39 55
 43 55
 74 56
 63 56
 73 58
 59 58
 93 57
 78 57
 64 58
 43 58
 78 57
 86 57
 31 56
 32 56
 88 58
 89 58
 24 59
 60 59
 92 55
 95 55
 57 56
 68 56
 90 58
 93 58
 25 57
 31 57
 94 56
 82 56
 56 56
 39 56
 90 57
 94 57
 51 57
 46 57
 89 58
 68 58
 56 58
 51 58
 82 58
 95 58
 54 57
 43 57
 96 57
 96 57
 25 58
 20 58
 92 57
 90 57
 84 57
 80 57
 65 56
 68 56
 44 58
 82 58
 70 57
 91 57
 40 57
 41 57
 90 57
 88 57
 46 56
 43 56
 91 57
 91 57
 68 58
 82 58
 56 57
 75 57
 40 57
 46 57
 55 57
 89 57
 86 55
 37 55
 92 58
 58 58
 45 57
 83 57
 91 56
 89 56
 40 57
 80 57
 90 58
 91 58
 79 57
 42 57
 94 56
 95 56
 68 55
 26 55
 92 58
 82 58
 49 57
 34 57
 92 57
 94 57
 13 57
 19 57
 55 56
 54 56
 88 57
 92 57
 79 58
 31 58
 95 56
 95 56
 28 57
 45 57
 95 57
 96 57
 20 57
 49 57
 81 57
 69 57
 30 56
 64 56
 94 59
 81 59
 25 56
 51 56
 96 57
 96 57
 18 58
 19 58
 67 57
 82 57
 79 57
 80 57
 56 56
 81 56
 50 57
 90 57
 45 55
 71 55
 52 57
 51 57
 86 58
 43 58
 53 57
 90 57
 87 59
 87 59
 92 56
 58 56
 85 57
 86 57
 63 57
 91 57
 84 56
 85 56
 92 57
 90 57
 39 56
 44 56
 62 57
 88 57
 85 57
 46 57
 94 58
 89 58
 31 56
 77 56
 86 57
 84 57
 74 57
 51 57
 94 58
 75 58
 30 55
 37 55
 93 56
 94 56
 54 57
 74 57
 87 57
 94 57
 49 58
 44 58
 73 57
 81 57
 46 56
 62 56
 80 57
 79 57
 39 56
 52 56
 96 56
 89 56
 20 57
 22 57
 94 57
 77 57
 62 58
 34 58
 94 58
 79 58
 58 56
 52 56
 88 58
 82 58
 37 58
 42 58
 68 56
 80 56
 45 56
 77 56
 94 56
 86 56
 60 58
 57 58
 91 58
 92 58
 28 58
 51 58
 89 58
 78 58
 40 56
 28 56
 77 57
 96 57
 26 59
 31 59
 90 55
 93 55
 35 57
 42 57
 94 56
 77 56
 30 58
 27 58
 76 56
 93 56
 24 57
 25 57
 91 56
 96 56
 25 56
 21 56
 77 59
 78 59
 64 58
 62 58
 84 58
 88 58
 46 56
 38 56
 84 57
 96 57
 24 55
 30 55
 95 59
 91 59
 60 55
 70 55
 93 57
 87 57
 22 56
 36 56
 84 57
 76 57
 71 57
 32 57
 86 57
 90 57
 43 56
 23 56
 93 58
 73 58
 31 57
 65 57
 94 58
 86 58
 35 57
 38 57
 97 55
 80 55
 20 57
 55 57
 91 58
 91 58
 77 57
 46 57
 90 57
 56 57
 40 58
 86 58
 61 56
 55 56
 44 56
 67 56
 53 57
 83 57
 88 57
 41 57
 91 55
 52 55
 45 58
 89 58
 54 57
 69 57
 40 56
 43 56
 90 57
 58 57
 86 57
 41 57
 52 58
 91 58
 88 57
 87 57
 91 55
 92 55
 43 58
 42 58
 90 56
 91 56
 43 56
 88 56
 90 57
 90 57
 86 58
 43 58
 56 59
 93 59
 41 58
 42 58
 91 56
 88 56
 85 58
 46 58
 92 57
 58 57
 49 57
 48 57
 90 56
 57 56
 41 58
 41 58
 87 56
 89 56
 42 55
 43 55
 93 58
 59 58
 48 56
 82 56
 64 55
 87 55
 45 57
 85 57
 93 56
 64 56
 43 55
 37 55
 92 57
 89 57
 80 57
 83 57
 93 56
 93 56
 31 58
 30 58
 85 59
 89 59
 61 57
 59 57
 97 58
 96 58
 19 56
 32 56
 63 59
 70 59
 96 56
 95 56
 21 58
 51 58
 91 58
 83 58
 81 57
 66 57
 87 58
 66 58
 46 56
 65 56
 88 58
 75 58
 73 56
 44 56
 86 58
 81 58
 49 57
 52 57
 96 57
 81 57
 51 56
 54 56
 83 57
 88 57
 57 57
 36 57
 93 55
 76 55
 25 58
 25 58
 81 57
 96 57
 36 58
 35 58
 83 58
 94 58
 56 55
 54 55
 95 58
 77 58
 61 55
 67 55
 95 58
 96 58
 45 58
 20 58
 80 58
 86 58
 67 56
 62 56
 79 58
 91 58
 27 57
 31 57
 85 56
 93 56
 25 58
 21 58
 83 58
 76 58
 66 56
 58 56
 96 58
 78 58
 56 58
 51 58
 95 55
 94 55
 27 58
 26 58
 72 58
 71 58
 51 58
 44 58
 81 56
 75 56
 41 57
 74 57
 90 58
 95 58
 29 57
 22 57
 78 58
 88 58
 28 56
 35 56
 84 57
 88 57
 51 57
 33 57
 86 57
 93 57
 27 58
 31 58
 91 55
 90 55
 24 59
 33 59
 90 57
 78 57
 55 57
 43 57
 94 58
 93 58
 75 56
 63 56
 71 56
 77 56
 63 57
 69 57
 82 56
 87 56
 27 58
 35 58
 89 57
 72 57
 64 57
 46 57
 94 58
 80 58
 51 56
 49 56
 92 58
 82 58
 30 58
 64 58
 79 57
 95 57
 25 55
 21 55
 93 58
 77 58
 67 56
 45 56
 95 57
 95 57
 35 57
 36 57
 90 56
 76 56
 21 58
 59 58
 92 57
 93 57
 30 58
 59 58
 95 56
 85 56
 30 57
 32 57
 74 57
 74 57
 67 56
 41 56
 91 57
 94 57
 27 58
 50 58
 94 55
 87 55
 60 58
 36 58
 85 57
 83 57
 31 57
 33 57
 90 59
 75 59
 26 57
 25 57
 74 56
 85 56
 32 58
 67 58
 95 55
 90 55
 44 57
 28 57
 95 57
 79 57
 32 57
 27 57
 91 56
 91 56
 27 56
 26 56
 97 56
 94 56
 32 57
 30 57
 70 57
 70 57
 34 56
 75 56
 89 57
 90 57
 24 57
 56 57
 92 57
 82 57
 27 55
 55 55
 89 57
 83 57
 21 56
 44 56
 71 57
 94 57
 57 58
 48 58
 95 57
 78 57
 45 57
 24 57
 88 57
 77 57
 26 58
 30 58
 90 56
 87 56
 39 56
 45 56
 83 57
 94 57
 31 58
 29 58
 64 56
 86 56
 40 56
 56 56
 94 57
 66 57
 66 57
 27 57
 81 57
 79 57
 55 57
 51 57
 84 56
 91 56
 21 56
 15 56
 72 57
 86 57
 90 57
 88 57
 56 57
 87 57
 94 55
 91 55
 33 57
 33 57
 87 59
 91 59
 49 58
 41 58
 96 57
 91 57
 22 55
 33 55
 81 58
 78 58
 46 55
 72 55
 83 56
 90 56
 29 58
 48 58
 94 58
 95 58
 15 55
 18 55
 51 56
 81 56
 62 57
 95 57
 27 57
 36 57
 79 57
 75 57
 44 57
 77 57
 75 56
 96 56
 40 59
 41 59
 93 57
 70 57
 28 57
 33 57
 88 57
 89 57
 23 56
 42 56
 95 57
 88 57
 32 56
 46 56
 82 58
 94 58
 22 58
 24 58
 96 57
 81 57
 27 57
 23 57
 69 57
 72 57
 61 55
 57 55
 90 58
 90 58
 26 57
 62 57
 95 57
 84 57
 23 58
 33 58
 70 56
 81 56
 38 56
 73 56
 76 56
 59 56
 58 57
 34 57
 79 57
 90 57
 46 58
 33 58
 93 55
 79 55
 35 58
 27 58
 85 59
 94 59
 48 56
 48 56
 88 58
 86 58
 28 58
 26 58
 75 55
 74 55
 69 56
 86 56
 92 59
 57 59
 81 58
 77 58
 82 56
 58 56
 86 57
 58 57
 88 58
 65 58
 87 56
 87 56
 90 58
 84 58
 42 58
 39 58
 57 57
 93 57
 87 57
 42 57
 92 58
 92 58
 74 58
 40 58
 91 55
 90 55
 46 59
 46 59
 93 56
 92 56
 36 57
 81 57
 90 56
 88 56
 33 55
 46 55
 76 58
 74 58
 63 57
 23 57
 79 56
 86 56
 53 60
 46 60
 91 56
 87 56
 28 56
 38 56
 73 57
 64 57
 41 57
 73 57
 69 57
 90 57
 46 58
 68 58
 86 56
 94 56
 46 58
 36 58
 95 55
 84 55
 38 57
 37 57
 89 58
 67 58
 61 56
 31 56
 91 55
 85 55
 38 59
 46 59
 95 58
 86 58
 26 55
 20 55
 92 56
 86 56
 77 57
 60 57
 70 56
 82 56
 41 58
 59 58
 91 56
 93 56
 73 57
 34 57
 95 56
 83 56
 31 57
 42 57
 94 59
 88 59
 24 55
 19 55
 88 55
 69 55
 49 59
 50 59
 93 56
 83 56
 38 59
 54 59
 77 57
 93 57
 32 58
 44 58
 71 56
 74 56
 37 56
 51 56
 93 58
 94 58
 24 56
 29 56
 87 55
 78 55
 72 57
 37 57
 87 58
 84 58
 21 56
 49 56
 77 58
 95 58
 38 57
 33 57
 90 57
 85 57
 34 58
 34 58
 90 56
 92 56
 27 58
 62 58
 90 56
 95 56
 46 57
 50 57
 89 57
 76 57
 36 56
 57 56
 91 56
 91 56
 27 57
 21 57
 93 57
 91 57
 34 58
 64 58
 81 57
 93 57
 26 57
 25 57
 75 57
 95 57
 42 57
 43 57
 83 57
 92 57
 38 57
 56 57
 81 57
 91 57
 41 56
 30 56
 77 57
 72 57
 79 57
 47 57
 81 56
 91 56
 36 58
 41 58
 84 56
 94 56
 26 58
 40 58
 85 57
 82 57
 61 56
 48 56
 96 57
 79 57
 24 58
 20 58
 92 56
 88 56
 37 56
 72 56
 92 57
 92 57
 64 57
 42 57
 85 56
 92 56
 22 57
 25 57
 92 56
 89 56
 28 58
 24 58
 81 56
 95 56
 38 59
 38 59
 87 58
 79 58
 72 57
 33 57
 92 58
 84 58
 34 57
 24 57
 94 57
 95 57
 23 59
 25 59
 93 56
 93 56
 63 59
 54 59
 88 57
 86 57
 48 56
 20 56
 70 58
 76 58
 26 57
 28 57
 94 59
 89 59
 46 56
 23 56
 92 56
 74 56
 25 57
 63 57
 83 58
 95 58
 41 56
 51 56
 95 57
 94 57
 31 57
 39 57
 83 58
 79 58
 74 57
 76 57
 87 57
 76 57
 29 58
 36 58
 87 57
 95 57
 36 57
 41 57
 96 58
 94 58
 31 58
 39 58
 83 55
 86 55
 53 58
 43 58
 94 58
 89 58
 61 58
 57 58
 82 55
 93 55
 68 56
 31 56
 93 56
 93 56
 22 58
 28 58
 93 58
 94 58
 61 57
 69 57
 95 57
 88 57
 24 57
 45 57
 89 58
 96 58
 25 56
 59 56
 92 56
 73 56
 62 57
 69 57
 88 56
 87 56
 25 56
 36 56
 94 57
 67 57
 36 57
 42 57
 87 55
 91 55
 25 58
 20 58
 72 58
 89 58
 29 57
 40 57
 94 56
 84 56
 26 56
 37 56
 84 60
 95 60
 39 54
 23 54
 74 58
 77 58
 56 57
 43 57
 90 57
 95 57
 42 56
 32 56
 96 58
 94 58
 31 56
 24 56
 87 58
 78 58
 46 56
 39 56
 86 57
 90 57
 59 56
 39 56
 96 57
 95 57
 34 55
 24 55
 90 57
 70 57
 70 57
 49 57
 92 57
 92 57
 27 57
 41 57
 90 57
 91 57
 46 56
 35 56
 84 57
 95 57
 38 58
 44 58
 74 56
 94 56
 33 57
 23 57
 74 56
 92 56
 34 58
 64 58
 92 58
 94 58
 21 56
 47 56
 91 57
 95 57
 25 58
 62 58
 87 58
 95 58
 61 56
 65 56
 96 57
 90 57
 37 57
 42 57
 71 57
 94 57
 73 56
 42 56
 93 59
 90 59
 48 57
 37 57
 86 57
 92 57
 48 57
 25 57
 95 56
 82 56
 39 57
 52 57
 97 56
 84 56
 49 57
 41 57
 92 57
 95 57
 37 57
 64 57
 93 56
 84 56
 31 57
 37 57
 95 57
 94 57
 43 56
 24 56
 64 56
 77 56
 64 55
 79 55
 66 57
 89 57
 43 59
 56 59
 78 57
 88 57
 61 57
 41 57
 64 58
 66 58
 88 56
 39 56
 91 57
 54 57
 39 57
 88 57
 54 56
 53 56
 88 56
 87 56
 89 58
 54 58
 41 58
 43 58
 57 57
 91 57
 84 56
 85 56
 91 59
 92 59
 48 56
 48 56
 62 56
 93 56
 78 57
 43 57
 91 57
 92 57
 36 58
 80 58
 91 57
 68 57
 43 57
 36 57
 82 56
 89 56
 56 56
 62 56
 89 56
 95 56
 36 58
 56 58
 87 56
 85 56
 59 57
 57 57
 94 58
 93 58
 22 56
 43 56
 78 56
 78 56
 52 57
 69 57
 93 58
 82 58
 60 57
 52 57
 92 57
 94 57
 19 57
 22 57
 75 58
 80 58
 73 56
 32 56
 86 57
 87 57
 46 57
 40 57
 93 56
 90 56
 20 56
 18 56
 64 57
 91 57
 81 58
 39 58
 79 59
 83 59
 45 55
 48 55
 90 58
 90 58
 61 56
 45 56
 88 57
 87 57
 73 57
 52 57
 94 58
 96 58
 35 56
 32 56
 95 56
 95 56
 33 59
 36 59
 95 57
 94 57
 23 56
 23 56
 92 57
 94 57
 65 57
 50 57
 82 57
 83 57
 55 58
 35 58
 95 55
 96 55
 46 56
 24 56
