 3 4
 3 4
 11 15
 10 15
 37 50
 37 50
 93 99
 92 99
 26 5
 27 5
 81 18
 80 18
 62 55
 61 55
 92 73
 92 73
 29 58
 24 58
 78 52
 82 52
 57 56
 61 56
 96 59
 95 59
 15 57
 13 57
 73 58
 70 58
 96 56
 97 56
 15 56
 16 56
 61 58
 54 58
 64 58
 58 58
 43 58
 34 58
 88 56
 87 56
 40 57
 79 57
 92 58
 95 58
 54 56
 29 56
 68 56
 71 56
 78 57
 55 57
 92 57
 77 57
 70 56
 72 56
 84 59
 86 59
 31 56
 59 56
 88 56
 75 56
 19 57
 44 57
 93 56
 93 56
 46 58
 35 58
 88 57
 71 57
 27 56
 61 56
 90 58
 90 58
 23 56
 28 56
 90 57
 74 57
 55 57
 73 57
 84 58
 80 58
 45 56
 28 56
 94 57
 94 57
 25 56
 34 56
 89 57
 87 57
 57 55
 47 55
 91 57
 87 57
 22 56
 25 56
 80 58
 80 58
 77 55
 77 55
 84 58
 86 58
 73 57
 83 57
 93 57
 80 57
 31 57
 35 57
 92 56
 90 56
 54 57
 44 57
 87 56
 95 56
 45 58
 21 58
 69 58
 67 58
 38 57
 74 57
 93 58
 95 58
 64 54
 63 54
 84 58
 89 58
 49 57
 24 57
 87 58
 77 58
 43 55
 36 55
 94 57
 92 57
 25 57
 51 57
 75 56
 80 56
 27 58
 39 58
 92 56
 94 56
 29 58
 35 58
 90 57
 95 57
 44 57
 22 57
 79 56
 82 56
 32 57
 30 57
 84 55
 95 55
 24 59
 23 59
 69 57
 77 57
 33 56
 55 56
 96 58
 84 58
 29 57
 33 57
 96 56
 94 56
 31 56
 21 56
 93 59
 67 59
 78 57
 39 57
 85 56
 87 56
 35 58
 74 58
 96 57
 93 57
 60 57
 46 57
 77 59
 80 59
 23 55
 54 55
 94 59
 90 59
 41 56
 27 56
 94 58
 94 58
 23 56
 31 56
 93 56
 88 56
 30 58
 45 58
 93 58
 83 58
 31 57
 43 57
 78 59
 95 59
 31 57
 59 57
 82 55
 88 55
 66 61
 70 61
 94 55
 89 55
 31 58
 43 58
 91 57
 83 57
 59 54
 24 54
 88 59
 82 59
 52 56
 54 56
 90 59
 82 59
 23 57
 37 57
 80 57
 94 57
 29 56
 32 56
 83 58
 84 58
 40 57
 20 57
 73 58
 65 58
 45 57
 36 57
 83 56
 90 56
 60 57
 64 57
 84 58
 91 58
 28 56
 23 56
 77 56
 96 56
 50 58
 24 58
 93 56
 86 56
 60 57
 25 57
 92 55
 89 55
 24 58
 24 58
 95 57
 94 57
 29 58
 24 58
 92 56
 79 56
 53 57
 41 57
 80 58
 95 58
 55 56
 66 56
 82 56
 74 56
 39 57
 48 57
 96 56
 88 56
 22 57
 53 57
 70 57
 76 57
 34 57
 33 57
 92 56
 96 56
 28 57
 39 57
 93 58
 93 58
 28 56
 45 56
 93 56
 83 56
 30 55
 31 55
 94 59
 86 59
 40 57
 45 57
 92 57
 91 57
 65 56
 79 56
 87 58
 93 58
 54 56
 68 56
 94 57
 81 57
 39 56
 58 56
 90 56
 87 56
 27 58
 44 58
 69 58
 93 58
 31 58
 53 58
 84 58
 89 58
 34 57
 45 57
 93 57
 95 57
 31 58
 65 58
 89 56
 94 56
 39 58
 37 58
 96 57
 82 57
 35 57
 18 57
 91 57
 69 57
 81 58
 42 58
 73 57
 78 57
 73 57
 79 57
 92 57
 90 57
 50 58
 46 58
 94 55
 93 55
 36 57
 44 57
 93 58
 82 58
 24 55
 27 55
 92 59
 94 59
 67 56
 40 56
 81 56
 93 56
 33 58
 46 58
 95 57
 77 57
 28 56
 59 56
 80 56
 94 56
 57 57
 25 57
 91 58
 85 58
 18 57
 40 57
 91 57
 66 57
 83 55
 83 55
 90 58
 94 58
 37 58
 67 58
 77 58
 87 58
 29 56
 66 56
 76 58
 89 58
 41 58
 31 58
 97 56
 86 56
 57 57
 36 57
 87 55
 86 55
 40 60
 72 60
 78 56
 87 56
 40 56
 37 56
 96 57
 91 57
 29 58
 34 58
 68 57
 70 57
 77 57
 78 57
 90 57
 95 57
 39 58
 44 58
 82 56
 82 56
 23 57
 26 57
 94 56
 69 56
 31 56
 33 56
 85 56
 80 56
 44 58
 23 58
 92 57
 93 57
 29 56
 35 56
 84 58
 88 58
 34 58
 32 58
 79 56
 96 56
 21 58
 53 58
 58 58
 63 58
 88 57
 87 57
 80 56
 87 56
 91 57
 92 57
 34 57
 36 57
 67 57
 86 57
 47 58
 45 58
 94 58
 94 58
 27 57
 77 57
 80 55
 82 55
 57 56
 62 56
 89 56
 93 56
 34 59
 34 59
 94 56
 94 56
 25 55
 29 55
 87 59
 67 59
 49 56
 64 56
 65 56
 89 56
 34 58
 27 58
 82 57
 92 57
 36 58
 27 58
 79 56
 96 56
 18 57
 19 57
 90 58
 76 58
 53 56
 79 56
 72 55
 93 55
 54 58
 47 58
 93 57
 88 57
 37 56
 37 56
 88 56
 90 56
 35 58
 35 58
 96 57
 90 57
 50 57
 43 57
 90 56
 88 56
 36 58
 72 58
 95 58
 84 58
 47 57
 23 57
 82 57
 97 57
 27 58
 61 58
 71 57
 89 57
 36 56
 54 56
 75 57
 89 57
 31 58
 39 58
 95 56
 92 56
 30 57
 48 57
 78 59
 93 59
 53 58
 36 58
 90 58
 76 58
 47 56
 41 56
 92 56
 95 56
 59 56
 23 56
 95 57
 76 57
 59 56
 26 56
 94 57
 85 57
 41 56
 24 56
 94 58
 79 58
 34 56
 35 56
 96 57
 95 57
 43 59
 38 59
 78 56
 87 56
 29 57
 62 57
 87 57
 95 57
 49 57
 32 57
 89 56
 95 56
 27 56
 26 56
 80 58
 89 58
 66 57
 34 57
 94 57
 95 57
 20 57
 18 57
 73 57
 93 57
 47 57
 59 57
 78 57
 94 57
 25 56
 59 56
 94 57
 91 57
 44 57
 43 57
 96 58
 85 58
 28 55
 45 55
 94 59
 92 59
 63 59
 27 59
 92 55
 91 55
 53 58
 27 58
 79 55
 86 55
 33 58
 61 58
 78 56
 96 56
 26 58
 26 58
 93 56
 94 56
 61 57
 30 57
 83 58
 96 58
 46 58
 37 58
 84 57
 83 57
 23 56
 48 56
 95 58
 94 58
 32 56
 30 56
 91 57
 91 57
 48 57
 21 57
 93 56
 96 56
 27 56
 27 56
 85 58
 76 58
 65 56
 33 56
 94 58
 95 58
 34 56
 24 56
 86 56
 91 56
 30 56
 48 56
 82 58
 95 58
 42 57
 22 57
 83 57
 93 57
 61 56
 39 56
 73 57
 86 57
 32 56
 59 56
 81 57
 93 57
 34 57
 36 57
 77 55
 92 55
 68 57
 68 57
 90 57
 70 57
 43 58
 53 58
 84 57
 95 57
 47 57
 30 57
 96 56
 97 56
 22 57
 21 57
 92 57
 68 57
 81 58
 72 58
 90 57
 77 57
 73 57
 38 57
 97 56
 91 56
 24 57
 59 57
 94 56
 84 56
 65 57
 32 57
 92 58
 90 58
 48 58
 28 58
 81 58
 80 58
 29 55
 48 55
 95 57
 88 57
 56 58
 48 58
 93 58
 85 58
 30 56
 26 56
 62 58
 70 58
 56 57
 80 57
 83 58
 65 58
 40 57
 84 57
 91 57
 62 57
 81 58
 40 58
 85 56
 91 56
 39 58
 39 58
 84 57
 70 57
 39 57
 65 57
 93 59
 78 59
 60 56
 37 56
 92 58
 87 58
 74 56
 29 56
 82 57
 84 57
 22 59
 42 59
 87 55
 77 55
 24 56
 22 56
 71 58
 93 58
 78 57
 45 57
 89 58
 77 58
 37 57
 50 57
 96 56
 93 56
 25 58
 38 58
 93 59
 93 59
 74 55
 36 55
 90 56
 95 56
 64 58
 75 58
 92 57
 95 57
 45 56
 57 56
 76 56
 87 56
 21 57
 51 57
 94 57
 72 57
 32 58
 33 58
 88 58
 89 58
 44 58
 55 58
 95 57
 89 57
 27 57
 24 57
 74 58
 89 58
 35 57
 75 57
 91 57
 91 57
 27 56
 53 56
 93 58
 95 58
 45 57
 23 57
 89 57
 94 57
 63 57
 33 57
 89 56
 79 56
 51 57
 57 57
 94 58
 92 58
 55 57
 43 57
 77 57
 79 57
 29 57
 26 57
 82 55
 95 55
 48 58
 33 58
 80 57
 94 57
 34 56
 30 56
 86 57
 94 57
 28 58
 53 58
 90 57
 79 57
 16 56
 20 56
 78 55
 90 55
 82 58
 81 58
 82 57
 62 57
 85 57
 40 57
 59 57
 90 57
 88 56
 89 56
 90 57
 79 57
 90 58
 49 58
 89 56
 57 56
 88 57
 46 57
 88 57
 49 57
 89 57
 45 57
 89 57
 47 57
 89 56
 88 56
 90 59
 48 59
 46 56
 89 56
 90 57
 48 57
 47 58
 45 58
 90 57
 49 57
 44 57
 90 57
 89 56
 89 56
 89 57
 44 57
 89 55
 47 55
 89 57
 47 57
 48 58
 49 58
 89 57
 89 57
 89 59
 49 59
 46 56
 48 56
 89 57
 89 57
 47 57
 89 57
 49 56
 89 56
 88 57
 90 57
 47 56
 89 56
 48 57
 46 57
 47 57
 89 57
 47 58
 90 58
 89 56
 47 56
 45 57
 45 57
 48 57
 89 57
 47 58
 89 58
 47 55
 48 55
 46 56
 46 56
 49 57
 50 57
 48 57
 89 57
 47 58
 48 58
 89 57
 44 57
 89 56
 89 56
 47 57
 46 57
 90 56
 50 56
 47 56
 45 56
 50 57
 47 57
 89 57
 90 57
 89 58
 89 58
 46 58
 90 58
 90 56
 47 56
 89 58
 88 58
 90 58
 89 58
 89 56
 90 56
 89 56
 48 56
 47 56
 46 56
 47 58
 48 58
 89 58
 89 58
 49 58
 89 58
 88 58
 90 58
 89 56
 89 56
 89 57
 90 57
 48 59
 89 59
 89 55
 89 55
 89 57
 46 57
 47 56
 46 56
 47 58
 89 58
 46 56
 48 56
 49 57
 89 57
 89 56
 47 56
 89 56
 47 56
 90 59
 47 59
 49 58
 90 58
 48 58
 90 58
 49 56
 49 56
 89 57
 88 57
 90 55
 90 55
 89 59
 46 59
 90 55
 47 55
 45 57
 46 57
 48 56
 48 56
 89 57
 48 57
 90 57
 47 57
 44 57
 88 57
 48 56
 89 56
 47 58
 48 58
 47 57
 90 57
 89 58
 46 58
 47 57
 47 57
 47 55
 88 55
 90 57
 89 57
 45 58
 44 58
 49 57
 88 57
 89 57
 48 57
 90 58
 89 58
 45 56
 45 56
 89 56
 90 56
 46 57
 90 57
 90 57
 50 57
 47 55
 90 55
 48 58
 90 58
 46 57
 89 57
 47 56
 89 56
 48 57
 47 57
 90 57
 89 57
 90 58
 89 58
 89 57
 47 57
 89 55
 88 55
 47 58
 90 58
 90 56
 47 56
 89 56
 89 56
 89 57
 48 57
 47 58
 89 58
 45 59
 89 59
 46 58
 47 58
 46 56
 47 56
 89 58
 46 58
 89 57
 89 57
 90 57
 90 57
 45 56
 46 56
 49 58
 90 58
 89 56
 90 56
 47 55
 89 55
 89 58
 88 58
 90 56
 89 56
 89 55
 90 55
 89 57
 90 57
 45 56
 46 56
 89 55
 90 55
 88 57
 46 57
 49 57
 49 57
 44 56
 46 56
 88 58
 48 58
 88 59
 89 59
 50 57
 49 57
 88 58
 44 58
 89 56
 49 56
 46 59
 89 59
 49 56
 90 56
 48 58
 88 58
 49 58
 49 58
 89 57
 46 57
 89 58
 47 58
 45 56
 89 56
 89 58
 47 58
 45 56
 90 56
 90 58
 89 58
 47 57
 46 57
 90 57
 90 57
 89 56
 90 56
 47 57
 48 57
 89 57
 48 57
 90 55
 48 55
 90 58
 89 58
 90 57
 49 57
 89 58
 48 58
 47 58
 90 58
 89 55
 90 55
 89 58
 48 58
 48 55
 88 55
 89 58
 49 58
 46 58
 89 58
 91 58
 90 58
 90 56
 90 56
 90 58
 49 58
 47 57
 46 57
 47 56
 47 56
 47 58
 47 58
 47 58
 49 58
 47 56
 89 56
 90 58
 49 58
 44 58
 48 58
 88 55
 50 55
 88 58
 48 58
 48 58
 90 58
 89 58
 45 58
 90 56
 49 56
 88 57
 90 57
 90 58
 90 58
 46 57
 45 57
 89 58
 48 58
 44 56
 49 56
 90 57
 46 57
 46 57
 48 57
 90 57
 89 57
 46 58
 89 58
 49 55
 90 55
 88 59
 88 59
 89 57
 89 57
 49 57
 45 57
 47 58
 90 58
 47 56
 90 56
 89 56
 89 56
 44 57
 48 57
 47 56
 49 56
 45 58
 89 58
 90 57
 89 57
 45 57
 46 57
 90 58
 50 58
 44 56
 48 56
 90 58
 48 58
 90 58
 88 58
 48 57
 48 57
 45 55
 45 55
 47 58
 46 58
 89 56
 48 56
 89 57
 47 57
 46 57
 88 57
 48 56
 90 56
 47 58
 46 58
 90 57
 89 57
 44 58
 46 58
 89 56
 50 56
 45 57
 89 57
 50 57
 47 57
 88 56
 89 56
 50 57
 89 57
 89 58
 89 58
 48 55
 90 55
 89 58
 47 58
 89 57
 90 57
 47 57
 90 57
 89 59
 48 59
 89 57
 46 57
 89 56
 47 56
 88 58
 45 58
 47 55
 47 55
 88 57
 46 57
 90 57
 46 57
 89 57
 45 57
 90 56
 50 56
 47 56
 47 56
 47 56
 90 56
 89 57
 90 57
 89 57
 89 57
 90 56
 89 56
 49 57
 89 57
 90 57
 48 57
 49 57
 90 57
 89 55
 48 55
 89 57
 89 57
 45 56
 89 56
 49 57
 90 57
 90 58
 45 58
 90 57
 90 57
 48 57
 45 57
 89 57
 89 57
 89 58
 89 58
 48 56
 90 56
 89 56
 46 56
 49 57
 89 57
 89 58
 46 58
 47 56
 89 56
 89 56
 46 56
 89 57
 89 57
 47 57
 90 57
 49 57
 48 57
 45 57
 88 57
 48 56
 91 56
 89 56
 88 56
 49 57
 49 57
 45 57
 47 57
 90 57
 46 57
 48 55
 44 55
 89 57
 47 57
 89 59
 48 59
 48 58
 90 58
 88 57
 90 57
 90 55
 89 55
 47 58
 47 58
 89 55
 49 55
 89 56
 88 56
 90 58
 89 58
 46 58
 47 58
 47 55
 48 55
 89 56
 90 56
 48 57
 48 57
 45 57
 46 57
 47 57
 47 57
 89 57
 46 57
 49 56
 49 56
 89 59
 44 59
 49 57
 48 57
 46 57
 48 57
 48 57
 49 57
 48 56
 46 56
 49 57
 88 57
 44 56
 89 56
 89 58
 90 58
 44 58
 90 58
 91 57
 46 57
 90 57
 89 57
 90 57
 46 57
 45 55
 47 55
 89 58
 89 58
 44 57
 90 57
 89 57
 48 57
 89 58
 89 58
 49 56
 48 56
 47 56
 89 56
 90 56
 89 56
 88 57
 89 57
 47 57
 47 57
 89 58
 89 58
 50 55
 89 55
 46 58
 89 58
 49 59
 47 59
 89 56
 45 56
 49 58
 47 58
 44 58
 88 58
 90 55
 89 55
 47 56
 88 56
 90 59
 48 59
 89 58
 44 58
 90 56
 47 56
 46 57
 45 57
 90 58
 88 58
 88 56
 45 56
 90 58
 90 58
 47 58
 47 58
 48 57
 47 57
 89 57
 48 57
 49 58
 49 58
 88 58
 45 58
 49 55
 48 55
 88 59
 89 59
 50 56
 48 56
 89 57
 89 57
 47 56
 48 56
 90 55
 47 55
 90 58
 47 58
 90 57
 48 57
 90 56
 89 56
 45 60
 88 60
 90 56
 89 56
 46 56
 89 56
 89 57
 89 57
 46 57
 44 57
 89 57
 89 57
 44 58
 89 58
 90 56
 48 56
 89 58
 47 58
 90 55
 90 55
 47 57
 89 57
 49 58
 90 58
 90 56
 89 56
 90 55
 49 55
 45 59
 88 59
 46 58
 47 58
 89 55
 89 55
 90 56
 88 56
 47 57
 88 57
 88 56
 49 56
 89 58
 89 58
 90 56
 90 56
 49 57
 89 57
 89 56
 48 56
 89 57
 90 57
 48 59
 48 59
 44 55
 89 55
 89 55
 49 55
 47 59
 88 59
 88 56
 90 56
 88 59
 89 59
 47 57
 49 57
 44 58
 48 58
 49 56
 48 56
 90 56
 46 56
 90 58
 47 58
 90 56
 47 56
 89 55
 46 55
 88 57
 89 57
 89 58
 49 58
 47 56
 88 56
 90 58
 90 58
 90 57
 45 57
 49 57
 50 57
 48 58
 89 58
 46 56
 48 56
 89 58
 45 58
 89 56
 89 56
 44 57
 88 57
 89 57
 49 57
 48 56
 48 56
 90 56
 48 56
 46 57
 48 57
 47 57
 90 57
 45 58
 44 58
 90 57
 46 57
 45 57
 44 57
 90 57
 88 57
 89 57
 88 57
 89 57
 89 57
 48 57
 45 57
 49 57
 89 57
 89 56
 90 56
 49 57
 89 57
 47 57
 90 57
 89 56
 48 56
 47 58
 88 58
 47 56
 47 56
 88 58
 89 58
 90 57
 46 57
 89 56
 45 56
 48 57
 89 57
 46 58
 89 58
 49 56
 49 56
 89 56
 44 56
 89 57
 47 57
 88 57
 89 57
 47 56
 89 56
 90 57
 89 57
 89 56
 46 56
 90 58
 47 58
 49 56
 90 56
 48 59
 47 59
 49 58
 48 58
 89 57
 45 57
 89 58
 89 58
 45 57
 46 57
 49 57
 50 57
 48 59
 45 59
 89 56
 89 56
 47 59
 89 59
 90 57
 49 57
 88 56
 89 56
 47 58
 89 58
 89 57
 48 57
 90 59
 90 59
 89 56
 88 56
 90 56
 48 56
 89 57
 89 57
 46 58
 49 58
 89 56
 90 56
 48 57
 89 57
 46 57
 88 57
 47 58
 90 58
 47 57
 47 57
 88 57
 91 57
 48 58
 89 58
 89 57
 89 57
 89 57
 89 57
 46 58
 91 58
 88 58
 89 58
 89 55
 89 55
 47 58
 47 58
 50 58
 89 58
 44 58
 89 58
 89 55
 47 55
 89 56
 89 56
 90 56
 47 56
 46 58
 47 58
 47 58
 49 58
 47 57
 48 57
 47 57
 46 57
 88 57
 47 57
 47 58
 89 58
 90 56
 47 56
 47 56
 47 56
 89 57
 47 57
 90 56
 48 56
 46 56
 89 56
 90 57
 90 57
 45 57
 48 57
 89 55
 47 55
 89 58
 88 58
 48 58
 46 58
 45 57
 90 57
 89 56
 89 56
 46 56
 89 56
 89 60
 89 60
 89 54
 47 54
 89 58
 47 58
 89 57
 46 57
 89 57
 50 57
 89 56
 49 56
 50 58
 89 58
 89 56
 44 56
 48 58
 47 58
 89 56
 47 56
 49 57
 49 57
 89 56
 46 56
 90 57
 90 57
 44 55
 46 55
 47 57
 49 57
 90 57
 48 57
 46 57
 47 57
 89 57
 45 57
 89 57
 89 57
 89 56
 45 56
 90 57
 90 57
 44 58
 90 58
 46 56
 47 56
 90 57
 46 57
 49 56
 47 56
 89 58
 88 58
 89 58
 89 58
 46 56
 89 56
 49 57
 50 57
 48 58
 48 58
 90 58
 90 58
 88 56
 45 56
 90 57
 89 57
 89 57
 89 57
 46 57
 90 57
 46 56
 89 56
 50 59
 89 59
 88 57
 46 57
 90 57
 47 57
 46 57
 47 57
 90 56
 47 56
 89 57
 47 57
 50 56
 90 56
 89 57
 47 57
 90 57
 90 57
 88 57
 46 57
 89 56
 88 56
 89 57
 48 57
 47 57
 48 57
 90 56
 44 56
 89 56
 90 56
 45 55
 47 55
 89 57
 89 57
 90 59
 88 59
 89 57
 88 57
 89 57
 89 57
 90 58
 89 58
 46 56
 89 56
 89 57
 47 57
 89 57
 44 57
 47 56
 89 56
 48 56
 89 56
 90 58
 89 58
 90 58
 44 58
 48 57
 50 57
 44 56
 45 56
 47 59
 48 59
 89 56
 89 56
 90 56
 90 56
 89 57
 48 57
 46 57
 89 57
 48 58
 47 58
 88 57
 90 57
 88 57
 88 57
 90 56
 47 56
 88 56
 46 56
 89 56
 49 56
 89 58
 89 58
 48 56
 90 56
 49 57
 89 57
 89 58
 47 58
 89 56
 47 56
 48 56
 91 56
 88 57
 47 57
 89 58
 90 58
 90 57
 89 57
 46 57
 49 57
 46 57
 90 57
 91 58
 46 58
 89 56
 44 56
 89 57
 49 57
 89 57
 89 57
 47 56
 89 56
 45 56
 47 56
 89 57
 89 57
 45 58
 47 58
 90 59
 46 59
 89 55
 46 55
 90 58
 47 58
 45 56
 89 56
 90 57
 50 57
 46 57
 89 57
 89 58
 89 58
 47 56
 47 56
 89 56
 49 56
 48 59
 46 59
 89 57
 89 57
 89 56
 88 56
 89 57
 46 57
 89 57
 89 57
 88 57
 46 57
 46 58
 88 58
 47 55
 88 55
 46 56
 47 56
