 3 4
 3 4
 11 15
 11 15
 37 50
 37 50
 93 99
 91 99
 29 5
 28 5
 82 18
 78 18
 63 55
 61 55
 89 73
 94 73
 23 58
 30 58
 82 52
 82 52
 61 56
 48 56
 91 59
 89 59
 24 57
 16 57
 76 58
 85 58
 83 56
 67 56
 79 56
 78 56
 93 58
 92 58
 84 58
 58 58
 93 58
 88 58
 48 56
 50 56
 90 57
 91 57
 25 58
 25 58
 84 56
 86 56
 59 56
 61 56
 94 57
 85 57
 31 57
 57 57
 93 56
 95 56
 21 59
 22 59
 77 56
 93 56
 41 56
 33 56
 85 57
 78 57
 32 56
 61 56
 94 58
 90 58
 24 57
 49 57
 82 56
 85 56
 35 58
 59 58
 95 56
 95 56
 33 57
 28 57
 79 57
 91 57
 44 58
 31 58
 85 56
 68 56
 35 57
 50 57
 96 56
 95 56
 43 57
 36 57
 95 55
 77 55
 66 57
 25 57
 94 56
 87 56
 25 58
 28 58
 96 55
 97 55
 38 58
 28 58
 68 57
 76 57
 44 57
 66 57
 53 57
 88 57
 44 56
 45 56
 47 57
 55 57
 48 56
 51 56
 88 58
 87 58
 89 58
 89 58
 87 57
 45 57
 53 58
 50 58
 41 54
 71 54
 89 58
 53 58
 88 57
 45 57
 91 58
 54 58
 42 55
 87 55
 54 57
 90 57
 87 57
 43 57
 90 56
 92 56
 88 58
 43 58
 91 56
 89 56
 87 58
 86 58
 57 57
 91 57
 44 57
 40 57
 89 56
 57 56
 48 57
 43 57
 91 55
 90 55
 85 59
 86 59
 87 57
 88 57
 87 56
 88 56
 92 58
 92 58
 37 57
 38 57
 89 56
 88 56
 88 56
 87 56
 92 59
 93 59
 39 57
 38 57
 55 56
 57 56
 51 58
 88 58
 53 57
 92 57
 85 57
 38 57
 89 59
 88 59
 49 55
 50 55
 91 59
 92 59
 40 56
 39 56
 57 58
 88 58
 49 56
 87 56
 91 56
 93 56
 38 58
 86 58
 88 58
 88 58
 47 57
 47 57
 51 59
 53 59
 87 57
 38 57
 88 55
 87 55
 51 61
 87 61
 92 55
 92 55
 85 58
 38 58
 56 57
 87 57
 88 54
 53 54
 55 59
 53 59
 39 56
 37 56
 56 59
 57 59
 50 57
 87 57
 52 57
 51 57
 87 56
 38 56
 55 58
 56 58
 51 57
 52 57
 53 58
 51 58
 86 57
 39 57
 55 56
 54 56
 51 57
 89 57
 91 58
 53 58
 38 56
 39 56
 57 56
 87 56
 49 58
 48 58
 54 56
 92 56
 86 57
 37 57
 56 55
 57 55
 53 58
 48 58
 91 57
 91 57
 86 58
 37 58
 88 56
 88 56
 46 57
 88 57
 92 58
 91 58
 86 56
 86 56
 56 56
 87 56
 88 57
 52 57
 92 56
 92 56
 40 57
 87 57
 89 57
 86 57
 47 57
 87 57
 91 56
 91 56
 38 57
 85 57
 57 58
 86 58
 50 56
 89 56
 53 56
 92 56
 38 55
 87 55
 88 59
 56 59
 48 57
 88 57
 92 57
 53 57
 37 56
 86 56
 89 58
 86 58
 47 56
 53 56
 92 57
 52 57
 37 56
 39 56
 86 56
 86 56
 53 58
 48 58
 92 58
 92 58
 87 58
 86 58
 88 58
 55 58
 89 57
 89 57
 52 57
 91 57
 86 58
 86 58
 56 56
 56 56
 53 58
 88 58
 54 57
 92 57
 37 57
 38 57
 88 57
 87 57
 48 58
 88 58
 93 57
 92 57
 39 57
 87 57
 86 57
 88 57
 88 58
 54 58
 53 55
 92 55
 85 57
 86 57
 87 58
 88 58
 49 55
 50 55
 92 59
 93 59
 36 56
 39 56
 87 56
 87 56
 89 58
 88 58
 92 57
 91 57
 39 56
 86 56
 87 56
 88 56
 88 57
 49 57
 92 58
 91 58
 39 57
 85 57
 56 57
 57 57
 47 55
 49 55
 92 58
 92 58
 39 58
 38 58
 88 58
 54 58
 46 56
 52 56
 92 58
 93 58
 36 58
 38 58
 57 56
 56 56
 87 57
 89 57
 92 55
 92 55
 87 60
 38 60
 56 56
 87 56
 52 56
 87 56
 92 57
 92 57
 87 58
 87 58
 86 57
 89 57
 52 57
 88 57
 92 57
 52 57
 85 58
 86 58
 88 56
 54 56
 50 57
 49 57
 54 56
 53 56
 35 56
 85 56
 57 56
 88 56
 46 58
 87 58
 91 57
 92 57
 86 56
 36 56
 55 58
 88 58
 88 58
 87 58
 92 56
 91 56
 36 58
 37 58
 55 58
 86 58
 87 57
 88 57
 92 56
 54 56
 87 57
 86 57
 88 57
 89 57
 87 57
 87 57
 92 58
 92 58
 38 58
 87 58
 89 57
 55 57
 88 55
 49 55
 92 56
 92 56
 87 56
 86 56
 86 59
 56 59
 50 56
 88 56
 53 55
 91 55
 39 59
 86 59
 57 56
 58 56
 87 56
 48 56
 92 58
 51 58
 86 57
 39 57
 89 58
 58 58
 88 56
 55 56
 92 57
 92 57
 86 58
 39 58
 89 56
 55 56
 51 55
 88 55
 54 58
 91 58
 87 57
 37 57
 88 56
 87 56
 50 56
 88 56
 92 58
 91 58
 40 57
 36 57
 89 57
 57 57
 51 56
 49 56
 52 58
 53 58
 38 58
 86 58
 55 57
 87 57
 88 57
 50 57
 91 58
 93 58
 86 57
 86 57
 89 56
 89 56
 48 57
 87 57
 92 58
 92 58
 38 56
 37 56
 56 57
 56 57
 51 59
 48 59
 91 58
 93 58
 40 58
 38 58
 56 56
 88 56
 53 56
 53 56
 52 56
 54 56
 37 57
 37 57
 88 56
 54 56
 50 57
 87 57
 50 56
 91 56
 86 58
 38 58
 57 56
 88 56
 89 57
 52 57
 54 59
 92 59
 86 56
 86 56
 89 57
 86 57
 51 57
 48 57
 91 57
 91 57
 86 56
 85 56
 87 56
 56 56
 88 58
 88 58
 92 57
 54 57
 38 57
 38 57
 56 57
 88 57
 48 57
 48 57
 52 57
 91 57
 86 57
 36 57
 88 56
 89 56
 48 57
 53 57
 51 57
 93 57
 38 58
 38 58
 88 55
 88 55
 89 59
 88 59
 92 59
 92 59
 38 55
 39 55
 89 58
 86 58
 49 55
 48 55
 91 58
 92 58
 37 56
 37 56
 54 58
 56 58
 88 56
 52 56
 55 57
 93 57
 39 58
 37 58
 55 58
 57 58
 53 57
 89 57
 51 56
 53 56
 36 58
 39 58
 88 56
 86 56
 51 57
 50 57
 92 57
 93 57
 37 56
 36 56
 56 56
 57 56
 52 58
 47 58
 52 56
 92 56
 86 58
 37 58
 56 56
 55 56
 88 56
 51 56
 52 56
 53 56
 38 58
 36 58
 56 57
 87 57
 50 57
 52 57
 52 56
 53 56
 85 57
 86 57
 88 56
 54 56
 89 57
 48 57
 92 57
 92 57
 39 55
 40 55
 56 57
 89 57
 87 57
 51 57
 53 58
 92 58
 38 57
 38 57
 86 57
 88 57
 49 56
 52 56
 54 57
 92 57
 37 57
 39 57
 56 58
 86 58
 87 57
 49 57
 51 57
 53 57
 37 56
 37 56
 88 57
 87 57
 54 56
 88 56
 92 57
 92 57
 39 58
 87 58
 56 58
 55 58
 52 58
 88 58
 92 55
 92 55
 36 57
 86 57
 87 58
 86 58
 87 58
 88 58
 91 56
 92 56
 86 58
 37 58
 87 57
 54 57
 88 58
 54 58
 91 57
 92 57
 40 57
 37 57
 87 58
 57 58
 52 56
 88 56
 91 58
 92 58
 86 57
 86 57
 55 57
 88 57
 49 59
 54 59
 92 56
 92 56
 87 58
 39 58
 87 56
 55 56
 54 57
 88 57
 91 59
 53 59
 38 55
 86 55
 88 56
 88 56
 89 58
 47 58
 51 57
 53 57
 38 58
 87 58
 54 57
 55 57
 88 56
 52 56
 92 58
 53 58
 38 59
 86 59
 87 55
 88 55
 88 56
 48 56
 52 58
 91 58
 38 57
 40 57
 87 56
 86 56
 87 56
 52 56
 53 57
 50 57
 86 57
 36 57
 86 58
 86 58
 47 58
 47 58
 92 58
 92 58
 86 57
 38 57
 57 57
 55 57
 49 58
 89 58
 52 57
 92 57
 87 57
 86 57
 56 56
 88 56
 48 58
 51 58
 92 57
 93 57
 38 57
 37 57
 55 57
 87 57
 48 56
 88 56
 91 57
 92 57
 85 58
 86 58
 88 57
 87 57
 52 57
 51 57
 92 57
 53 57
 36 55
 40 55
 87 58
 88 58
 88 57
 46 57
 92 56
 54 56
 40 57
 37 57
 54 58
 87 58
 88 57
 48 57
 92 56
 92 56
 86 55
 86 55
 88 58
 56 58
 88 57
 50 57
 93 57
 93 57
 38 57
 36 57
 54 56
 55 56
 48 57
 87 57
 92 58
 93 58
 39 56
 35 56
 57 57
 55 57
 48 57
 89 57
 92 57
 55 57
 85 57
 86 57
 54 56
 86 56
 48 59
 87 59
 93 56
 93 56
 38 57
 39 57
 88 58
 88 58
 87 57
 88 57
 92 57
 91 57
 37 56
 86 56
 88 57
 56 57
 49 55
 50 55
 93 57
 51 57
 36 58
 86 58
 57 57
 88 57
 47 59
 87 59
 91 56
 51 56
 39 57
 38 57
 88 57
 88 57
 49 56
 51 56
 92 57
 53 57
 38 56
 86 56
 56 57
 87 57
 53 57
 49 57
 52 58
 92 58
 37 56
 36 56
 87 57
 88 57
 54 57
 50 57
 92 58
 92 58
 38 55
 37 55
 55 56
 56 56
 52 57
 88 57
 92 57
 51 57
 36 58
 39 58
 87 57
 56 57
 89 56
 88 56
 91 57
 92 57
 86 56
 85 56
 87 56
 87 56
 87 57
 51 57
 92 57
 92 57
 87 58
 87 58
 88 58
 88 58
 53 56
 50 56
 53 58
 53 58
 86 58
 39 58
 86 56
 55 56
 53 56
 48 56
 52 56
 50 56
 40 58
 86 58
 87 58
 86 58
 51 58
 49 58
 91 58
 92 58
 87 56
 38 56
 58 57
 86 57
 51 59
 49 59
 52 55
 92 55
 86 57
 86 57
 58 56
 54 56
 49 58
 88 58
 91 56
 92 56
 37 57
 37 57
 54 56
 87 56
 87 56
 88 56
 91 59
 92 59
 87 58
 36 58
 88 58
 88 58
 53 56
 50 56
 91 57
 92 57
 38 55
 38 55
 56 59
 88 59
 47 55
 49 55
 54 57
 92 57
 37 56
 39 56
 88 57
 87 57
 50 57
 51 57
 91 57
 92 57
 86 56
 37 56
 89 58
 56 58
 50 57
 48 57
 92 58
 92 58
 38 57
 39 57
 87 55
 57 55
 88 57
 51 57
 92 58
 92 58
 40 57
 39 57
 88 57
 88 57
 88 58
 87 58
 93 56
 92 56
 39 56
 86 56
 88 57
 56 57
 52 57
 88 57
 92 55
 91 55
 86 58
 36 58
 57 57
 88 57
 87 56
 87 56
 53 57
 52 57
 86 57
 38 57
 56 58
 57 58
 88 57
 88 57
 92 55
 92 55
 38 58
 36 58
 55 56
 86 56
 52 56
 49 56
 55 57
 91 57
 86 58
 86 58
 57 59
 55 59
 51 58
 88 58
 91 56
 91 56
 39 58
 39 58
 88 57
 87 57
 50 57
 47 57
 53 56
 53 56
 37 58
 86 58
 88 56
 57 56
 51 55
 88 55
 92 58
 52 58
 86 56
 39 56
 87 55
 54 55
 48 57
 50 57
 53 56
 92 56
 87 55
 37 55
 86 57
 56 57
 52 57
 88 57
 91 56
 92 56
 87 58
 38 58
 87 59
 89 59
 48 57
 88 57
 92 58
 91 58
 86 56
 86 56
 54 59
 88 59
 47 56
 87 56
 53 58
 92 58
 38 58
 39 58
 55 57
 57 57
 53 58
 51 58
 92 56
 52 56
 39 58
 38 58
 87 56
 54 56
 50 58
 51 58
 52 57
 52 57
 39 57
 86 57
 57 56
 89 56
 52 57
 51 57
 92 57
 92 57
 38 55
 86 55
 85 58
 55 58
 51 57
 50 57
 53 58
 52 58
 87 58
 40 58
 55 55
 88 55
 50 58
 49 58
 93 55
 91 55
 86 58
 37 58
 56 58
 55 58
 50 58
 87 58
 52 56
 54 56
 36 58
 38 58
 88 57
 55 57
 46 56
 49 56
 91 58
 91 58
 38 58
 85 58
 87 56
 55 56
 50 58
 48 58
 92 58
 92 58
 37 55
 39 55
 54 58
 56 58
 53 58
 49 58
 91 58
 92 58
 86 56
 38 56
 56 57
 55 57
 54 58
 51 58
 92 57
 92 57
 86 58
 85 58
 87 56
 86 56
 51 57
 89 57
 92 57
 91 57
 86 57
 85 57
 88 58
 88 58
 48 55
 54 55
 91 59
 53 59
 40 57
 38 57
 88 57
 57 57
 49 58
 51 58
 92 56
 91 56
 85 56
 38 56
 89 57
 88 57
 52 56
 52 56
 54 58
 51 58
 38 57
 87 57
 57 57
 87 57
 88 58
 88 58
 92 56
 92 56
 86 58
 85 58
 88 58
 56 58
 45 57
 52 57
 91 55
 53 55
 86 58
 39 58
 86 56
 56 56
 50 57
 52 57
 52 57
 91 57
 38 56
 86 56
 54 58
 88 58
 88 57
 46 57
 52 58
 92 58
 37 56
 36 56
 86 57
 88 57
 49 57
 88 57
 54 56
 51 56
 38 57
 85 57
 55 58
 86 58
 51 55
 50 55
 92 58
 91 58
 86 57
 37 57
 56 57
 88 57
 50 59
 51 59
 53 57
 92 57
 37 56
 37 56
 87 58
 87 58
 49 55
 52 55
 92 57
 91 57
 87 57
 86 57
 55 57
 88 57
 49 56
 48 56
 92 56
 92 56
 86 56
 37 56
 88 57
 87 57
 87 57
 87 57
 92 56
 54 56
 39 57
 40 57
 88 57
 55 57
 88 57
 88 57
 51 55
 93 55
 36 57
 37 57
 88 56
 86 56
 88 57
 48 57
 52 58
 93 58
 38 57
 87 57
 88 57
 54 57
 89 57
 48 57
 53 58
 53 58
 38 56
 39 56
 56 56
 86 56
 46 57
 47 57
 92 58
 52 58
 39 56
 38 56
 56 56
 55 56
 52 57
 47 57
 92 57
 56 57
 86 57
 39 57
 56 57
 88 57
 50 56
 49 56
 51 56
 91 56
 85 57
 86 57
 55 57
 86 57
 53 57
 52 57
 53 55
 93 55
 36 57
 87 57
 58 59
 86 59
 88 58
 48 58
 51 57
 91 57
 38 55
 86 55
 56 58
 88 58
 88 55
 88 55
 52 56
 92 56
 37 58
 37 58
 56 58
 56 58
 52 55
 51 55
 91 56
 53 56
 36 57
 87 57
 87 57
 86 57
 54 57
 87 57
 92 57
 92 57
 86 56
 39 56
 55 59
 56 59
 48 57
 50 57
 92 57
 92 57
 39 57
 86 57
 58 56
 56 56
 89 57
 53 57
 92 56
 53 56
 36 58
 86 58
 87 58
 57 58
 52 57
 88 57
 92 57
 92 57
 36 57
 85 57
 87 55
 87 55
 52 58
 87 58
 92 57
 53 57
 39 57
 37 57
 56 58
 87 58
 46 56
 51 56
 51 56
 91 56
 87 56
 39 56
 88 57
 55 57
 88 57
 51 57
 92 58
 92 58
 40 55
 37 55
 89 58
 89 58
 51 59
 52 59
 91 56
 92 56
 38 58
 85 58
 56 58
 87 58
 87 55
 48 55
 91 56
 92 56
 38 59
 36 59
 86 58
 87 58
 51 56
 51 56
 51 57
 54 57
 87 58
 85 58
 56 56
 56 56
 88 58
 89 58
 92 58
 91 58
 86 57
 86 57
 88 57
 88 57
 48 58
 88 58
 91 58
 91 58
 40 55
 40 55
 56 59
 88 59
 48 56
 49 56
 92 57
 50 57
 39 56
 86 56
 55 55
 86 55
 49 58
 49 58
 92 57
 92 57
 39 56
 87 56
 88 60
 88 60
 52 56
 53 56
 54 56
 92 56
 39 57
 40 57
 54 57
 87 57
 88 57
 53 57
 51 58
 54 58
 86 56
 39 56
 87 58
 55 58
 55 55
 51 55
 92 57
 92 57
 87 58
 39 58
 88 56
 54 56
 51 55
 89 55
 92 59
 92 59
 37 58
 36 58
 87 55
 88 55
 52 56
 50 56
 52 57
 53 57
 86 56
 36 56
 87 58
 86 58
 87 56
 47 56
 52 57
 93 57
 37 56
 85 56
 88 57
 87 57
 88 59
 48 59
 52 55
 92 55
 40 55
 86 55
 87 59
 87 59
 88 56
 50 56
 53 59
 91 59
 86 57
 86 57
 88 58
 88 58
 89 56
 52 56
 53 56
 92 56
 38 58
 39 58
 87 56
 57 56
 89 55
 50 55
 53 57
 91 57
 86 58
 86 58
 55 56
 86 56
 52 58
 88 58
 51 57
 52 57
 36 57
 37 57
 55 58
 54 58
 89 56
 88 56
 54 58
 54 58
 39 56
 86 56
 88 57
 54 57
 49 57
 87 57
 91 56
 92 56
 37 56
 38 56
 87 57
 56 57
 52 57
 52 57
 91 58
 92 58
 36 57
 38 57
 86 57
 87 57
 47 57
 88 57
 54 57
 91 57
 36 57
 39 57
 57 57
 87 57
 87 57
 89 57
 92 56
 91 56
 36 57
 40 57
 58 57
 88 57
 53 56
 88 56
 54 58
 92 58
 86 56
 39 56
 86 58
 88 58
 88 57
 51 57
 92 56
 92 56
 37 57
 36 57
 88 58
 87 58
 49 56
 87 56
 92 56
 52 56
 86 57
 38 57
 55 57
 87 57
 88 56
 48 56
 54 57
 92 57
 39 56
 36 56
 86 58
 87 58
 50 56
 88 56
 92 59
 92 59
 86 58
 85 58
 57 57
 86 57
 87 58
 48 58
 92 57
 54 57
 37 57
 40 57
 57 59
 89 59
 89 56
 51 56
 51 59
 92 59
 85 57
 37 57
 55 56
 56 56
 51 58
 87 58
 53 57
 92 57
 86 59
 87 59
 57 56
 85 56
 48 56
 48 56
 92 57
 91 57
 39 58
 37 58
 54 56
 54 56
 52 57
 49 57
 91 57
 54 57
 86 58
 86 58
 87 57
 58 57
 51 57
 51 57
 54 58
 54 58
 86 57
 36 57
 57 57
 86 57
 53 58
 47 58
 91 58
 91 58
 39 55
 37 55
 56 58
 57 58
 89 58
 49 58
 53 58
 92 58
 86 55
 86 55
 54 56
 87 56
 86 56
 48 56
 51 58
 92 58
 37 58
 38 58
 57 57
 89 57
 50 57
 53 57
 52 57
 53 57
 87 58
 37 58
 87 56
 87 56
 52 56
 49 56
 92 57
 53 57
 37 56
 39 56
 87 56
 87 56
 51 57
 87 57
 92 57
 92 57
 86 55
 86 55
 87 58
 89 58
 88 58
 89 58
 91 57
 91 57
 37 56
 36 56
 86 56
 88 56
 50 60
 88 60
 52 54
 54 54
 86 58
 87 58
 56 57
 54 57
 88 57
 48 57
 50 56
 52 56
 38 58
 87 58
 86 56
 88 56
 52 58
 88 58
 51 56
 50 56
 38 57
 38 57
 89 56
 55 56
 89 57
 51 57
 92 55
 91 55
 40 57
 86 57
 86 57
 54 57
 89 57
 49 57
 91 57
 52 57
 86 57
 86 57
 56 56
 53 56
 49 57
 49 57
 52 58
 92 58
 36 56
 37 56
 87 57
 88 57
 50 56
 88 56
 54 58
 53 58
 87 58
 38 58
 88 56
 57 56
 51 57
 87 57
 92 58
 51 58
 36 58
 37 58
 87 56
 87 56
 89 57
 88 57
 53 57
 92 57
 40 57
 86 57
 87 56
 55 56
 50 59
 88 59
 92 57
 92 57
 37 57
 39 57
 89 57
 88 57
 88 56
 49 56
 92 57
 53 57
 38 56
 86 56
 56 57
 87 57
 49 57
 52 57
 52 57
 51 57
 86 56
 85 56
 88 57
 55 57
 53 57
 49 57
 92 56
 93 56
 36 56
 39 56
 54 55
 55 55
 88 57
 88 57
 91 59
 54 59
 38 57
 37 57
 54 57
 87 57
 47 58
 52 58
 93 56
 93 56
 86 57
 86 57
 86 57
 57 57
 51 56
 88 56
 92 56
 92 56
 36 58
 86 58
 55 58
 58 58
 52 57
 88 57
 93 56
 55 56
 38 59
 37 59
 87 56
 86 56
 89 56
 88 56
 92 57
 51 57
 37 57
 36 57
 88 58
 57 58
 50 57
 51 57
 51 57
 92 57
 38 56
 38 56
 54 56
 89 56
 87 56
 52 56
 91 58
 92 58
 36 56
 86 56
 54 57
 57 57
 52 58
 88 58
 52 56
 91 56
 40 56
 86 56
 85 57
 57 57
 47 58
 88 58
 92 57
 93 57
 37 57
 36 57
 87 57
 57 57
 87 58
 88 58
 92 56
 51 56
 39 57
 39 57
 88 57
 88 57
 51 56
 49 56
 92 56
 52 56
 40 57
 37 57
 86 58
 87 58
 50 59
 49 59
 92 55
 93 55
 37 58
 86 58
 55 56
 88 56
 48 57
 50 57
 92 57
 91 57
 86 58
 36 58
 89 56
 88 56
 49 56
 51 56
 93 59
 91 59
 85 57
 40 57
 87 56
 89 56
 88 57
 51 57
 54 57
 92 57
 36 57
 87 57
 56 58
 56 58
 87 55
 52 55
 92 56
 91 56
