 2 4
 2 4
 9 15
 9 15
 33 50
 32 50
 86 99
 87 99
 47 5
 46 5
 98 18
 97 18
 9 55
 8 55
 26 73
 27 73
 84 58
 81 58
 67 52
 62 52
 93 56
 91 56
 29 59
 28 59
 85 57
 78 57
 60 58
 57 58
 97 56
 96 56
 22 56
 17 56
 63 58
 59 58
 92 58
 82 58
 51 58
 52 58
 96 56
 94 56
 42 57
 39 57
 92 58
 87 58
 63 56
 45 56
 96 56
 94 56
 25 57
 15 57
 61 57
 62 57
 97 56
 93 56
 19 59
 28 59
 59 56
 62 56
 85 56
 89 56
 32 57
 49 57
 93 56
 93 56
 33 58
 28 58
 95 57
 88 57
 31 56
 44 56
 83 58
 88 58
 46 56
 66 56
 97 57
 93 57
 16 57
 22 57
 67 58
 69 58
 89 56
 88 56
 48 57
 53 57
 97 56
 92 56
 26 57
 19 57
 60 55
 54 55
 85 57
 93 57
 32 56
 30 56
 62 58
 74 58
 90 55
 89 55
 44 58
 45 58
 96 57
 96 57
 22 57
 20 57
 61 57
 64 57
 66 56
 89 56
 51 57
 79 57
 97 56
 96 56
 19 58
 20 58
 64 58
 87 58
 85 57
 60 57
 49 58
 54 58
 96 54
 75 54
 21 58
 23 58
 73 57
 89 57
 76 58
 78 58
 90 55
 75 55
 48 57
 76 57
 84 57
 93 57
 59 56
 57 56
 94 58
 95 58
 20 56
 17 56
 57 58
 54 58
 95 57
 95 57
 31 57
 21 57
 71 56
 80 56
 83 57
 87 57
 71 55
 57 55
 94 59
 94 59
 32 57
 36 57
 95 56
 90 56
 45 58
 35 58
 93 57
 78 57
 56 56
 38 56
 96 56
 96 56
 13 59
 21 59
 64 57
 66 57
 96 56
 89 56
 17 58
 26 58
 74 57
 74 57
 86 57
 67 57
 72 59
 59 59
 90 55
 87 55
 62 59
 43 59
 95 56
 87 56
 18 58
 18 58
 60 56
 72 56
 88 56
 64 56
 55 58
 51 58
 97 58
 96 58
 15 57
 18 57
 62 59
 61 59
 94 57
 96 57
 28 55
 30 55
 77 61
 90 61
 70 55
 68 55
 85 58
 85 58
 48 57
 48 57
 96 54
 97 54
 15 59
 15 59
 53 56
 59 56
 78 59
 95 59
 20 57
 49 57
 69 57
 88 57
 51 56
 52 56
 67 58
 66 58
 82 57
 82 57
 61 58
 61 58
 61 57
 88 57
 51 56
 52 56
 93 57
 95 57
 30 58
 35 58
 83 56
 83 56
 54 56
 44 56
 98 58
 98 58
 11 56
 9 56
 32 57
 33 57
 93 55
 91 55
 39 58
 39 58
 90 57
 84 57
 47 58
 43 58
 98 56
 95 56
 20 57
 12 57
 44 58
 62 58
 99 56
 97 56
 11 56
 9 56
 31 57
 33 57
 91 56
 88 56
 34 57
 37 57
 92 57
 93 57
 18 57
 15 57
 69 56
 60 56
 97 57
 97 57
 11 58
 11 58
 46 56
 59 56
 97 56
 97 56
 11 55
 11 55
 40 59
 41 59
 97 57
 96 57
 14 57
 11 57
 48 56
 44 56
 99 58
 98 58
 10 56
 8 56
 29 57
 27 57
 83 56
 86 56
 46 56
 51 56
 98 58
 98 58
 8 58
 8 58
 28 58
 31 58
 82 58
 73 58
 71 57
 64 57
 83 57
 83 57
 31 58
 47 58
 98 56
 97 56
 11 58
 16 58
 41 57
 41 57
 97 57
 94 57
 17 57
 20 57
 51 58
 65 58
 96 57
 98 57
 11 57
 10 57
 33 57
 34 57
 91 58
 95 58
 23 55
 25 55
 75 57
 74 57
 73 58
 72 58
 70 55
 73 55
 71 59
 83 59
 70 56
 71 56
 75 56
 87 56
 67 58
 49 58
 97 57
 94 57
 23 56
 24 56
 55 56
 62 56
 91 57
 93 57
 57 58
 43 58
 89 57
 91 57
 24 57
 27 57
 85 55
 77 55
 56 58
 79 58
 76 58
 71 58
 67 58
 61 58
 93 56
 91 56
 30 58
 17 58
 81 58
 71 58
 83 56
 85 56
 55 57
 71 57
 89 55
 89 55
 33 60
 40 60
 91 56
 93 56
 21 56
 26 56
 66 57
 78 57
 79 58
 84 58
 80 57
 78 57
 74 57
 94 57
 42 57
 62 57
 94 58
 95 58
 33 56
 20 56
 75 57
 64 57
 86 56
 77 56
 56 56
 71 56
 77 56
 86 56
 49 58
 35 58
 84 57
 95 57
 30 56
 42 56
 81 58
 84 58
 31 58
 32 58
 96 56
 96 56
 23 58
 32 58
 71 58
 73 58
 71 57
 60 57
 94 56
 89 56
 34 57
 36 57
 94 57
 88 57
 21 57
 30 57
 71 58
 68 58
 83 58
 82 58
 69 57
 83 57
 86 55
 78 55
 64 56
 77 56
 60 56
 70 56
 63 59
 63 59
 57 56
 53 56
 91 55
 88 55
 45 59
 75 59
 93 56
 93 56
 34 56
 34 56
 93 58
 96 58
 35 57
 35 57
 86 58
 89 58
 45 56
 61 56
 98 57
 97 57
 8 58
 12 58
 35 56
 49 56
 95 55
 96 55
 21 58
 18 58
 67 57
 71 57
 95 56
 94 56
 31 56
 35 56
 92 58
 94 58
 29 57
 31 57
 88 57
 93 57
 42 56
 56 56
 97 58
 96 58
 18 58
 17 58
 58 57
 53 57
 96 57
 80 57
 23 58
 23 58
 78 57
 80 57
 47 56
 42 56
 87 57
 95 57
 38 58
 42 58
 78 56
 91 56
 63 57
 60 57
 97 59
 97 59
 20 58
 12 58
 54 58
 62 58
 97 56
 97 56
 13 56
 13 56
 39 56
 41 56
 96 57
 95 57
 20 56
 13 56
 47 57
 57 57
 98 56
 95 56
 9 58
 8 58
 41 56
 34 56
 92 57
 91 57
 54 59
 55 59
 97 56
 96 56
 11 57
 13 57
 39 57
 30 57
 87 57
 92 57
 37 56
 47 56
 98 56
 99 56
 12 58
 12 58
 43 57
 52 57
 97 57
 94 57
 23 57
 24 57
 56 57
 54 57
 97 57
 95 57
 13 57
 13 57
 44 56
 37 56
 96 57
 96 57
 24 57
 22 57
 52 58
 60 58
 90 55
 97 55
 26 59
 27 59
 70 59
 59 59
 94 55
 76 55
 41 58
 35 58
 96 55
 94 55
 19 58
 26 58
 89 56
 72 56
 51 58
 73 58
 89 56
 93 56
 35 57
 42 57
 89 58
 95 58
 39 58
 32 58
 74 57
 74 57
 54 56
 63 56
 95 58
 96 58
 19 56
 23 56
 72 57
 70 57
 54 57
 68 57
 86 56
 94 56
 37 56
 61 56
 95 58
 90 58
 20 56
 24 56
 67 58
 80 58
 78 56
 74 56
 67 56
 80 56
 90 56
 77 56
 49 58
 48 58
 95 57
 94 57
 57 57
 44 57
 81 56
 93 56
 35 57
 51 57
 96 56
 97 56
 17 57
 29 57
 66 57
 75 57
 91 55
 93 55
 32 57
 51 57
 92 57
 91 57
 29 58
 25 58
 70 57
 81 57
 62 57
 79 57
 68 56
 83 56
 58 57
 62 57
 84 57
 60 57
 82 58
 63 58
 50 57
 78 57
 78 57
 89 57
 57 56
 37 56
 90 57
 94 57
 34 56
 22 56
 80 57
 85 57
 62 58
 56 58
 97 58
 96 58
 16 58
 20 58
 53 55
 54 55
 88 57
 95 57
 28 58
 27 58
 79 58
 79 58
 41 56
 55 56
 95 58
 93 58
 15 57
 21 57
 57 58
 64 58
 98 57
 98 57
 12 57
 11 57
 54 58
 39 58
 97 56
 98 56
 14 58
 13 58
 43 57
 44 57
 97 57
 97 57
 12 59
 13 59
 47 56
 51 56
 98 58
 98 58
 11 56
 19 56
 53 57
 37 57
 94 59
 92 59
 15 55
 19 55
 57 56
 65 56
 98 58
 96 58
 16 57
 15 57
 54 58
 48 58
 96 57
 91 57
 12 56
 14 56
 62 58
 55 58
 97 59
 97 59
 12 55
 11 55
 47 56
 49 56
 79 58
 97 58
 12 57
 23 57
 45 56
 51 56
 96 56
 97 56
 13 57
 13 57
 42 57
 45 57
 97 58
 80 58
 15 58
 43 58
 47 58
 50 58
 97 57
 98 57
 12 57
 12 57
 46 58
 44 58
 97 57
 95 57
 49 57
 14 57
 52 56
 54 56
 97 58
 97 58
 15 57
 15 57
 53 57
 51 57
 98 57
 96 57
 14 56
 52 56
 53 57
 50 57
 98 58
 97 58
 15 57
 13 57
 48 57
 46 57
 96 57
 97 57
 13 55
 14 55
 44 58
 49 58
 97 57
 97 57
 14 56
 12 56
 50 57
 47 57
 97 58
 98 58
 14 57
 13 57
 47 56
 46 56
 98 55
 97 55
 13 58
 14 58
 47 57
 48 57
 76 57
 96 57
 15 57
 13 57
 47 56
 44 56
 97 57
 97 57
 13 58
 49 58
 50 56
 44 56
 97 57
 97 57
 13 57
 14 57
 51 57
 45 57
 76 57
 98 57
 14 56
 13 56
 45 59
 79 59
 97 56
 96 56
 13 57
 15 57
 49 58
 48 58
 96 57
 97 57
 11 57
 12 57
 47 56
 43 56
 97 57
 97 57
 12 55
 15 55
 80 57
 48 57
 97 58
 97 58
 13 57
 14 57
 48 59
 46 59
 97 56
 97 56
 16 57
 15 57
 51 57
 50 57
 98 56
 97 56
 13 57
 12 57
 45 56
 44 56
 98 57
 97 57
 15 57
 47 57
 50 58
 50 58
 97 56
 98 56
 14 57
 12 57
 46 57
 47 57
 97 58
 98 58
 14 55
 12 55
 49 56
 49 56
 97 57
 97 57
 12 57
 13 57
 78 58
 43 58
 97 57
 96 57
 15 56
 16 56
 49 57
 80 57
 97 56
 75 56
 12 56
 13 56
 47 57
 45 57
 96 57
 96 57
 14 58
 13 58
 49 58
 50 58
 97 56
 98 56
 13 58
 12 58
 48 58
 46 58
 97 56
 98 56
 13 56
 13 56
 51 56
 48 56
 98 58
 76 58
 12 58
 50 58
 45 58
 49 58
 97 58
 96 58
 13 56
 16 56
 80 57
 53 57
 98 59
 98 59
 12 55
 13 55
 49 57
 46 57
 97 56
 77 56
 12 58
 14 58
 51 56
 49 56
 97 57
 97 57
 12 56
 12 56
 48 56
 49 56
 96 59
 97 59
 49 58
 14 58
 46 58
 80 58
 97 56
 97 56
 50 57
 12 57
 47 55
 44 55
 97 59
 97 59
 12 55
 17 55
 51 57
 50 57
 98 56
 75 56
 12 57
 14 57
 46 57
 45 57
 96 57
 97 57
 14 56
 49 56
 81 58
 50 58
 97 57
 97 57
 14 58
 13 58
 46 57
 45 57
 98 55
 97 55
 13 57
 12 57
 47 58
 78 58
 97 57
 78 57
 15 57
 15 57
 50 58
 48 58
 97 56
 97 56
 13 56
 12 56
 48 57
 50 57
 77 57
 97 57
 15 55
 13 55
 47 58
 52 58
 97 57
 77 57
 12 56
 12 56
 49 57
 44 57
 78 57
 97 57
 13 58
 13 58
 50 57
 52 57
 97 55
 97 55
 14 58
 13 58
 47 56
 45 56
 97 56
 97 56
 48 57
 48 57
 48 58
 49 58
 98 59
 98 59
 15 58
 13 58
 44 56
 44 56
 97 58
 97 58
 13 57
 14 57
 50 57
 48 57
 97 56
 97 56
 13 58
 13 58
 47 56
 47 56
 97 55
 96 55
 15 58
 16 58
 51 56
 56 56
 97 55
 97 55
 12 57
 13 57
 52 56
 49 56
 98 55
 97 55
 13 57
 13 57
 47 57
 45 57
 97 56
 97 56
 14 58
 13 58
 52 59
 81 59
 97 57
 98 57
 11 58
 50 58
 78 56
 46 56
 97 59
 78 59
 16 56
 15 56
 50 58
 49 58
 97 58
 98 58
 12 57
 14 57
 46 58
 46 58
 98 56
 98 56
 13 58
 12 58
 46 56
 50 56
 96 58
 97 58
 14 57
 14 57
 79 57
 45 57
 98 56
 97 56
 13 57
 14 57
 80 57
 48 57
 77 55
 97 55
 13 58
 14 58
 47 57
 47 57
 97 58
 97 58
 15 58
 13 58
 49 55
 80 55
 98 58
 96 58
 15 55
 12 55
 49 58
 47 58
 97 58
 97 58
 14 58
 13 58
 48 56
 48 56
 98 58
 97 58
 14 57
 13 57
 45 56
 45 56
 97 58
 97 58
 14 58
 15 58
 54 56
 51 56
 97 58
 97 58
 13 58
 11 58
 44 55
 48 55
 96 58
 96 58
 15 58
 49 58
 48 58
 47 58
 97 56
 98 56
 12 57
 14 57
 46 58
 44 58
 97 57
 96 57
 14 58
 15 58
 55 56
 81 56
 76 57
 98 57
 13 57
 50 57
 45 57
 47 57
 97 58
 97 58
 14 55
 14 55
 81 59
 54 59
 98 57
 97 57
 50 57
 12 57
 48 58
 45 58
 96 56
 96 56
 12 56
 14 56
 45 57
 48 57
 97 56
 97 56
 12 58
 14 58
 47 57
 44 57
 97 57
 78 57
 16 58
 13 58
 50 56
 49 56
 77 58
 97 58
 14 58
 14 58
 48 57
 47 57
 97 55
 98 55
 15 58
 14 58
 51 56
 52 56
 97 57
 97 57
 14 57
 13 57
 47 56
 43 56
 97 58
 97 58
 15 57
 13 57
 49 58
 81 58
 97 56
 98 56
 13 57
 11 57
 43 57
 44 57
 97 56
 97 56
 16 57
 15 57
 53 58
 48 58
 98 55
 98 55
 12 58
 14 58
 46 57
 48 57
 97 57
 96 57
 15 59
 13 59
 80 57
 48 57
 97 56
 98 56
 14 58
 13 58
 49 55
 45 55
 97 57
 97 57
 12 57
 12 57
 47 57
 49 57
 98 56
 97 56
 12 56
 13 56
 79 56
 51 56
 96 57
 97 57
 12 57
 15 57
 46 56
 48 56
 97 57
 98 57
 14 57
 50 57
 80 57
 45 57
 97 55
 96 55
 48 57
 13 57
 45 56
 49 56
 98 57
 98 57
 12 58
 15 58
 46 57
 44 57
 98 57
 96 57
 13 57
 13 57
 50 58
 51 58
 75 56
 98 56
 14 56
 14 56
 79 57
 44 57
 96 58
 98 58
 14 56
 15 56
 49 56
 53 56
 98 57
 98 57
 51 57
 14 57
 43 57
 48 57
 97 57
 97 57
 12 56
 14 56
 45 56
 51 56
 98 57
 98 57
 14 57
 51 57
 44 57
 46 57
 96 55
 98 55
 13 57
 15 57
 55 59
 49 59
 97 58
 77 58
 11 57
 13 57
 43 55
 43 55
 96 58
 96 58
 13 55
 49 55
 50 56
 55 56
 97 58
 97 58
 13 58
 15 58
 47 55
 48 55
 76 56
 97 56
 13 57
 13 57
 48 57
 48 57
 98 57
 98 57
 14 57
 12 57
 80 56
 79 56
 96 59
 97 59
 14 57
 13 57
 51 57
 50 57
 97 57
 97 57
 15 56
 12 56
 46 57
 45 57
 96 56
 78 56
 13 58
 12 58
 52 58
 48 58
 98 57
 96 57
 13 57
 12 57
 46 57
 45 57
 97 55
 97 55
 16 58
 12 58
 53 57
 47 57
 97 57
 98 57
 13 58
 49 58
 48 56
 45 56
 96 56
 97 56
 14 56
 14 56
 52 57
 50 57
 97 57
 98 57
 12 58
 13 58
 48 55
 80 55
 97 58
 96 58
 48 59
 14 59
 51 56
 50 56
 97 58
 75 58
 14 58
 13 58
 47 55
 49 55
 76 56
 97 56
 15 59
 14 59
 48 58
 52 58
 98 56
 97 56
 12 57
 15 57
 44 58
 48 58
 97 56
 96 56
 16 58
 47 58
 80 58
 51 58
 97 57
 98 57
 13 57
 14 57
 44 58
 48 58
 97 58
 96 58
 15 55
 14 55
 49 59
 49 59
 97 56
 98 56
 13 57
 15 57
 45 56
 49 56
 97 55
 76 55
 15 58
 15 58
 51 57
 51 57
 97 56
 97 56
 14 60
 14 60
 48 56
 47 56
 96 56
 98 56
 12 57
 15 57
 51 57
 49 57
 97 57
 97 57
 14 58
 13 58
 48 56
 50 56
 97 58
 96 58
 14 55
 14 55
 47 57
 54 57
 97 58
 97 58
 14 56
 11 56
 47 55
 49 55
 77 59
 96 59
 15 58
 15 58
 52 55
 52 55
 97 56
 98 56
 49 57
 12 57
 43 56
 43 56
 97 58
 96 58
 14 56
 15 56
 53 57
 52 57
 96 56
 98 56
 12 57
 13 57
 47 59
 45 59
 97 55
 97 55
 13 55
 14 55
 46 59
 51 59
 96 56
 97 56
 14 59
 14 59
 48 57
 79 57
 97 58
 97 58
 48 56
 15 56
 47 56
 54 56
 98 58
 77 58
 50 56
 14 56
 44 55
 47 55
 97 57
 97 57
 13 58
 15 58
 49 56
 51 56
 98 58
 98 58
 11 57
 51 57
 79 57
 48 57
 97 58
 97 58
 12 56
 13 56
 51 58
 80 58
 97 56
 98 56
 12 57
 14 57
 47 57
 45 57
 97 56
 97 56
 15 56
 13 56
 47 57
 48 57
 98 57
 97 57
 13 58
 14 58
 44 57
 46 57
 96 57
 96 57
 14 57
 12 57
 80 57
 49 57
 97 57
 97 57
 12 57
 51 57
 44 57
 46 57
 96 56
 79 56
 49 57
 14 57
 46 57
 54 57
 97 56
 97 56
 14 58
 14 58
 45 56
 47 56
 77 58
 97 58
 15 57
 15 57
 49 56
 50 56
 97 57
 97 57
 12 58
 50 58
 43 56
 47 56
 97 56
 97 56
 15 57
 15 57
 47 57
 53 57
 97 56
 98 56
 14 57
 52 57
 79 56
 45 56
 97 58
 77 58
 14 56
 13 56
 48 59
 53 59
 98 58
 97 58
 13 57
 12 57
 49 58
 47 58
 96 57
 96 57
 13 57
 14 57
 48 59
 53 59
 97 56
 98 56
 14 59
 13 59
 45 57
 45 57
 96 56
 97 56
 14 58
 16 58
 49 57
 49 57
 97 59
 97 59
 13 56
 12 56
 49 56
 45 56
 96 57
 77 57
 14 58
 14 58
 49 56
 79 56
 98 57
 97 57
 12 57
 14 57
 43 58
 45 58
 97 57
 79 57
 14 57
 15 57
 50 58
 47 58
 97 57
 78 57
 13 57
 13 57
 46 58
 46 58
 97 58
 96 58
 13 55
 14 55
 53 58
 48 58
 98 58
 77 58
 14 58
 12 58
 44 55
 78 55
 97 56
 97 56
 13 56
 48 56
 52 58
 47 58
 97 58
 97 58
 13 57
 14 57
 46 57
 79 57
 97 57
 97 57
 12 58
 14 58
 48 56
 46 56
 96 56
 76 56
 14 57
 12 57
 49 56
 48 56
 98 56
 97 56
 13 57
 17 57
 48 57
 49 57
 98 55
 98 55
 13 58
 13 58
 79 58
 46 58
 96 57
 98 57
 13 56
 12 56
 50 56
 48 56
 97 60
 98 60
 15 54
 12 54
 49 58
 49 58
 96 57
 77 57
 14 57
 50 57
 53 56
 48 56
 98 58
 97 58
 11 56
 13 56
 47 58
 79 58
 97 56
 96 56
 15 57
 14 57
 49 56
 51 56
 97 57
 97 57
 15 55
 50 55
 79 57
 46 57
 96 57
 97 57
 14 57
 13 57
 49 57
 49 57
 97 57
 97 57
 14 56
 13 56
 44 57
 48 57
 97 58
 96 58
 15 56
 14 56
 50 57
 49 57
 97 56
 97 56
 12 58
 11 58
 47 58
 48 58
 96 56
 78 56
 48 57
 13 57
 47 58
 79 58
 97 58
 97 58
 13 56
 13 56
 43 57
 44 57
 96 57
 97 57
 13 57
 13 57
 79 56
 51 56
 97 59
 97 59
 13 57
 14 57
 43 57
 45 57
 97 57
 98 57
 17 56
 13 56
 50 57
 48 57
 98 56
 97 56
 14 57
 13 57
 50 57
 49 57
 96 57
 97 57
 16 56
 13 56
 50 57
 80 57
 98 57
 97 57
 13 56
 14 56
 46 56
 46 56
 96 55
 97 55
 13 57
 17 57
 49 59
 52 59
 98 57
 98 57
 13 57
 14 57
 50 58
 46 58
 98 56
 96 56
 15 57
 49 57
 50 57
 52 57
 75 56
 97 56
 13 56
 12 56
 49 58
 47 58
 97 58
 96 58
 16 57
 15 57
 52 56
 52 56
 97 59
 97 59
 52 56
 13 56
 44 56
 45 56
 97 57
 97 57
 14 57
 13 57
 50 58
 46 58
 96 57
 96 57
 11 57
 49 57
 47 56
 47 56
 98 56
 97 56
 13 56
 13 56
 47 58
 51 58
 98 56
 97 56
 13 57
 12 57
 47 58
 44 58
 96 56
 96 56
 15 56
 47 56
 80 57
 50 57
 97 58
 98 58
 11 57
 12 57
 45 57
 49 57
 96 57
 97 57
 14 58
 13 58
 48 56
 53 56
 97 57
 98 57
 49 57
 13 57
 46 56
 48 56
 96 56
 97 56
 14 57
 15 57
 48 58
 53 58
 97 59
 96 59
 14 55
 14 55
 79 58
 44 58
 97 56
 97 56
 14 57
 15 57
 49 57
 50 57
 97 58
 97 58
 14 56
 14 56
 46 56
 47 56
 97 59
 97 59
 14 57
 15 57
 48 56
 50 56
 97 57
 97 57
 15 57
 12 57
 47 57
 45 57
 97 58
 98 58
 15 55
 47 55
 51 56
 51 56
