 3 4
 3 4
 10 15
 10 15
 35 50
 35 50
 90 99
 89 99
 38 5
 36 5
 91 18
 92 18
 29 55
 30 55
 83 73
 86 73
 56 58
 47 58
 98 52
 97 52
 6 56
 11 56
 24 59
 24 59
 85 57
 79 57
 53 58
 57 58
 97 56
 94 56
 13 56
 14 56
 47 58
 58 58
 98 58
 97 58
 12 58
 18 58
 43 56
 42 56
 96 57
 97 57
 24 58
 14 58
 48 56
 44 56
 94 56
 91 56
 14 57
 11 57
 46 57
 52 57
 97 56
 96 56
 18 59
 17 59
 52 56
 52 56
 94 56
 97 56
 14 57
 13 57
 44 56
 46 56
 95 58
 97 58
 14 57
 23 57
 52 56
 79 56
 77 58
 98 58
 11 56
 12 56
 45 57
 42 57
 98 57
 97 57
 12 58
 12 58
 45 56
 50 56
 97 57
 72 57
 12 56
 15 56
 41 57
 44 57
 97 55
 98 55
 15 57
 12 57
 52 56
 51 56
 97 58
 97 58
 59 55
 59 55
 45 58
 52 58
 98 57
 98 57
 14 57
 16 57
 50 57
 43 57
 71 56
 98 56
 12 57
 12 57
 43 56
 46 56
 97 58
 97 58
 15 58
 14 58
 46 57
 53 57
 97 58
 96 58
 12 54
 15 54
 45 58
 46 58
 97 57
 97 57
 12 58
 51 58
 49 55
 50 55
 97 57
 96 57
 13 57
 58 57
 41 56
 43 56
 98 58
 97 58
 13 56
 12 56
 43 58
 81 58
 97 57
 97 57
 12 57
 11 57
 43 56
 45 56
 95 57
 97 57
 12 55
 15 55
 43 59
 83 59
 97 57
 98 57
 13 56
 11 56
 47 58
 47 58
 98 57
 96 57
 11 56
 14 56
 42 56
 46 56
 98 59
 97 59
 13 57
 15 57
 44 56
 43 56
 97 58
 96 58
 12 57
 53 57
 51 57
 56 57
 96 59
 97 59
 11 55
 58 55
 43 59
 45 59
 97 56
 97 56
 16 58
 13 58
 53 56
 83 56
 97 56
 98 56
 58 58
 14 58
 44 58
 80 58
 97 57
 78 57
 13 59
 15 59
 48 57
 40 57
 98 55
 96 55
 13 61
 15 61
 47 55
 45 55
 97 58
 97 58
 58 57
 12 57
 47 54
 47 54
 94 59
 96 59
 17 56
 17 56
 54 59
 52 59
 95 57
 98 57
 13 57
 61 57
 45 56
 57 56
 97 58
 97 58
 14 57
 13 57
 52 58
 41 58
 96 57
 96 57
 16 56
 29 56
 50 57
 53 57
 95 58
 96 58
 15 56
 15 56
 45 56
 48 56
 96 58
 98 58
 56 56
 15 56
 47 57
 57 57
 96 55
 97 55
 56 58
 42 58
 45 57
 81 57
 96 58
 98 58
 15 56
 15 56
 51 57
 47 57
 96 58
 97 58
 13 56
 15 56
 50 56
 48 56
 97 57
 96 57
 13 56
 16 56
 81 57
 47 57
 97 57
 96 57
 15 57
 14 57
 52 56
 80 56
 97 57
 97 57
 12 58
 12 58
 47 56
 48 56
 96 56
 97 56
 15 55
 15 55
 81 59
 47 59
 98 57
 98 57
 16 57
 14 57
 47 56
 52 56
 71 58
 97 58
 12 56
 15 56
 81 57
 48 57
 98 56
 96 56
 12 56
 15 56
 50 58
 49 58
 98 58
 97 58
 14 58
 14 58
 48 58
 49 58
 97 57
 74 57
 12 57
 15 57
 47 58
 52 58
 96 56
 97 56
 58 58
 14 58
 50 57
 50 57
 98 57
 98 57
 58 57
 15 57
 48 58
 52 58
 97 57
 97 57
 13 57
 14 57
 51 57
 50 57
 98 58
 97 58
 57 55
 13 55
 50 57
 55 57
 97 58
 98 58
 15 55
 54 55
 48 59
 48 59
 97 56
 97 56
 12 56
 12 56
 51 58
 53 58
 98 57
 98 57
 16 56
 13 56
 51 56
 51 56
 97 57
 98 57
 14 58
 14 58
 49 57
 50 57
 98 57
 98 57
 12 55
 15 55
 49 58
 46 58
 97 58
 98 58
 13 58
 14 58
 50 56
 46 56
 97 58
 71 58
 14 58
 13 58
 49 56
 48 56
 97 57
 96 57
 13 55
 12 55
 47 60
 49 60
 97 56
 96 56
 12 56
 12 56
 81 57
 51 57
 98 58
 73 58
 14 57
 13 57
 47 57
 82 57
 97 57
 97 57
 12 58
 15 58
 52 56
 45 56
 72 57
 97 57
 14 56
 14 56
 51 56
 46 56
 73 56
 97 56
 15 58
 59 58
 81 57
 47 57
 96 56
 98 56
 59 58
 13 58
 52 58
 47 58
 97 56
 96 56
 14 58
 15 58
 47 58
 48 58
 97 57
 97 57
 14 56
 13 56
 47 57
 47 57
 97 57
 74 57
 15 57
 13 57
 53 58
 48 58
 97 58
 98 58
 14 57
 15 57
 52 55
 48 55
 98 56
 98 56
 12 56
 16 56
 81 59
 52 59
 97 56
 73 56
 14 55
 13 55
 51 59
 81 59
 97 56
 97 56
 12 56
 14 56
 49 58
 52 58
 97 57
 97 57
 15 58
 12 58
 50 56
 47 56
 97 57
 98 57
 14 58
 14 58
 49 56
 80 56
 98 55
 97 55
 12 58
 13 58
 82 57
 52 57
 97 56
 98 56
 12 56
 13 56
 47 58
 81 58
 98 57
 98 57
 14 57
 13 57
 82 56
 50 56
 97 58
 97 58
 15 58
 14 58
 81 57
 51 57
 97 57
 96 57
 15 58
 15 58
 48 57
 47 57
 97 56
 98 56
 14 57
 12 57
 45 58
 48 58
 97 56
 72 56
 15 57
 13 57
 53 59
 50 59
 96 58
 72 58
 58 58
 12 58
 46 56
 46 56
 98 56
 97 56
 12 56
 13 56
 45 57
 82 57
 96 56
 97 56
 16 57
 12 57
 49 56
 48 56
 97 58
 98 58
 60 56
 14 56
 52 57
 52 57
 96 59
 73 59
 15 56
 15 56
 51 57
 55 57
 98 57
 97 57
 15 57
 13 57
 46 56
 50 56
 71 56
 97 56
 15 58
 15 58
 45 57
 51 57
 98 57
 97 57
 13 57
 15 57
 54 57
 52 57
 98 57
 97 57
 16 57
 14 57
 81 56
 50 56
 74 57
 97 57
 14 57
 13 57
 51 58
 46 58
 97 55
 97 55
 13 59
 13 59
 53 59
 47 59
 97 55
 96 55
 14 58
 14 58
 49 55
 46 55
 97 58
 97 58
 58 56
 13 56
 47 58
 50 58
 97 56
 97 56
 56 57
 14 57
 52 58
 46 58
 98 58
 98 58
 13 57
 13 57
 49 56
 50 56
 97 58
 98 58
 13 56
 15 56
 49 57
 50 57
 97 57
 96 57
 14 56
 14 56
 54 56
 80 56
 97 58
 97 58
 15 56
 15 56
 46 58
 48 58
 97 56
 98 56
 15 56
 15 56
 82 56
 81 56
 98 58
 96 58
 55 57
 13 57
 52 57
 49 57
 97 56
 70 56
 13 57
 13 57
 52 56
 47 56
 97 57
 97 57
 12 57
 14 57
 44 55
 47 55
 97 57
 98 57
 16 57
 15 57
 53 58
 45 58
 97 57
 98 57
 14 57
 15 57
 52 56
 51 56
 97 57
 96 57
 14 57
 13 57
 48 58
 48 58
 98 57
 97 57
 15 57
 14 57
 51 56
 46 56
 97 57
 97 57
 12 56
 14 56
 50 57
 52 57
 72 58
 97 58
 15 58
 14 58
 51 58
 50 58
 98 55
 96 55
 15 57
 55 57
 49 58
 48 58
 98 58
 98 58
 15 56
 13 56
 48 58
 47 58
 97 57
 97 57
 56 58
 12 58
 47 57
 50 57
 96 57
 97 57
 14 58
 12 58
 50 56
 53 56
 96 58
 98 58
 14 57
 15 57
 81 57
 80 57
 97 59
 97 59
 13 56
 15 56
 45 58
 48 58
 98 56
 97 56
 13 57
 13 57
 48 59
 48 59
 96 55
 96 55
 15 56
 14 56
 46 58
 51 58
 97 57
 97 57
 56 58
 17 58
 45 57
 80 57
 75 56
 96 56
 16 58
 15 58
 50 59
 81 59
 71 55
 98 55
 60 56
 13 56
 46 58
 80 58
 98 57
 97 57
 13 56
 15 56
 49 56
 49 56
 97 57
 98 57
 15 57
 13 57
 50 58
 49 58
 71 58
 97 58
 14 58
 12 58
 47 57
 50 57
 98 57
 97 57
 57 58
 13 58
 49 57
 80 57
 98 57
 97 57
 14 56
 14 56
 81 58
 82 58
 97 57
 72 57
 13 57
 14 57
 47 57
 48 57
 97 56
 97 56
 14 57
 15 57
 47 58
 49 58
 97 57
 97 57
 13 57
 60 57
 49 57
 47 57
 98 55
 96 55
 13 58
 14 58
 48 57
 53 57
 97 56
 97 56
 13 57
 12 57
 52 58
 82 58
 97 57
 97 57
 58 56
 12 56
 81 55
 81 55
 98 58
 97 58
 16 57
 15 57
 47 57
 47 57
 97 57
 70 57
 14 56
 14 56
 46 57
 81 57
 97 58
 96 58
 14 56
 15 56
 52 57
 48 57
 97 57
 97 57
 13 57
 15 57
 45 57
 48 57
 97 56
 97 56
 14 59
 56 59
 50 56
 44 56
 97 57
 97 57
 17 58
 14 58
 53 57
 51 57
 97 57
 97 57
 13 56
 15 56
 46 57
 54 57
 97 55
 98 55
 16 57
 14 57
 49 58
 48 58
 98 57
 98 57
 56 59
 17 59
 46 56
 46 56
 98 57
 97 57
 12 57
 15 57
 49 56
 49 56
 97 57
 96 57
 12 56
 13 56
 47 57
 50 57
 71 57
 70 57
 14 58
 15 58
 50 56
 45 56
 98 57
 97 57
 13 57
 14 57
 49 58
 53 58
 97 55
 97 55
 13 56
 14 56
 46 57
 47 57
 98 57
 96 57
 13 58
 14 58
 52 57
 48 57
 97 56
 97 56
 17 57
 14 57
 51 56
 81 56
 74 56
 97 56
 14 57
 14 57
 52 57
 47 57
 97 58
 98 58
 14 58
 14 58
 81 56
 81 56
 96 58
 97 58
 16 58
 15 58
 80 56
 51 56
 98 56
 97 56
 14 56
 15 56
 49 58
 46 58
 97 58
 97 58
 59 58
 14 58
 48 58
 51 58
 97 56
 97 56
 14 57
 15 57
 51 59
 51 59
 97 55
 97 55
 13 57
 16 57
 48 56
 51 56
 97 58
 96 58
 12 56
 12 56
 48 57
 49 57
 97 56
 98 56
 15 56
 12 56
 47 59
 51 59
 98 58
 97 58
 15 58
 56 58
 45 56
 51 56
 97 57
 97 57
 14 55
 15 55
 48 59
 48 59
 97 55
 97 55
 57 57
 15 57
 51 56
 51 56
 97 57
 97 57
 58 57
 14 57
 51 57
 51 57
 97 56
 75 56
 15 58
 12 58
 50 57
 50 57
 97 58
 97 58
 15 57
 13 57
 50 55
 47 55
 97 57
 98 57
 14 58
 15 58
 45 57
 52 57
 97 57
 97 57
 12 58
 14 58
 53 56
 50 56
 96 56
 98 56
 15 57
 14 57
 48 57
 80 57
 97 55
 98 55
 12 58
 57 58
 46 57
 52 57
 97 56
 97 56
 14 57
 15 57
 46 57
 50 57
 98 58
 98 58
 15 57
 60 57
 46 55
 49 55
 97 58
 97 58
 13 56
 14 56
 45 56
 46 56
 96 57
 74 57
 15 58
 13 58
 50 59
 50 59
 97 58
 73 58
 14 56
 14 56
 52 58
 50 58
 97 57
 73 57
 12 57
 15 57
 46 56
 48 56
 97 58
 97 58
 13 56
 13 56
 46 55
 50 55
 73 58
 96 58
 59 56
 13 56
 47 55
 52 55
 98 57
 97 57
 13 56
 15 56
 50 55
 51 55
 97 57
 97 57
 13 57
 14 57
 47 56
 47 56
 97 58
 97 58
 15 59
 12 59
 81 57
 51 57
 97 58
 73 58
 15 56
 12 56
 45 59
 47 59
 97 56
 97 56
 59 58
 12 58
 47 58
 52 58
 98 57
 71 57
 12 58
 15 58
 52 56
 49 56
 98 58
 96 58
 58 56
 12 56
 51 58
 46 58
 97 57
 97 57
 13 57
 56 57
 47 56
 48 56
 97 57
 96 57
 12 57
 57 57
 52 55
 50 55
 96 58
 97 58
 12 57
 14 57
 51 58
 49 58
 98 58
 97 58
 14 55
 15 55
 50 58
 49 58
 97 55
 97 55
 12 58
 16 58
 49 58
 48 58
 96 58
 98 58
 12 56
 16 56
 48 58
 53 58
 97 57
 97 57
 13 56
 57 56
 49 58
 52 58
 97 58
 97 58
 15 56
 14 56
 46 58
 46 58
 96 58
 98 58
 14 55
 14 55
 52 58
 46 58
 97 58
 98 58
 13 58
 16 58
 51 56
 49 56
 97 57
 97 57
 58 58
 13 58
 50 57
 81 57
 75 58
 97 58
 13 56
 13 56
 46 57
 50 57
 97 57
 98 57
 15 57
 14 57
 50 58
 46 58
 97 55
 98 55
 13 59
 55 59
 47 57
 50 57
 97 57
 97 57
 14 58
 14 58
 53 56
 46 56
 73 56
 98 56
 14 57
 59 57
 48 56
 51 56
 72 58
 72 58
 15 57
 15 57
 81 57
 51 57
 97 58
 97 58
 12 56
 59 56
 51 58
 51 58
 97 58
 72 58
 15 57
 58 57
 47 55
 45 55
 97 58
 72 58
 12 56
 13 56
 51 57
 50 57
 71 57
 96 57
 13 56
 14 56
 45 58
 51 58
 97 57
 97 57
 12 58
 15 58
 51 56
 53 56
 97 57
 96 57
 15 57
 14 57
 49 56
 47 56
 73 57
 96 57
 12 58
 13 58
 45 55
 81 55
 74 58
 97 58
 14 57
 15 57
 48 57
 52 57
 97 59
 97 59
 14 57
 13 57
 47 56
 46 56
 97 58
 73 58
 15 55
 12 55
 48 57
 51 57
 97 57
 73 57
 58 57
 56 57
 81 56
 81 56
 97 56
 72 56
 12 56
 15 56
 81 57
 81 57
 97 57
 97 57
 14 56
 15 56
 54 57
 51 57
 97 57
 97 57
 13 57
 15 57
 80 55
 51 55
 98 57
 96 57
 14 56
 13 56
 53 57
 52 57
 97 58
 97 58
 14 57
 12 57
 51 57
 45 57
 97 57
 97 57
 14 58
 14 58
 46 56
 47 56
 98 56
 98 56
 13 57
 16 57
 52 58
 50 58
 96 56
 97 56
 12 56
 15 56
 49 57
 47 57
 96 57
 73 57
 14 57
 15 57
 48 57
 82 57
 98 56
 97 56
 12 56
 14 56
 82 57
 47 57
 97 57
 98 57
 59 57
 14 57
 49 55
 51 55
 97 57
 98 57
 58 59
 13 59
 51 58
 53 58
 96 57
 97 57
 14 55
 15 55
 47 58
 48 58
 97 55
 97 55
 15 56
 15 56
 50 58
 47 58
 73 58
 98 58
 12 55
 12 55
 45 56
 80 56
 97 57
 97 57
 14 57
 16 57
 51 57
 46 57
 97 57
 71 57
 15 56
 13 56
 48 59
 50 59
 98 57
 97 57
 15 57
 16 57
 48 57
 49 57
 97 56
 97 56
 13 57
 12 57
 52 56
 46 56
 97 58
 72 58
 13 58
 16 58
 50 57
 46 57
 97 57
 98 57
 13 57
 13 57
 46 55
 45 55
 97 58
 96 58
 15 57
 13 57
 52 57
 82 57
 74 58
 96 58
 13 56
 59 56
 49 56
 50 56
 98 56
 97 56
 56 57
 12 57
 51 57
 51 57
 98 58
 96 58
 17 55
 15 55
 50 58
 48 58
 96 59
 73 59
 15 56
 12 56
 52 58
 46 58
 97 58
 97 58
 15 55
 13 55
 46 56
 46 56
 97 59
 73 59
 59 58
 14 58
 80 56
 51 56
 97 57
 96 57
 14 58
 13 58
 50 56
 51 56
 97 58
 98 58
 14 58
 13 58
 80 57
 48 57
 97 57
 75 57
 14 58
 13 58
 46 58
 48 58
 98 55
 98 55
 13 59
 15 59
 48 56
 51 56
 97 57
 97 57
 12 56
 14 56
 51 55
 46 55
 97 58
 73 58
 14 57
 13 57
 48 56
 52 56
 97 60
 73 60
 14 56
 16 56
 52 56
 47 56
 96 57
 97 57
 15 57
 15 57
 48 57
 49 57
 72 58
 97 58
 14 56
 13 56
 50 58
 52 58
 97 55
 96 55
 12 57
 12 57
 45 58
 81 58
 75 56
 96 56
 12 55
 13 55
 47 59
 80 59
 97 58
 97 58
 15 55
 15 55
 52 56
 80 56
 96 57
 97 57
 16 56
 14 56
 51 58
 48 58
 71 56
 97 56
 15 57
 14 57
 82 56
 49 56
 97 57
 97 57
 13 59
 58 59
 51 55
 81 55
 97 55
 73 55
 16 59
 13 59
 49 56
 46 56
 98 59
 96 59
 13 57
 15 57
 47 58
 50 58
 73 56
 97 56
 12 56
 13 56
 47 58
 47 58
 97 56
 97 56
 56 55
 57 55
 50 57
 51 57
 71 58
 97 58
 13 56
 58 56
 51 58
 48 58
 97 57
 97 57
 12 57
 15 57
 81 58
 51 58
 97 56
 97 56
 12 58
 14 58
 45 56
 46 56
 97 57
 98 57
 56 57
 14 57
 46 56
 48 56
 98 56
 98 56
 15 57
 13 57
 47 57
 51 57
 97 58
 97 58
 12 57
 13 57
 79 57
 46 57
 97 57
 97 57
 13 57
 14 57
 49 57
 48 57
 97 57
 73 57
 14 57
 15 57
 82 56
 80 56
 98 57
 98 57
 12 57
 15 57
 51 56
 81 56
 97 58
 96 58
 12 56
 12 56
 45 58
 51 58
 97 57
 97 57
 15 56
 14 56
 82 57
 47 57
 97 58
 75 58
 12 56
 14 56
 46 56
 51 56
 97 57
 96 57
 14 57
 14 57
 50 56
 47 56
 97 57
 96 57
 15 56
 15 56
 53 58
 51 58
 97 56
 97 56
 57 59
 16 59
 46 58
 46 58
 72 57
 96 57
 13 58
 15 58
 49 57
 52 57
 96 57
 97 57
 14 59
 12 59
 51 56
 50 56
 98 59
 96 59
 15 57
 13 57
 81 56
 51 56
 97 58
 97 58
 14 57
 14 57
 46 59
 45 59
 97 56
 97 56
 14 56
 14 56
 50 57
 51 57
 97 58
 97 58
 12 56
 12 56
 50 57
 51 57
 96 57
 97 57
 15 58
 15 58
 48 57
 50 57
 74 57
 96 57
 14 58
 58 58
 48 57
 49 57
 98 57
 96 57
 16 58
 14 58
 45 58
 48 58
 97 55
 97 55
 14 58
 15 58
 49 58
 46 58
 97 58
 97 58
 14 55
 11 55
 81 56
 51 56
 97 56
 97 56
 15 58
 13 58
 47 58
 45 58
 71 57
 97 57
 12 57
 12 57
 52 57
 81 57
 97 58
 97 58
 15 56
 55 56
 45 56
 49 56
 97 57
 97 57
 12 56
 13 56
 47 56
 47 56
 98 57
 96 57
 15 57
 16 57
 45 55
 53 55
 97 58
 97 58
 14 58
 56 58
 50 57
 52 57
 97 56
 96 56
 14 56
 15 56
 81 60
 47 60
 98 54
 97 54
 58 58
 14 58
 80 57
 48 57
 97 57
 97 57
 14 56
 12 56
 49 58
 49 58
 98 56
 97 56
 15 58
 57 58
 50 56
 82 56
 97 57
 97 57
 15 56
 13 56
 50 57
 52 57
 97 55
 97 55
 12 57
 14 57
 49 57
 82 57
 96 57
 98 57
 12 57
 58 57
 52 57
 52 57
 97 56
 97 56
 57 57
 15 57
 51 58
 48 58
 97 56
 70 56
 12 57
 13 57
 82 56
 50 56
 97 58
 97 58
 12 58
 12 58
 45 56
 50 56
 97 57
 98 57
 16 58
 14 58
 50 58
 48 58
 97 56
 97 56
 15 57
 14 57
 51 57
 46 57
 96 57
 96 57
 15 56
 15 56
 52 59
 47 59
 98 57
 72 57
 14 57
 13 57
 49 57
 45 57
 96 56
 97 56
 14 57
 13 57
 48 56
 45 56
 97 57
 97 57
 16 57
 13 57
 48 57
 51 57
 96 56
 97 56
 14 57
 16 57
 45 57
 80 57
 97 56
 98 56
 15 56
 12 56
 49 55
 50 55
 97 57
 97 57
 15 59
 12 59
 50 57
 50 57
 97 57
 97 57
 13 58
 12 58
 47 56
 50 56
 97 57
 97 57
 14 57
 13 57
 45 56
 49 56
 96 56
 97 56
 12 58
 14 58
 49 58
 50 58
 97 57
 98 57
 12 56
 14 56
 50 59
 47 59
 98 56
 97 56
 14 56
 13 56
 81 57
 51 57
 72 57
 97 57
 13 58
 14 58
 44 57
 46 57
 98 57
 96 57
 12 56
 12 56
 51 56
 45 56
 97 56
 96 56
 13 58
 59 58
 46 56
 81 56
 75 57
 97 57
 13 58
 15 58
 50 56
 48 56
 97 56
 97 56
 12 57
 17 57
 46 58
 51 58
 97 57
 96 57
 16 57
 58 57
 48 57
 48 57
 96 58
 96 58
 15 56
 15 56
 48 57
 52 57
 98 57
 97 57
 16 56
 57 56
 80 56
 52 56
 98 57
 97 57
 15 58
 55 58
 51 59
 52 59
 97 55
 73 55
 15 58
 12 58
 51 56
 47 56
 96 57
 73 57
 14 57
 15 57
 81 58
 52 58
 97 56
 97 56
 14 56
 13 56
 46 59
 51 59
 97 57
 97 57
 57 56
 15 56
 46 57
 50 57
 72 57
 97 57
 14 57
 15 57
 48 58
 46 58
 97 55
 97 55
 15 56
 15 56
