 4 3
 4 3
 15 10
 15 10
 50 35
 50 35
 99 89
 99 89
 5 37
 5 36
 18 91
 18 92
 55 30
 55 30
 73 84
 73 86
 58 54
 58 53
 52 98
 52 98
 56 5
 56 9
 59 29
 59 28
 57 83
 57 83
 58 56
 58 62
 56 84
 56 95
 56 17
 56 21
 58 64
 58 72
 58 55
 58 76
 58 71
 58 51
 56 60
 56 93
 57 58
 57 51
 58 87
 58 93
 56 42
 56 27
 56 91
 56 82
 57 20
 57 20
 57 66
 57 70
 56 76
 56 81
 59 92
 59 85
 56 72
 56 56
 56 75
 56 89
 57 39
 57 34
 56 81
 56 95
 58 21
 58 31
 57 84
 57 74
 56 53
 56 47
 58 88
 58 97
 56 29
 56 32
 57 61
 57 58
 57 94
 57 74
 58 71
 58 34
 56 92
 56 84
 57 38
 57 33
 56 91
 56 79
 57 26
 57 27
 55 94
 55 97
 57 24
 57 38
 56 93
 56 72
 58 60
 58 49
 55 95
 55 95
 58 25
 58 38
 57 94
 57 83
 57 61
 57 36
 57 89
 57 91
 56 19
 56 33
 57 84
 57 67
 56 80
 56 69
 58 88
 58 89
 58 45
 58 75
 57 95
 57 90
 58 31
 58 68
 54 87
 54 85
 58 29
 58 52
 57 98
 57 84
 58 15
 58 15
 55 66
 55 59
 57 92
 57 96
 57 49
 57 41
 56 80
 56 79
 58 63
 58 54
 56 96
 56 93
 58 13
 58 20
 57 48
 57 49
 57 93
 57 98
 56 12
 56 12
 57 60
 57 38
 55 97
 55 97
 59 14
 59 14
 57 46
 57 50
 56 96
 56 97
 58 12
 58 60
 57 46
 57 45
 56 96
 56 97
 56 16
 56 15
 59 55
 59 55
 57 96
 57 97
 56 13
 56 15
 58 80
 58 48
 57 74
 57 98
 57 15
 57 10
 59 49
 59 49
 55 94
 55 96
 59 17
 59 16
 56 58
 56 47
 58 96
 58 96
 56 15
 56 13
 56 55
 56 50
 58 96
 58 98
 58 54
 58 13
 57 42
 57 53
 59 97
 59 97
 57 14
 57 16
 55 50
 55 49
 61 97
 61 97
 55 13
 55 16
 58 46
 58 49
 57 97
 57 97
 54 55
 54 12
 59 45
 59 45
 56 97
 56 96
 59 13
 59 16
 57 50
 57 48
 57 97
 57 95
 56 23
 56 13
 58 47
 58 53
 57 73
 57 96
 58 14
 58 12
 57 47
 57 82
 56 96
 56 97
 57 58
 57 15
 58 52
 58 50
 56 97
 56 98
 56 13
 56 56
 58 50
 58 43
 56 96
 56 97
 57 12
 57 14
 55 48
 55 51
 58 98
 58 97
 57 13
 57 11
 58 48
 58 48
 56 97
 56 80
 57 13
 57 14
 58 48
 58 49
 56 98
 56 98
 56 15
 56 13
 57 49
 57 50
 56 98
 56 97
 57 57
 57 13
 57 50
 57 49
 57 97
 57 97
 56 13
 56 12
 57 46
 57 50
 58 97
 58 97
 56 13
 56 12
 56 49
 56 81
 55 97
 55 97
 59 13
 59 15
 57 53
 57 50
 57 97
 57 97
 56 15
 56 15
 58 51
 58 49
 56 97
 56 97
 57 15
 57 13
 56 50
 56 45
 56 98
 56 97
 58 12
 58 57
 58 50
 58 49
 58 96
 58 97
 58 11
 58 57
 57 46
 57 79
 57 96
 57 97
 58 14
 58 16
 56 49
 56 46
 58 97
 58 96
 57 14
 57 59
 57 49
 57 45
 57 96
 57 97
 58 15
 58 12
 57 81
 57 50
 57 97
 57 97
 57 14
 57 14
 58 53
 58 47
 55 97
 55 98
 57 14
 57 13
 58 81
 58 45
 55 96
 55 98
 59 15
 59 14
 56 48
 56 48
 56 97
 56 97
 58 17
 58 17
 57 51
 57 49
 56 97
 56 97
 56 12
 56 14
 57 46
 57 50
 58 97
 58 97
 57 15
 57 12
 57 52
 57 80
 55 97
 55 97
 58 11
 58 15
 58 51
 58 51
 58 98
 58 96
 56 58
 56 13
 58 46
 58 46
 58 97
 58 73
 56 15
 56 17
 57 51
 57 52
 55 97
 55 97
 60 12
 60 12
 56 51
 56 48
 56 73
 56 98
 57 57
 57 16
 58 49
 58 46
 57 97
 57 96
 57 15
 57 13
 57 50
 57 49
 58 98
 58 97
 56 15
 56 15
 57 49
 57 45
 56 73
 56 98
 56 57
 56 13
 56 46
 56 51
 58 97
 58 97
 57 14
 57 13
 56 51
 56 48
 58 97
 58 97
 58 16
 58 13
 56 47
 56 51
 58 98
 58 75
 58 13
 58 12
 57 49
 57 49
 56 97
 56 98
 57 13
 57 14
 57 49
 57 45
 57 98
 57 96
 58 12
 58 14
 58 50
 58 52
 57 96
 57 97
 55 15
 55 13
 56 49
 56 81
 56 97
 56 97
 59 12
 59 12
 56 48
 56 49
 55 98
 55 97
 59 12
 59 13
 56 51
 56 48
 56 97
 56 97
 58 12
 58 14
 57 48
 57 81
 58 98
 58 98
 56 12
 56 14
 57 80
 57 47
 58 97
 58 96
 56 13
 56 15
 55 50
 55 46
 58 97
 58 97
 57 15
 57 15
 56 46
 56 44
 56 97
 56 73
 58 15
 58 14
 57 52
 57 53
 57 73
 57 97
 56 15
 56 12
 58 50
 58 48
 58 73
 58 97
 57 16
 57 13
 57 51
 57 48
 58 97
 58 73
 57 15
 57 14
 56 47
 56 45
 57 97
 57 97
 58 59
 58 14
 56 54
 56 47
 57 74
 57 97
 59 12
 59 15
 58 47
 58 49
 58 96
 58 98
 56 56
 56 15
 56 80
 56 52
 56 74
 56 73
 57 13
 57 57
 56 50
 56 48
 57 97
 57 97
 56 12
 56 57
 58 48
 58 82
 56 73
 56 97
 57 16
 57 13
 59 50
 59 82
 56 98
 56 98
 57 58
 57 15
 57 49
 57 51
 57 97
 57 97
 56 14
 56 12
 56 47
 56 48
 58 98
 58 97
 57 14
 57 11
 57 52
 57 44
 57 98
 57 98
 57 13
 57 15
 57 50
 57 44
 57 97
 57 96
 56 12
 56 15
 57 44
 57 50
 57 96
 57 97
 58 14
 58 13
 55 50
 55 46
 59 96
 59 97
 59 15
 59 56
 55 48
 55 47
 58 97
 58 98
 55 14
 55 14
 58 49
 58 81
 56 98
 56 74
 58 12
 58 15
 56 49
 56 45
 57 97
 57 97
 58 15
 58 12
 58 51
 58 51
 57 97
 57 97
 56 17
 56 55
 58 47
 58 51
 56 98
 56 96
 57 14
 57 13
 57 81
 57 48
 56 96
 56 96
 56 15
 56 13
 58 80
 58 80
 56 96
 56 97
 58 13
 58 13
 56 48
 56 50
 56 72
 56 98
 56 13
 56 14
 58 82
 58 82
 57 97
 57 97
 57 13
 57 13
 56 45
 56 80
 57 73
 57 97
 56 12
 56 13
 57 80
 57 50
 57 73
 57 97
 55 15
 55 14
 57 47
 57 50
 57 97
 57 97
 58 57
 58 15
 57 46
 57 46
 57 97
 57 73
 56 15
 56 15
 57 49
 57 81
 57 97
 57 97
 58 11
 58 13
 57 51
 57 46
 57 96
 57 97
 56 14
 56 16
 57 48
 57 48
 56 98
 56 97
 57 12
 57 13
 58 82
 58 49
 58 97
 58 98
 58 13
 58 12
 55 48
 55 47
 57 97
 57 97
 58 15
 58 14
 58 47
 58 82
 56 97
 56 97
 58 14
 58 15
 57 80
 57 44
 58 97
 58 72
 57 13
 57 12
 57 51
 57 80
 58 97
 58 97
 56 15
 56 12
 58 56
 58 55
 57 98
 57 97
 57 14
 57 14
 59 81
 59 47
 56 97
 56 97
 58 13
 58 12
 56 47
 56 47
 57 74
 57 97
 59 15
 59 59
 55 53
 55 50
 56 98
 56 98
 58 14
 58 14
 57 53
 57 50
 58 98
 58 73
 57 14
 57 56
 56 48
 56 47
 58 74
 58 97
 59 13
 59 12
 55 45
 55 81
 56 98
 56 73
 58 14
 58 12
 57 48
 57 49
 56 97
 56 98
 56 12
 56 12
 57 80
 57 51
 57 97
 57 97
 58 13
 58 12
 58 49
 58 51
 58 71
 58 96
 57 13
 57 56
 57 52
 57 46
 58 72
 58 97
 57 14
 57 14
 57 48
 57 48
 56 97
 56 97
 58 14
 58 14
 57 44
 57 48
 57 97
 57 97
 57 14
 57 15
 56 50
 56 46
 57 71
 57 97
 58 14
 58 12
 57 46
 57 49
 57 71
 57 97
 57 13
 57 14
 55 47
 55 82
 58 97
 58 97
 57 14
 57 15
 56 52
 56 52
 57 75
 57 98
 58 13
 58 12
 57 48
 57 47
 56 97
 56 98
 55 14
 55 15
 58 51
 58 81
 57 97
 57 73
 57 12
 57 13
 57 51
 57 51
 56 97
 56 97
 57 12
 57 12
 58 47
 58 80
 56 96
 56 96
 57 12
 57 12
 57 49
 57 50
 57 97
 57 97
 57 15
 57 57
 56 49
 56 82
 59 96
 59 97
 56 12
 56 13
 57 45
 57 50
 58 97
 58 97
 57 53
 57 14
 57 80
 57 45
 56 97
 56 97
 57 16
 57 15
 55 53
 55 46
 57 98
 57 96
 58 13
 58 14
 57 48
 57 48
 59 97
 59 98
 56 15
 56 11
 57 50
 57 45
 57 97
 57 98
 56 56
 56 15
 57 47
 57 49
 56 98
 56 97
 57 13
 57 13
 57 45
 57 48
 58 97
 58 74
 56 15
 56 17
 57 47
 57 50
 57 97
 57 97
 58 14
 58 14
 55 48
 55 82
 56 97
 56 97
 57 13
 57 15
 57 47
 57 49
 58 72
 58 98
 57 14
 57 14
 56 48
 56 45
 57 98
 57 98
 56 12
 56 56
 56 47
 56 50
 57 97
 57 98
 57 13
 57 56
 58 82
 58 47
 58 98
 58 96
 56 16
 56 12
 58 50
 58 51
 58 96
 58 97
 56 14
 56 14
 56 45
 56 47
 56 97
 56 75
 58 12
 58 16
 58 44
 58 50
 58 98
 58 97
 58 13
 58 14
 56 44
 56 52
 57 97
 57 98
 59 12
 59 14
 55 48
 55 52
 57 97
 57 98
 56 14
 56 58
 58 45
 58 51
 56 96
 56 98
 57 14
 57 55
 56 47
 56 48
 56 98
 56 98
 59 14
 59 13
 58 48
 58 48
 58 97
 58 97
 56 55
 56 13
 57 82
 57 52
 55 98
 55 97
 59 14
 59 14
 55 80
 55 49
 57 97
 57 98
 56 15
 56 14
 57 45
 57 47
 57 96
 57 95
 57 55
 57 13
 56 56
 56 55
 58 97
 58 97
 57 15
 57 15
 58 47
 58 50
 57 96
 57 74
 55 13
 55 14
 57 81
 57 45
 58 96
 58 97
 57 17
 57 15
 57 52
 57 82
 58 97
 58 97
 56 15
 56 56
 56 46
 56 54
 57 97
 57 97
 57 12
 57 15
 55 46
 55 45
 58 97
 58 97
 57 15
 57 17
 56 52
 56 50
 57 97
 57 98
 57 57
 57 14
 58 48
 58 50
 57 98
 57 98
 55 12
 55 14
 58 46
 58 52
 56 97
 56 74
 56 14
 56 15
 57 52
 57 81
 58 97
 58 97
 59 15
 59 15
 58 46
 58 45
 56 97
 56 98
 58 14
 58 13
 57 47
 57 81
 57 97
 57 96
 56 16
 56 16
 58 50
 58 50
 56 97
 56 98
 55 13
 55 12
 58 47
 58 51
 56 97
 56 72
 55 14
 55 13
 57 47
 57 48
 56 97
 56 74
 55 15
 55 15
 57 47
 57 45
 57 97
 57 74
 56 12
 56 14
 58 47
 58 48
 59 97
 59 98
 57 12
 57 13
 58 49
 58 49
 56 97
 56 96
 59 15
 59 60
 56 50
 56 50
 58 98
 58 97
 58 16
 58 15
 57 48
 57 50
 58 98
 58 97
 56 16
 56 14
 58 52
 58 81
 56 97
 56 97
 58 13
 58 12
 57 47
 57 54
 57 72
 57 73
 56 11
 56 13
 57 44
 57 47
 57 97
 57 97
 55 14
 55 11
 58 49
 58 81
 57 97
 57 97
 58 11
 58 57
 58 49
 58 47
 55 98
 55 96
 58 56
 58 56
 55 45
 55 44
 58 98
 58 97
 58 58
 58 13
 58 48
 58 51
 56 97
 56 96
 58 14
 58 13
 57 50
 57 50
 56 72
 56 97
 58 12
 58 14
 58 51
 58 82
 56 97
 56 96
 58 13
 58 15
 58 47
 58 45
 55 97
 55 73
 58 14
 58 12
 58 49
 58 81
 58 97
 58 97
 56 12
 56 12
 57 47
 57 82
 58 96
 58 97
 57 13
 57 13
 58 80
 58 49
 56 97
 56 96
 57 13
 57 13
 57 82
 57 48
 57 97
 57 98
 58 13
 58 12
 55 52
 55 50
 59 97
 59 98
 57 12
 57 14
 57 51
 57 46
 58 97
 58 98
 56 14
 56 13
 56 51
 56 53
 57 96
 57 97
 56 15
 56 16
 58 51
 58 50
 57 97
 57 98
 57 56
 57 11
 58 51
 58 48
 56 97
 56 97
 58 14
 58 13
 58 46
 58 51
 57 74
 57 98
 55 13
 55 12
 58 49
 58 81
 56 97
 56 97
 57 56
 57 14
 57 45
 57 50
 56 97
 56 96
 58 58
 58 13
 57 47
 57 51
 58 97
 58 98
 56 13
 56 14
 57 50
 57 51
 57 97
 57 73
 56 12
 56 14
 57 51
 57 46
 58 98
 58 97
 55 13
 55 13
 58 81
 58 48
 57 97
 57 97
 57 13
 57 15
 59 47
 59 82
 57 97
 57 98
 56 12
 56 16
 58 51
 58 46
 55 96
 55 98
 57 12
 57 15
 57 51
 57 81
 57 97
 57 96
 56 13
 56 12
 56 44
 56 47
 56 98
 56 97
 57 14
 57 14
 57 45
 57 44
 56 98
 56 97
 57 14
 57 15
 57 49
 57 46
 57 97
 57 98
 55 13
 55 56
 57 49
 57 80
 56 98
 56 97
 57 60
 57 55
 58 46
 58 52
 57 97
 57 97
 57 12
 57 13
 57 48
 57 47
 58 98
 58 97
 56 13
 56 59
 56 49
 56 49
 57 97
 57 96
 58 12
 58 15
 56 48
 56 82
 56 97
 56 97
 57 13
 57 15
 57 53
 57 53
 57 97
 57 97
 57 15
 57 60
 56 50
 56 52
 56 97
 56 97
 57 11
 57 12
 57 50
 57 44
 57 97
 57 97
 55 15
 55 59
 57 50
 57 45
 59 73
 59 97
 58 15
 58 15
 57 49
 57 82
 55 98
 55 98
 58 14
 58 14
 55 82
 55 53
 56 97
 56 74
 58 14
 58 13
 58 52
 58 47
 55 97
 55 97
 56 12
 56 14
 57 46
 57 48
 57 97
 57 73
 57 15
 57 15
 57 49
 57 80
 56 73
 56 97
 59 14
 59 14
 57 45
 57 51
 57 97
 57 71
 57 14
 57 13
 56 81
 56 51
 57 97
 57 97
 56 14
 56 13
 58 45
 58 44
 58 72
 58 97
 57 57
 57 12
 57 48
 57 52
 57 97
 57 98
 55 57
 55 12
 58 50
 58 48
 57 97
 57 97
 57 12
 57 16
 58 45
 58 45
 56 97
 56 98
 56 13
 56 14
 56 49
 56 45
 57 97
 57 73
 57 15
 57 15
 58 54
 58 81
 55 98
 55 97
 58 13
 58 11
 59 49
 59 45
 56 98
 56 97
 58 13
 58 14
 58 82
 58 50
 55 97
 55 97
 56 56
 56 16
 59 46
 59 45
 58 97
 58 73
 56 12
 56 14
 57 45
 57 49
 58 97
 58 98
 56 14
 56 16
 58 48
 58 46
 58 96
 58 72
 57 13
 57 58
 57 44
 57 50
 58 97
 58 97
 58 16
 58 59
 55 50
 55 50
 59 97
 59 97
 56 17
 56 12
 57 47
 57 50
 56 97
 56 75
 55 15
 55 15
 58 53
 58 44
 57 98
 57 97
 56 13
 56 14
 60 47
 60 47
 56 97
 56 97
 56 15
 56 13
 57 46
 57 50
 57 96
 57 74
 57 12
 57 12
 58 46
 58 47
 56 72
 56 96
 58 12
 58 15
 55 49
 55 54
 57 98
 57 97
 58 12
 58 12
 56 47
 56 81
 55 96
 55 72
 59 16
 59 54
 58 49
 58 48
 55 96
 55 98
 56 15
 56 58
 57 49
 57 47
 56 97
 56 98
 58 57
 58 57
 56 48
 56 45
 57 72
 57 97
 56 14
 56 13
 57 47
 57 51
 59 71
 59 97
 55 14
 55 13
 55 47
 55 48
 59 98
 59 98
 56 13
 56 13
 59 50
 59 50
 57 97
 57 97
 58 12
 58 15
 56 81
 56 52
 56 98
 56 98
 58 15
 58 13
 56 46
 56 51
 55 98
 55 98
 57 14
 57 14
 58 49
 58 51
 56 97
 56 96
 58 16
 58 15
 57 53
 57 47
 57 97
 57 98
 58 14
 58 15
 56 52
 56 47
 58 98
 58 98
 56 15
 56 58
 57 47
 57 47
 57 97
 57 96
 56 15
 56 15
 56 53
 56 47
 57 71
 57 98
 57 54
 57 12
 58 48
 58 45
 57 97
 57 98
 57 17
 57 12
 57 54
 57 50
 57 98
 57 73
 57 15
 57 15
 57 51
 57 45
 57 96
 57 98
 56 56
 56 15
 57 50
 57 44
 57 73
 57 97
 56 14
 56 15
 58 46
 58 47
 56 72
 56 98
 58 14
 58 12
 57 80
 57 48
 56 98
 56 97
 57 13
 57 12
 58 50
 58 51
 56 97
 56 97
 56 14
 56 15
 57 47
 57 79
 57 97
 57 97
 56 12
 56 14
 57 50
 57 47
 56 96
 56 75
 58 13
 58 16
 56 51
 56 45
 59 96
 59 97
 58 15
 58 13
 57 49
 57 44
 58 97
 58 97
 57 14
 57 14
 57 48
 57 47
 59 97
 59 98
 56 13
 56 13
 59 50
 59 46
 57 72
 57 97
 56 58
 56 12
 58 45
 58 53
 57 96
 57 96
 59 16
 59 16
 56 46
 56 46
 56 97
 56 97
 57 12
 57 13
 58 50
 58 48
 56 97
 56 97
 57 13
 57 11
 57 47
 57 50
 58 98
 58 97
 57 15
 57 16
 57 49
 57 49
 58 96
 58 97
 57 14
 57 56
 57 47
 57 45
 58 97
 58 98
 58 55
 58 16
 55 47
 55 51
 58 98
 58 97
 58 12
 58 57
 58 51
 58 50
 55 97
 55 98
 56 14
 56 13
 56 45
 56 49
 58 98
 58 97
 58 14
 58 11
 57 51
 57 51
 57 72
 57 97
 57 14
 57 58
 58 50
 58 45
 56 97
 56 97
 56 15
 56 15
 57 44
 57 50
 56 97
 56 97
 56 17
 56 15
 57 50
 57 47
 57 98
 57 97
 55 16
 55 13
 58 49
 58 46
 58 98
 58 98
 57 15
 57 14
 56 46
 56 51
 56 98
 56 97
 60 58
 60 13
 54 48
 54 49
 58 72
 58 98
 57 15
 57 13
 57 51
 57 45
 56 97
 56 98
 58 57
 58 15
 56 81
 56 49
 58 98
 58 97
 56 13
 56 15
 57 47
 57 47
 56 97
 56 96
 57 59
 57 14
 55 80
 55 50
 57 97
 57 98
 57 13
 57 15
 57 48
 57 81
 57 97
 57 98
 57 15
 57 59
 56 45
 56 45
 57 96
 57 97
 58 14
 58 15
 56 51
 56 45
 57 74
 57 97
 56 55
 56 12
 58 82
 58 46
 58 98
 58 97
 56 14
 56 15
 57 51
 57 50
 58 98
 58 96
 58 14
 58 15
 56 50
 56 81
 57 97
 57 97
 57 13
 57 13
 57 51
 57 50
 56 97
 56 97
 59 57
 59 13
 57 48
 57 50
 57 98
 57 96
 57 12
 57 13
 56 49
 56 44
 57 97
 57 98
 56 15
 56 15
 57 48
 57 47
 57 97
 57 97
 57 14
 57 14
 56 47
 56 50
 57 97
 57 74
 57 12
 57 14
 56 49
 56 80
 56 97
 56 98
 55 11
 55 15
 57 51
 57 52
 59 97
 59 98
 57 13
 57 13
 57 45
 57 46
 58 97
 58 97
 56 14
 56 13
 57 48
 57 44
 57 96
 57 97
 56 16
 56 14
 56 49
 56 50
 58 98
 58 98
 58 12
 58 14
 57 48
 57 80
 56 97
 56 97
 59 15
 59 16
 56 50
 56 51
 56 97
 56 97
 57 13
 57 15
 57 45
 57 48
 58 97
 58 98
 57 15
 57 14
 57 49
 57 47
 56 97
 56 96
 56 12
 56 15
 56 52
 56 80
 58 98
 58 98
 56 14
 56 12
 57 51
 57 48
 58 96
 58 98
 56 12
 56 13
 56 82
 56 55
 57 97
 57 97
 58 13
 58 13
 57 46
 57 51
 57 97
 57 97
 57 58
 57 14
 58 45
 58 81
 56 97
 56 96
 57 14
 57 14
 57 47
 57 54
 56 97
 56 96
 56 15
 56 13
 57 50
 57 46
 58 97
 58 97
 59 13
 59 12
 55 51
 55 82
 58 97
 58 97
 56 12
 56 17
 57 52
 57 47
 57 98
 57 97
 58 14
 58 16
 56 48
 56 48
 56 97
 56 97
 59 14
 59 14
 57 47
 57 48
 56 98
 56 98
 57 12
 57 13
 57 47
 57 46
 57 97
 57 97
 58 14
 58 14
 55 82
 55 47
 56 97
 56 97
