 4 3
 4 3
 15 10
 15 10
 50 35
 50 35
 99 90
 99 89
 5 36
 5 36
 18 90
 18 90
 55 28
 55 31
 73 82
 73 85
 58 53
 58 46
 52 98
 52 98
 56 9
 56 5
 59 22
 59 27
 57 85
 57 74
 58 76
 58 78
 56 62
 56 55
 56 92
 56 87
 58 46
 58 45
 58 91
 58 92
 58 43
 58 31
 56 88
 56 89
 57 75
 57 50
 58 89
 58 95
 56 35
 56 36
 56 88
 56 89
 57 43
 57 41
 57 94
 57 90
 56 31
 56 59
 59 92
 59 93
 56 21
 56 29
 56 67
 56 77
 57 81
 57 65
 56 89
 56 79
 58 48
 58 43
 57 93
 57 94
 56 64
 56 45
 58 87
 58 88
 56 28
 56 35
 57 89
 57 96
 57 29
 57 47
 58 78
 58 69
 56 49
 56 68
 57 93
 57 93
 56 65
 56 35
 57 92
 57 87
 55 22
 55 32
 57 73
 57 83
 56 75
 56 56
 58 96
 58 97
 55 16
 55 18
 58 60
 58 63
 57 88
 57 87
 57 85
 57 56
 57 94
 57 87
 56 78
 56 74
 57 84
 57 93
 56 34
 56 53
 58 98
 58 91
 58 22
 58 37
 57 62
 57 68
 58 97
 58 82
 54 18
 54 29
 58 80
 58 65
 57 89
 57 79
 58 86
 58 86
 55 90
 55 67
 57 33
 57 34
 57 86
 57 84
 56 49
 56 48
 58 90
 58 94
 56 12
 56 11
 58 45
 58 46
 57 97
 57 89
 57 17
 57 17
 56 63
 56 87
 57 90
 57 91
 55 41
 55 80
 59 67
 59 93
 57 69
 57 68
 56 83
 56 83
 58 59
 58 63
 57 97
 57 96
 56 13
 56 13
 56 59
 56 51
 59 91
 59 89
 57 19
 57 28
 56 81
 56 72
 58 82
 58 88
 57 51
 57 51
 57 80
 57 80
 59 32
 59 74
 55 85
 55 84
 59 33
 59 46
 56 98
 56 98
 58 14
 58 23
 56 51
 56 52
 56 97
 56 89
 58 16
 58 16
 58 60
 58 68
 57 94
 57 95
 59 27
 59 29
 57 83
 57 80
 55 57
 55 61
 61 93
 61 91
 55 17
 55 17
 58 72
 58 61
 57 93
 57 80
 54 35
 54 29
 59 95
 59 94
 56 38
 56 43
 59 92
 59 79
 57 37
 57 59
 57 93
 57 89
 56 43
 56 45
 58 79
 58 80
 57 33
 57 36
 58 94
 58 89
 57 27
 57 22
 56 89
 56 80
 57 47
 57 73
 58 96
 58 89
 56 17
 56 18
 56 62
 56 90
 58 85
 58 54
 56 66
 56 88
 57 79
 57 51
 55 51
 55 57
 58 60
 58 52
 57 42
 57 45
 58 90
 58 91
 56 39
 56 80
 57 89
 57 90
 58 40
 58 68
 56 94
 56 84
 56 30
 56 48
 57 94
 57 85
 56 25
 56 46
 57 80
 57 80
 57 52
 57 24
 57 93
 57 71
 56 52
 56 65
 57 90
 57 93
 58 43
 58 41
 56 95
 56 96
 56 18
 56 27
 55 63
 55 77
 59 80
 59 74
 57 37
 57 38
 57 95
 57 91
 56 33
 56 57
 58 75
 58 73
 56 76
 56 86
 57 63
 57 90
 56 77
 56 53
 56 81
 56 84
 58 86
 58 44
 58 75
 58 92
 58 82
 58 41
 58 79
 58 87
 57 40
 57 73
 57 80
 57 92
 58 35
 58 35
 56 82
 56 93
 58 34
 58 36
 57 92
 57 79
 57 41
 57 40
 57 91
 57 91
 58 35
 58 36
 57 74
 57 70
 57 71
 57 78
 57 90
 57 93
 58 52
 58 54
 55 92
 55 93
 57 34
 57 62
 58 84
 58 84
 55 34
 55 38
 59 96
 59 86
 56 16
 56 43
 56 60
 56 70
 58 87
 58 89
 57 47
 57 43
 56 78
 56 84
 56 30
 56 25
 57 90
 57 84
 58 59
 58 51
 57 93
 57 97
 57 15
 57 12
 55 54
 55 55
 58 94
 58 96
 58 17
 58 48
 58 59
 58 58
 56 89
 56 82
 58 49
 58 73
 58 85
 58 92
 56 67
 56 37
 57 93
 57 88
 55 39
 55 52
 60 97
 60 98
 56 27
 56 15
 56 50
 56 69
 57 98
 57 97
 58 14
 58 13
 57 76
 57 42
 57 98
 57 97
 57 16
 57 15
 58 50
 58 58
 56 96
 56 95
 57 21
 57 24
 56 68
 56 69
 56 84
 56 86
 56 56
 56 57
 58 97
 58 96
 57 15
 57 17
 56 57
 56 85
 58 91
 58 60
 58 33
 58 34
 56 85
 56 90
 58 51
 58 33
 58 90
 58 94
 57 13
 57 12
 56 64
 56 50
 57 82
 57 97
 57 12
 57 24
 57 53
 57 66
 58 96
 58 95
 58 14
 58 12
 57 80
 57 43
 55 96
 55 73
 56 13
 56 14
 56 61
 56 43
 59 97
 59 96
 56 13
 56 18
 55 51
 55 46
 59 97
 59 98
 56 13
 56 13
 56 43
 56 43
 58 97
 58 98
 57 12
 57 12
 58 44
 58 47
 56 98
 56 98
 57 15
 57 15
 58 47
 58 53
 56 97
 56 97
 55 14
 55 11
 58 46
 58 47
 57 96
 57 97
 56 12
 56 11
 56 45
 56 44
 58 96
 58 97
 57 15
 57 12
 57 46
 57 49
 56 97
 56 96
 58 16
 58 12
 58 47
 58 43
 57 96
 57 96
 57 14
 57 13
 58 82
 58 58
 57 97
 57 97
 56 14
 56 12
 57 45
 57 48
 58 98
 58 97
 56 11
 56 11
 57 46
 57 51
 59 98
 59 97
 58 14
 58 17
 58 47
 58 45
 56 98
 56 96
 56 14
 56 11
 56 48
 56 47
 57 98
 57 98
 56 12
 56 14
 57 47
 57 43
 56 97
 56 98
 58 15
 58 12
 56 48
 56 44
 57 97
 57 97
 59 15
 59 13
 56 49
 56 47
 57 96
 57 97
 57 13
 57 14
 57 48
 57 50
 56 97
 56 97
 56 14
 56 11
 58 50
 58 43
 57 97
 57 97
 57 12
 57 12
 57 49
 57 51
 57 97
 57 97
 57 14
 57 13
 57 44
 57 80
 56 95
 56 96
 57 12
 57 14
 57 53
 57 82
 58 69
 58 98
 55 14
 55 12
 59 50
 59 49
 59 97
 59 97
 55 13
 55 11
 58 42
 58 48
 55 98
 55 98
 58 15
 58 16
 56 49
 56 49
 58 97
 58 97
 56 15
 56 12
 57 44
 57 46
 58 98
 58 97
 58 13
 58 12
 57 81
 57 51
 56 97
 56 72
 58 13
 58 15
 56 47
 56 49
 57 72
 57 97
 57 58
 57 15
 56 50
 56 46
 56 97
 56 98
 58 15
 58 12
 56 52
 56 82
 58 97
 58 97
 56 11
 56 13
 56 43
 56 49
 56 97
 56 97
 58 14
 58 13
 57 46
 57 48
 57 94
 57 96
 56 16
 56 14
 57 56
 57 83
 56 96
 56 98
 57 15
 57 15
 57 53
 57 48
 55 97
 55 97
 57 18
 57 56
 57 46
 57 49
 58 96
 58 73
 57 29
 57 13
 57 50
 57 82
 56 97
 56 97
 57 15
 57 15
 57 50
 57 46
 58 98
 58 98
 57 14
 57 15
 57 43
 57 45
 56 98
 56 98
 57 12
 57 12
 56 47
 56 50
 57 98
 57 97
 58 12
 58 14
 58 43
 58 48
 58 96
 58 97
 55 18
 55 12
 57 50
 57 52
 58 97
 58 97
 58 15
 58 13
 56 48
 56 42
 58 97
 58 97
 57 15
 57 14
 58 46
 58 45
 57 96
 57 97
 57 13
 57 12
 58 53
 58 51
 56 97
 56 98
 58 57
 58 12
 57 45
 57 46
 57 98
 57 96
 59 15
 59 15
 56 53
 56 51
 58 96
 58 96
 56 13
 56 58
 57 50
 57 50
 59 77
 59 98
 55 14
 55 54
 56 50
 56 47
 58 96
 58 97
 57 18
 57 17
 58 51
 58 49
 57 97
 57 97
 56 13
 56 62
 58 53
 58 53
 59 98
 59 97
 55 13
 55 13
 56 49
 56 46
 58 90
 58 97
 57 13
 57 57
 56 50
 56 49
 56 97
 56 73
 57 12
 57 15
 57 49
 57 81
 58 98
 58 97
 58 14
 58 13
 58 46
 58 46
 57 98
 57 97
 57 57
 57 15
 58 45
 58 47
 57 97
 57 98
 57 11
 57 16
 56 48
 56 44
 58 97
 58 97
 57 14
 57 14
 57 52
 57 49
 57 96
 57 98
 56 12
 56 54
 57 81
 57 51
 58 97
 58 97
 57 14
 57 15
 57 50
 57 50
 57 96
 57 98
 55 13
 55 12
 58 46
 58 50
 57 97
 57 97
 56 55
 56 12
 57 46
 57 45
 58 97
 58 96
 57 15
 57 14
 56 48
 56 50
 55 98
 55 97
 58 14
 58 13
 57 79
 57 44
 57 96
 57 97
 57 15
 57 13
 56 46
 56 50
 57 97
 57 97
 58 14
 58 15
 56 79
 56 47
 57 97
 57 98
 57 12
 57 12
 57 45
 57 46
 57 96
 57 97
 56 15
 56 13
 59 51
 59 44
 56 97
 56 97
 57 12
 57 15
 58 46
 58 49
 57 74
 57 97
 57 15
 57 14
 56 48
 56 51
 57 98
 57 70
 55 15
 55 12
 57 47
 57 43
 58 73
 58 96
 57 15
 57 13
 59 47
 59 48
 56 97
 56 72
 57 15
 57 15
 57 49
 57 53
 56 98
 56 96
 57 13
 57 14
 56 47
 56 47
 57 98
 57 97
 57 12
 57 14
 58 51
 58 49
 56 98
 56 96
 57 12
 57 14
 57 51
 57 50
 58 96
 58 73
 55 13
 55 56
 56 48
 56 48
 57 96
 57 72
 57 13
 57 13
 58 49
 58 48
 57 98
 57 97
 56 13
 56 12
 57 47
 57 44
 56 97
 56 98
 56 13
 56 13
 57 82
 57 49
 57 97
 57 98
 58 12
 58 12
 58 45
 58 46
 56 97
 56 97
 58 11
 58 12
 58 49
 58 48
 56 98
 56 98
 56 15
 56 59
 56 48
 56 48
 58 96
 58 98
 58 14
 58 12
 58 51
 58 49
 58 73
 58 97
 56 16
 56 13
 57 53
 57 82
 59 97
 59 97
 55 11
 55 15
 57 52
 57 44
 56 95
 56 97
 58 14
 58 16
 56 49
 56 45
 57 97
 57 98
 56 12
 56 15
 56 48
 56 49
 59 73
 59 98
 58 13
 58 11
 58 45
 58 80
 56 97
 56 97
 57 13
 57 15
 55 50
 55 49
 59 97
 59 96
 55 15
 55 15
 57 49
 57 80
 56 97
 56 97
 57 13
 57 11
 57 48
 57 49
 57 97
 57 98
 56 13
 56 13
 58 47
 58 48
 57 98
 57 96
 58 11
 58 12
 57 45
 57 44
 55 72
 55 97
 57 13
 57 13
 58 51
 58 48
 57 97
 57 97
 57 15
 57 14
 58 49
 58 48
 56 97
 56 97
 56 13
 56 15
 57 47
 57 51
 57 97
 57 97
 55 55
 55 15
 58 50
 58 81
 57 97
 57 98
 56 14
 56 13
 57 47
 57 45
 57 97
 57 97
 58 12
 58 15
 57 45
 57 47
 55 97
 55 98
 58 13
 58 12
 56 48
 56 47
 56 97
 56 73
 57 13
 57 14
 58 48
 58 81
 59 98
 59 97
 58 15
 58 14
 56 48
 56 49
 58 97
 58 74
 57 12
 57 13
 57 49
 57 50
 56 74
 56 74
 58 14
 58 15
 56 82
 56 46
 55 97
 55 98
 58 12
 58 13
 56 49
 56 48
 55 96
 55 97
 57 13
 57 17
 56 46
 56 48
 55 98
 55 98
 57 14
 57 13
 57 47
 57 45
 56 98
 56 98
 58 12
 58 14
 59 48
 59 50
 57 73
 57 98
 58 16
 58 14
 56 48
 56 50
 59 97
 59 97
 56 14
 56 15
 58 46
 58 49
 58 97
 58 98
 57 12
 57 14
 58 46
 58 55
 56 97
 56 98
 58 12
 58 12
 56 81
 56 50
 58 98
 58 97
 57 14
 57 12
 57 80
 57 51
 56 97
 56 98
 57 13
 57 15
 57 55
 57 46
 55 97
 55 98
 58 14
 58 14
 57 49
 57 49
 58 96
 58 98
 58 16
 58 12
 55 49
 55 50
 58 96
 58 97
 55 57
 55 12
 58 45
 58 81
 58 98
 58 98
 58 16
 58 14
 56 51
 56 46
 58 96
 58 98
 57 14
 57 12
 56 47
 56 51
 58 97
 58 98
 58 13
 58 59
 56 44
 56 45
 58 97
 58 98
 58 13
 58 15
 55 49
 55 46
 58 97
 58 97
 58 14
 58 15
 58 48
 58 53
 56 97
 56 97
 57 12
 57 12
 58 47
 58 47
 57 97
 57 96
 58 14
 58 14
 56 55
 56 49
 57 97
 57 97
 57 14
 57 56
 57 49
 57 50
 58 97
 58 96
 55 13
 55 13
 59 80
 59 46
 57 97
 57 98
 57 14
 57 12
 58 50
 58 48
 56 97
 56 97
 56 11
 56 15
 57 43
 57 48
 56 98
 56 97
 58 16
 58 16
 57 49
 57 82
 57 98
 57 72
 58 12
 58 16
 56 47
 56 81
 58 97
 58 97
 58 13
 58 12
 57 52
 57 44
 55 98
 55 97
 58 13
 58 11
 56 49
 56 47
 57 96
 57 98
 57 14
 57 13
 56 47
 56 46
 58 97
 58 96
 57 13
 57 15
 58 49
 58 50
 56 97
 56 97
 57 12
 57 13
 57 45
 57 44
 56 97
 56 96
 57 15
 57 14
 58 51
 58 50
 55 97
 55 72
 58 15
 58 57
 57 47
 57 50
 57 97
 57 97
 59 11
 59 13
 57 49
 57 52
 56 98
 56 96
 58 16
 58 12
 55 51
 55 47
 57 73
 57 96
 57 13
 57 13
 57 81
 57 47
 56 73
 56 97
 56 11
 56 12
 56 47
 56 46
 57 96
 57 98
 57 13
 57 15
 56 81
 56 48
 57 97
 57 76
 57 12
 57 13
 57 45
 57 44
 55 97
 55 97
 57 12
 57 15
 56 49
 56 80
 57 97
 57 96
 58 15
 58 14
 57 46
 57 47
 57 74
 57 73
 57 11
 57 17
 58 82
 58 51
 56 98
 56 97
 56 14
 56 16
 57 44
 57 47
 58 96
 58 97
 56 12
 56 14
 56 49
 56 47
 57 96
 57 97
 57 14
 57 16
 57 46
 57 51
 57 98
 57 97
 56 13
 56 13
 56 45
 56 43
 57 97
 57 97
 57 13
 57 15
 57 44
 57 48
 55 97
 55 97
 57 14
 57 12
 59 80
 59 47
 58 97
 58 97
 57 14
 57 11
 55 45
 55 47
 58 97
 58 96
 55 12
 55 11
 56 50
 56 52
 58 97
 58 98
 58 14
 58 12
 55 48
 55 43
 56 97
 56 96
 57 14
 57 11
 57 44
 57 50
 57 72
 57 75
 57 12
 57 13
 56 82
 56 80
 59 98
 59 73
 57 15
 57 13
 57 50
 57 49
 57 73
 57 97
 56 13
 56 14
 57 49
 57 50
 56 97
 56 97
 58 14
 58 12
 58 47
 58 48
 57 98
 57 97
 57 14
 57 17
 57 48
 57 51
 55 97
 55 97
 58 15
 58 14
 57 53
 57 52
 57 97
 57 97
 58 12
 58 17
 56 83
 56 48
 56 97
 56 98
 56 12
 56 12
 57 46
 57 44
 57 98
 57 97
 58 15
 58 12
 55 81
 55 51
 58 97
 58 97
 59 56
 59 56
 56 44
 56 49
 58 97
 58 74
 58 14
 58 16
 55 47
 55 79
 56 97
 56 97
 59 55
 59 12
 58 44
 58 81
 56 98
 56 98
 57 58
 57 15
 58 51
 58 51
 56 96
 56 98
 58 12
 58 14
 58 45
 58 47
 57 98
 57 97
 57 12
 57 14
 58 50
 58 50
 58 98
 58 96
 55 14
 55 15
 59 46
 59 46
 56 97
 56 96
 57 14
 57 12
 56 80
 56 48
 55 97
 55 97
 58 59
 58 15
 57 80
 57 48
 56 97
 56 97
 60 57
 60 13
 56 46
 56 50
 56 97
 56 97
 57 12
 57 14
 57 55
 57 49
 57 97
 57 98
 58 14
 58 12
 56 52
 56 81
 58 98
 58 97
 55 16
 55 14
 57 45
 57 81
 58 97
 58 97
 56 13
 56 12
 55 50
 55 49
 59 97
 59 98
 58 12
 58 11
 55 48
 55 44
 56 98
 56 98
 57 15
 57 16
 56 46
 56 48
 58 97
 58 97
 56 13
 56 15
 57 47
 57 49
 56 97
 56 97
 57 14
 57 15
 59 46
 59 47
 55 72
 55 97
 55 15
 55 15
 59 47
 59 47
 56 96
 56 72
 59 13
 59 12
 57 49
 57 46
 58 73
 58 97
 56 13
 56 17
 56 82
 56 49
 58 96
 58 97
 56 14
 56 16
 55 46
 55 49
 57 97
 57 97
 58 13
 58 15
 56 48
 56 49
 58 97
 58 96
 57 12
 57 13
 57 49
 57 45
 58 97
 58 96
 56 13
 56 14
 58 46
 58 47
 56 96
 56 97
 57 15
 57 14
 57 52
 57 81
 56 97
 56 96
 56 14
 56 16
 57 80
 57 50
 57 96
 57 97
 58 11
 58 13
 57 47
 57 48
 57 97
 57 97
 57 13
 57 13
 57 50
 57 47
 57 97
 57 98
 57 55
 57 11
 57 43
 57 45
 56 97
 56 74
 57 17
 57 14
 57 47
 57 49
 56 97
 56 98
 58 16
 58 13
 56 44
 56 45
 58 97
 58 74
 57 55
 57 54
 56 49
 56 53
 57 97
 57 97
 58 12
 58 15
 56 82
 56 45
 56 97
 56 97
 57 12
 57 11
 57 81
 57 49
 56 96
 56 97
 57 14
 57 13
 56 44
 56 46
 58 97
 58 98
 56 15
 56 14
 59 46
 59 46
 58 97
 58 98
 57 13
 57 11
 58 47
 58 47
 57 97
 57 72
 57 13
 57 13
 59 52
 59 53
 56 98
 56 97
 59 14
 59 59
 57 49
 57 44
 56 96
 56 96
 58 15
 58 15
 57 50
 57 48
 59 97
 59 97
 56 56
 56 15
 56 80
 56 44
 57 98
 57 98
 58 15
 58 14
 56 42
 56 44
 57 98
 57 97
 57 15
 57 14
 58 59
 58 49
 57 97
 57 97
 57 13
 57 13
 58 44
 58 49
 57 97
 57 74
 57 15
 57 14
 58 45
 58 49
 58 97
 58 96
 55 13
 55 14
 58 81
 58 47
 58 97
 58 97
 58 14
 58 15
 55 45
 55 81
 56 72
 56 97
 56 14
 56 14
 58 51
 58 46
 58 97
 58 97
 57 58
 57 11
 57 46
 57 48
 57 98
 57 74
 58 13
 58 16
 56 50
 56 51
 56 98
 56 98
 57 58
 57 14
 56 47
 56 49
 56 97
 56 98
 57 57
 57 14
 57 81
 57 50
 55 96
 55 73
 58 14
 58 58
 58 44
 58 53
 57 97
 57 97
 56 58
 56 12
 56 47
 56 44
 60 97
 60 97
 54 14
 54 17
 58 52
 58 82
 57 97
 57 97
 57 13
 57 11
 56 47
 56 45
 58 97
 58 98
 56 15
 56 13
 58 43
 58 48
 56 97
 56 98
 57 15
 57 16
 56 49
 56 50
 57 96
 57 97
 55 13
 55 12
 57 46
 57 49
 57 71
 57 96
 57 14
 57 12
 57 44
 57 48
 57 97
 57 97
 56 14
 56 13
 57 45
 57 45
 58 97
 58 96
 56 57
 56 11
 57 82
 57 45
 56 98
 56 96
 58 14
 58 13
 58 43
 58 47
 56 98
 56 97
 57 15
 57 13
 58 49
 58 51
 58 97
 58 98
 56 14
 56 15
 57 46
 57 49
 57 97
 57 97
 57 56
 57 14
 56 46
 56 46
 59 97
 59 97
 57 16
 57 13
 57 47
 57 46
 57 97
 57 98
 56 13
 56 12
 57 48
 57 81
 56 97
 56 98
 57 14
 57 15
 57 48
 57 47
 57 97
 57 97
 56 15
 56 13
 57 49
 57 51
 57 97
 57 97
 56 13
 56 13
 56 49
 56 48
 55 96
 55 97
 57 13
 57 16
 59 45
 59 50
 57 98
 57 98
 57 13
 57 15
 58 49
 58 47
 56 98
 56 96
 57 15
 57 13
 57 50
 57 44
 56 73
 56 97
 56 11
 56 58
 58 49
 58 47
 58 97
 58 97
 57 11
 57 14
 56 46
 56 46
 59 98
 59 98
 56 13
 56 15
 56 51
 56 50
 57 98
 57 98
 57 16
 57 14
 58 44
 58 81
 57 97
 57 97
 57 56
 57 13
 56 48
 56 50
 56 97
 56 96
 56 12
 56 14
 58 46
 58 46
 56 97
 56 97
 57 15
 57 14
 58 47
 58 49
 56 97
 56 97
 56 16
 56 15
 57 49
 57 51
 58 97
 58 98
 57 15
 57 11
 57 46
 57 49
 57 97
 57 97
 58 12
 58 14
 56 47
 56 53
 57 96
 57 71
 57 14
 57 13
 56 80
 56 45
 56 96
 56 97
 57 13
 57 11
 58 50
 58 52
 59 71
 59 72
 55 16
 55 12
 58 50
 58 50
 56 97
 56 98
 57 11
 57 12
 57 48
 57 51
 58 97
 58 98
 56 17
 56 56
 56 51
 56 82
 59 96
 59 98
 57 13
 57 13
 56 50
 56 47
 57 97
 57 97
 57 14
 57 11
 57 45
 57 51
 58 96
 58 72
 55 12
 55 17
 56 48
 56 81
