 3 4
 3 4
 10 15
 10 15
 35 50
 35 50
 90 99
 91 99
 35 5
 35 5
 91 18
 92 18
 31 55
 32 55
 84 73
 87 73
 56 58
 51 58
 98 52
 99 52
 8 56
 6 56
 24 59
 23 59
 82 57
 72 57
 70 58
 71 58
 87 56
 91 56
 55 56
 39 56
 96 58
 93 58
 29 58
 21 58
 53 58
 68 58
 96 56
 92 56
 62 57
 57 57
 68 58
 68 58
 49 56
 47 56
 72 56
 72 56
 74 57
 79 57
 75 57
 92 57
 63 56
 28 56
 91 59
 93 59
 45 56
 36 56
 69 56
 88 56
 75 57
 73 57
 93 56
 88 56
 57 58
 43 58
 92 57
 91 57
 64 56
 71 56
 91 58
 95 58
 26 56
 34 56
 85 57
 86 57
 42 57
 40 57
 91 58
 97 58
 15 56
 15 56
 52 57
 52 57
 97 56
 93 56
 35 57
 23 57
 65 55
 65 55
 87 57
 78 57
 48 56
 50 56
 94 58
 94 58
 74 55
 76 55
 87 58
 83 58
 65 57
 53 57
 94 57
 96 57
 10 57
 14 57
 43 56
 44 56
 97 57
 97 57
 28 56
 12 56
 43 58
 42 58
 97 58
 98 58
 13 57
 12 57
 73 58
 72 58
 97 54
 98 54
 12 58
 17 58
 45 57
 53 57
 98 58
 97 58
 18 55
 13 55
 45 57
 39 57
 94 57
 98 57
 18 56
 20 56
 53 58
 52 58
 96 56
 94 56
 14 58
 13 58
 59 57
 43 57
 97 57
 77 57
 10 56
 12 56
 44 57
 45 57
 97 55
 98 55
 11 59
 13 59
 49 57
 46 57
 97 56
 98 56
 9 58
 11 58
 46 57
 40 57
 94 56
 97 56
 11 56
 15 56
 48 59
 47 59
 98 57
 94 57
 12 56
 11 56
 42 58
 43 58
 96 57
 97 57
 12 57
 13 57
 49 59
 43 59
 98 55
 97 55
 11 59
 14 59
 80 56
 44 56
 98 58
 97 58
 11 56
 17 56
 51 56
 53 56
 98 58
 98 58
 13 58
 13 58
 52 57
 47 57
 97 59
 97 59
 21 57
 16 57
 43 55
 46 55
 97 61
 97 61
 15 55
 18 55
 50 58
 59 58
 72 57
 98 57
 13 54
 13 54
 48 59
 51 59
 98 56
 98 56
 13 59
 14 59
 43 57
 45 57
 97 57
 98 57
 14 56
 19 56
 54 58
 49 58
 97 57
 98 57
 10 58
 14 58
 44 57
 44 57
 97 56
 96 56
 18 57
 15 57
 55 58
 47 58
 96 56
 92 56
 16 56
 23 56
 56 58
 52 58
 96 56
 96 56
 20 57
 21 57
 87 55
 66 55
 82 58
 79 58
 84 57
 55 57
 94 58
 60 58
 75 56
 28 56
 78 57
 80 57
 51 58
 56 58
 96 56
 95 56
 20 56
 19 56
 61 57
 49 57
 97 56
 95 56
 14 57
 27 57
 45 57
 40 57
 96 57
 95 57
 16 56
 18 56
 76 57
 62 57
 95 58
 88 58
 68 56
 27 56
 85 56
 92 56
 55 55
 58 55
 95 59
 97 59
 17 57
 20 57
 72 57
 79 57
 87 56
 91 56
 37 58
 47 58
 94 56
 89 56
 20 57
 24 57
 86 56
 72 56
 46 56
 72 56
 96 58
 85 58
 32 58
 33 58
 87 58
 78 58
 73 58
 43 58
 88 57
 71 57
 72 57
 74 57
 76 58
 82 58
 57 56
 34 56
 95 58
 89 58
 22 57
 38 57
 91 57
 76 57
 72 57
 63 57
 95 58
 90 58
 21 57
 29 57
 79 57
 60 57
 86 57
 74 57
 50 58
 77 58
 93 55
 89 55
 34 57
 76 57
 87 58
 87 58
 36 55
 36 55
 84 59
 84 59
 27 56
 40 56
 63 56
 72 56
 49 58
 66 58
 77 57
 65 57
 84 56
 81 56
 92 56
 86 56
 45 57
 51 57
 75 58
 81 58
 40 57
 67 57
 78 57
 95 57
 33 55
 34 55
 94 58
 86 58
 43 58
 35 58
 89 58
 88 58
 31 56
 43 56
 90 58
 82 58
 30 58
 28 58
 77 56
 71 56
 65 57
 45 57
 89 55
 87 55
 51 60
 28 60
 81 56
 83 56
 57 56
 60 56
 96 57
 93 57
 39 58
 35 58
 91 57
 90 57
 74 57
 69 57
 81 57
 76 57
 39 58
 42 58
 86 56
 89 56
 40 57
 38 57
 86 56
 86 56
 59 56
 62 56
 96 56
 97 56
 21 58
 34 58
 61 57
 61 57
 84 56
 82 56
 51 58
 68 58
 73 58
 66 58
 41 56
 31 56
 87 58
 88 58
 42 58
 54 58
 91 57
 97 57
 17 56
 15 56
 79 57
 82 57
 92 57
 91 57
 36 57
 37 57
 92 58
 93 58
 23 58
 22 58
 80 57
 89 57
 57 55
 44 55
 96 56
 96 56
 17 56
 28 56
 83 59
 57 59
 89 56
 74 56
 67 55
 50 55
 91 59
 97 59
 24 56
 29 56
 76 56
 68 56
 65 58
 54 58
 93 57
 93 57
 27 58
 44 58
 85 56
 89 56
 30 57
 35 57
 86 58
 91 58
 26 56
 56 56
 88 55
 81 55
 58 58
 52 58
 94 57
 92 57
 38 56
 47 56
 94 56
 93 56
 64 58
 29 58
 87 57
 89 57
 28 57
 29 57
 86 56
 72 56
 59 58
 40 58
 96 58
 96 58
 35 57
 21 57
 71 57
 85 57
 78 58
 75 58
 84 57
 75 57
 48 56
 87 56
 91 57
 59 57
 85 58
 82 58
 93 56
 84 56
 40 57
 69 57
 76 59
 80 59
 58 58
 55 58
 89 58
 94 58
 25 56
 20 56
 82 56
 69 56
 81 56
 63 56
 86 57
 87 57
 42 56
 52 56
 96 57
 93 57
 31 56
 22 56
 71 58
 70 58
 82 56
 82 56
 65 57
 59 57
 48 59
 57 59
 90 56
 87 56
 71 57
 88 57
 64 57
 53 57
 87 57
 88 57
 89 56
 89 56
 73 56
 47 56
 52 58
 89 58
 86 57
 49 57
 90 57
 90 57
 87 57
 46 57
 89 57
 89 57
 45 57
 87 57
 90 57
 66 57
 45 56
 46 56
 90 57
 58 57
 45 57
 84 57
 59 58
 90 58
 57 55
 46 55
 61 59
 62 59
 42 59
 44 59
 68 55
 69 55
 74 58
 73 58
 81 55
 92 55
 60 58
 32 58
 94 56
 95 56
 27 58
 34 58
 81 56
 81 56
 63 57
 57 57
 92 58
 95 58
 25 58
 26 58
 94 57
 83 57
 42 56
 51 56
 96 58
 84 58
 43 56
 18 56
 73 57
 71 57
 48 57
 78 57
 89 56
 68 56
 56 56
 77 56
 92 58
 93 58
 37 56
 36 56
 92 58
 89 58
 36 56
 26 56
 69 56
 69 56
 67 56
 47 56
 89 58
 95 58
 23 57
 38 57
 74 57
 75 57
 66 56
 64 56
 91 57
 91 57
 31 56
 32 56
 73 57
 75 57
 66 57
 75 57
 60 55
 90 55
 76 57
 77 57
 93 57
 91 57
 63 58
 54 58
 94 57
 89 57
 41 57
 55 57
 84 56
 93 56
 33 57
 20 57
 72 57
 74 57
 33 58
 63 58
 97 57
 94 57
 26 57
 17 57
 75 56
 72 56
 69 57
 81 57
 63 56
 87 56
 49 57
 61 57
 63 58
 91 58
 79 58
 83 58
 58 58
 92 58
 36 55
 78 55
 91 57
 71 57
 63 58
 37 58
 86 58
 90 58
 36 56
 28 56
 80 58
 86 58
 62 57
 62 57
 93 58
 97 58
 30 57
 12 57
 54 57
 61 57
 97 58
 81 58
 27 56
 17 56
 89 58
 67 58
 84 57
 51 57
 88 57
 63 57
 85 59
 89 59
 83 56
 38 56
 67 58
 91 58
 74 56
 74 56
 82 57
 86 57
 42 59
 40 59
 96 55
 92 55
 16 56
 19 56
 52 58
 52 58
 95 57
 84 57
 32 58
 44 58
 82 57
 86 57
 62 56
 52 56
 98 58
 97 58
 17 59
 22 59
 53 55
 54 55
 85 56
 73 56
 63 58
 35 58
 89 57
 95 57
 30 56
 43 56
 89 56
 82 56
 48 57
 20 57
 92 57
 72 57
 69 58
 72 58
 95 58
 91 58
 21 58
 21 58
 91 57
 88 57
 34 57
 47 57
 94 58
 94 58
 18 57
 30 57
 80 57
 75 57
 82 56
 73 56
 73 58
 60 58
 94 57
 80 57
 64 57
 46 57
 89 57
 82 57
 47 56
 51 56
 96 57
 97 57
 13 58
 23 58
 63 57
 53 57
 96 57
 73 57
 53 57
 56 57
 83 55
 92 55
 73 58
 73 58
 96 57
 92 57
 29 56
 37 56
 68 57
 79 57
 59 58
 47 58
 88 57
 93 57
 38 56
 54 56
 94 55
 94 55
 59 58
 30 58
 86 57
 90 57
 63 57
 65 57
 95 57
 88 57
 19 56
 16 56
 74 57
 63 57
 81 58
 87 58
 65 56
 58 56
 85 57
 93 57
 78 57
 36 57
 94 57
 92 57
 34 57
 39 57
 96 56
 87 56
 43 59
 39 59
 89 56
 90 56
 28 57
 45 57
 96 58
 94 58
 20 57
 27 57
 68 57
 89 57
 63 56
 82 56
 90 57
 61 57
 67 55
 79 55
 74 57
 85 57
 48 58
 58 58
 77 57
 92 57
 36 59
 42 59
 85 56
 91 56
 52 57
 38 57
 88 57
 95 57
 45 56
 46 56
 93 57
 94 57
 45 56
 28 56
 86 57
 93 57
 22 57
 26 57
 73 58
 81 58
 69 56
 36 56
 81 57
 91 57
 29 57
 51 57
 91 58
 91 58
 61 55
 65 55
 87 56
 97 56
 31 57
 16 57
 79 57
 70 57
 87 58
 87 58
 60 57
 80 57
 93 56
 88 56
 35 57
 50 57
 84 56
 90 56
 54 56
 45 56
 92 57
 88 57
 21 57
 34 57
 61 58
 58 58
 69 58
 90 58
 53 56
 82 56
 83 58
 92 58
 74 58
 49 58
 79 56
 79 56
 46 56
 46 56
 96 56
 98 56
 27 58
 22 58
 48 58
 55 58
 97 58
 95 58
 13 58
 12 58
 40 56
 45 56
 96 57
 97 57
 12 59
 17 59
 53 55
 55 55
 97 57
 94 57
 24 56
 18 56
 77 58
 67 58
 90 56
 88 56
 37 57
 44 57
 94 56
 93 56
 20 56
 27 56
 69 59
 87 59
 69 58
 66 58
 69 58
 67 58
 60 56
 76 56
 79 57
 60 57
 69 55
 86 55
 60 59
 89 59
 46 55
 44 55
 86 57
 57 57
 39 56
 42 56
 93 57
 65 57
 75 57
 57 57
 89 57
 91 57
 31 56
 40 56
 95 58
 89 58
 21 57
 45 57
 94 58
 70 58
 50 57
 36 57
 90 55
 97 55
 16 57
 23 57
 67 58
 68 58
 89 57
 63 57
 69 57
 79 57
 74 58
 94 58
 50 56
 47 56
 89 56
 94 56
 61 57
 47 57
 92 57
 93 57
 31 55
 15 55
 58 58
 71 58
 69 57
 85 57
 36 56
 62 56
 92 57
 94 57
 49 57
 39 57
 89 58
 94 58
 32 57
 30 57
 93 55
 96 55
 22 58
 29 58
 66 56
 62 56
 88 56
 86 56
 54 57
 47 57
 92 58
 93 58
 46 59
 74 59
 77 58
 95 58
 60 56
 47 56
 88 58
 97 58
 17 57
 17 57
 75 57
 65 57
 89 56
 93 56
 43 58
 42 58
 75 56
 82 56
 29 55
 25 55
 93 58
 91 58
 58 56
 46 56
 92 55
 97 55
 36 57
 39 57
 71 56
 67 56
 74 55
 50 55
 89 57
 91 57
 79 57
 72 57
 63 56
 62 56
 45 58
 43 58
 90 59
 92 59
 72 57
 77 57
 92 58
 74 58
 55 56
 36 56
 80 59
 87 59
 29 56
 34 56
 76 58
 85 58
 32 58
 58 58
 89 57
 98 57
 34 58
 16 58
 59 56
 57 56
 90 58
 92 58
 74 56
 32 56
 95 58
 95 58
 51 57
 45 57
 93 57
 69 57
 73 56
 71 56
 97 57
 94 57
 18 57
 43 57
 79 55
 80 55
 79 58
 81 58
 85 57
 67 57
 79 58
 78 58
 92 58
 65 58
 71 55
 72 55
 75 58
 93 58
 32 55
 64 55
 89 58
 92 58
 36 58
 38 58
 77 58
 88 58
 47 56
 47 56
 91 58
 97 58
 21 57
 23 57
 78 56
 64 56
 89 58
 92 58
 49 58
 28 58
 86 56
 88 56
 45 58
 34 58
 87 58
 96 58
 24 55
 21 55
 91 58
 84 58
 80 58
 77 58
 67 58
 63 58
 62 56
 78 56
 91 57
 87 57
 79 58
 61 58
 66 57
 66 57
 62 58
 43 58
 69 56
 65 56
 72 57
 44 57
 80 57
 92 57
 31 57
 64 57
 90 58
 96 58
 34 55
 25 55
 87 59
 83 59
 53 57
 53 57
 97 57
 90 57
 16 58
 23 58
 58 56
 60 56
 61 56
 63 56
 32 57
 31 57
 87 56
 74 56
 61 58
 37 58
 95 57
 94 57
 32 57
 19 57
 82 58
 87 58
 72 56
 64 56
 81 58
 91 58
 64 58
 72 58
 94 57
 80 57
 28 55
 56 55
 86 58
 92 58
 42 56
 38 56
 72 57
 94 57
 54 57
 42 57
 92 56
 93 56
 36 58
 33 58
 76 57
 74 57
 74 58
 82 58
 58 56
 73 56
 59 57
 70 57
 79 57
 79 57
 91 56
 91 56
 47 57
 85 57
 91 58
 91 58
 39 55
 40 55
 92 58
 70 58
 61 57
 35 57
 90 57
 89 57
 27 59
 44 59
 84 57
 85 57
 45 56
 47 56
 95 58
 93 58
 17 55
 14 55
 59 57
 70 57
 84 57
 91 57
 73 57
 71 57
 96 56
 93 56
 32 56
 24 56
 84 56
 80 56
 69 57
 47 57
 83 57
 87 57
 39 56
 26 56
 64 57
 70 57
 74 57
 85 57
 81 57
 64 57
 68 55
 54 55
 90 57
 82 57
 48 56
 48 56
 80 57
 90 57
 85 58
 85 58
 82 57
 68 57
 83 57
 44 57
 91 57
 92 57
 43 58
 48 58
 91 56
 91 56
 43 56
 37 56
 91 57
 96 57
 37 58
 48 58
 96 56
 96 56
 39 56
 39 56
 76 57
 76 57
 38 57
 70 57
 93 57
 89 57
 18 57
 20 57
 74 56
 82 56
 83 56
 80 56
 61 57
 61 57
 85 57
 59 57
 57 57
 71 57
 81 55
 74 55
 81 57
 64 57
 36 59
 56 59
 88 58
 89 58
 40 57
 64 57
 90 55
 90 55
 28 58
 33 58
 68 55
 88 55
 47 56
 65 56
 94 58
 97 58
 32 58
 18 58
 48 55
 75 55
 96 56
 87 56
 19 57
 17 57
 88 57
 59 57
 57 57
 75 57
 62 57
 39 57
 91 56
 95 56
 31 59
 61 59
 89 57
 84 57
 37 57
 41 57
 91 57
 97 57
 13 56
 19 56
 55 57
 59 57
 94 56
 94 56
 40 58
 34 58
 83 58
 90 58
 50 57
 62 57
 97 57
 87 57
 24 57
 23 57
 59 55
 70 55
 92 58
 90 58
 37 57
 35 57
 95 57
 89 57
 39 58
 27 58
 84 56
 87 56
 62 56
 53 56
 96 56
 90 56
 17 57
 31 57
 73 57
 65 57
 75 58
 86 58
 61 55
 34 55
 86 58
 91 58
 22 59
 38 59
 91 56
 91 56
 66 58
 42 58
 96 58
 97 58
 22 55
 26 55
 65 56
 66 56
 62 59
 83 59
 72 58
 87 58
 84 56
 91 56
 63 57
 44 57
 92 58
 78 58
 37 56
 41 56
 68 58
 73 58
 67 58
 28 58
 94 57
 86 57
 28 57
 45 57
 94 58
 89 58
 46 58
 43 58
 87 55
 98 55
 26 59
 24 59
 69 56
 66 56
 88 57
 92 57
 37 56
 72 56
 92 55
 96 55
 43 58
 41 58
 86 57
 84 57
 30 56
 64 56
 90 60
 90 60
 18 56
 19 56
 68 56
 78 56
 87 57
 89 57
 46 57
 57 57
 82 57
 74 57
 31 58
 76 58
 88 56
 92 56
 46 58
 40 58
 96 55
 84 55
 32 57
 26 57
 73 58
 73 58
 70 56
 67 56
 86 55
 96 55
 28 59
 47 59
 93 58
 91 58
 48 55
 61 55
 95 56
 87 56
 42 57
 27 57
 80 56
 75 56
 62 58
 64 58
 94 56
 90 56
 37 57
 32 57
 82 56
 85 56
 64 57
 50 57
 95 59
 96 59
 21 55
 40 55
 55 55
 56 55
 91 59
 96 59
 26 56
 27 56
 92 59
 74 59
 70 57
 71 57
 95 58
 94 58
 51 56
 51 56
 95 56
 81 56
 34 58
 30 58
 96 56
 88 56
 23 55
 26 55
 93 57
 83 57
 50 58
 53 58
 95 56
 94 56
 43 58
 40 58
 80 57
 76 57
 72 57
 78 57
 94 58
 93 58
 54 56
 54 56
 94 58
 96 58
 38 56
 35 56
 73 57
 79 57
 44 57
 44 57
 88 56
 94 56
 27 56
 25 56
 85 57
 78 57
 40 57
 67 57
 95 58
 94 58
 26 57
 24 57
 80 57
 70 57
 71 57
 72 57
 91 57
 91 57
 63 57
 44 57
 90 57
 83 57
 25 57
 28 57
 72 56
 86 56
 78 57
 69 57
 91 57
 90 57
 70 56
 77 56
 80 58
 93 58
 30 56
 37 56
 91 58
 94 58
 48 57
 29 57
 90 56
 87 56
 46 57
 27 57
 90 58
 90 58
 71 56
 78 56
 91 56
 74 56
 59 57
 37 57
 92 57
 92 57
 36 56
 34 56
 94 57
 93 57
 58 56
 64 56
 84 58
 89 58
 22 56
 19 56
 63 59
 89 59
 54 58
 77 58
 89 57
 72 57
 54 58
 71 58
 84 57
 60 57
 60 57
 92 57
 79 59
 34 59
 87 56
 87 56
 45 59
 41 59
 95 57
 96 57
 15 56
 18 56
 71 58
 79 58
 86 57
 71 57
 39 59
 44 59
 94 56
 94 56
 28 56
 19 56
 71 57
 70 57
 74 58
 58 58
 86 56
 75 56
 39 57
 35 57
 93 57
 95 57
 23 58
 26 58
 86 57
 69 57
 68 57
 59 57
 82 58
 83 58
 31 57
 52 57
 80 57
 89 57
 39 58
 38 58
 88 58
 88 58
 32 55
 33 55
 94 58
 88 58
 24 58
 28 58
 95 58
 96 58
 45 55
 44 55
 81 56
 77 56
 59 56
 60 56
 93 58
 94 58
 36 58
 35 58
 70 57
 90 57
 47 57
 69 57
 82 57
 90 57
 18 58
 18 58
 65 56
 74 56
 62 56
 72 56
 89 57
 86 57
 56 56
 90 56
 47 56
 69 56
 62 57
 77 57
 74 57
 34 57
 88 55
 74 55
 70 58
 59 58
 96 58
 96 58
 29 57
 20 57
 64 56
 61 56
 64 56
 63 56
 48 60
 74 60
 94 54
 94 54
 32 58
 32 58
 83 57
 94 57
 52 57
 39 57
 97 56
 96 56
 8 58
 9 58
 34 56
 52 56
 92 58
 91 58
 22 56
 21 56
 73 57
 76 57
 64 56
 66 56
 73 57
 75 57
 66 55
 47 55
 79 57
 90 57
 37 57
 50 57
 86 57
 96 57
 29 57
 28 57
 80 57
 85 57
 29 56
 42 56
 97 57
 97 57
 16 58
 17 58
 58 56
 64 56
 95 57
 93 57
 26 56
 24 56
 75 58
 74 58
 45 58
 56 58
 94 56
 86 56
 37 57
 27 57
 90 58
 76 58
 62 58
 65 58
 95 56
 96 56
 54 57
 27 57
 83 57
 93 57
 52 57
 62 57
 94 56
 90 56
 31 59
 26 59
 87 57
 86 57
 57 57
 49 57
 87 57
 95 57
 18 56
 51 56
 64 57
 76 57
 51 56
 81 56
 63 57
 57 57
 53 57
 88 57
 41 57
 58 57
 92 56
 63 56
 34 57
 68 57
 85 57
 83 57
 33 56
 31 56
 96 56
 92 56
 15 55
 12 55
 54 57
 64 57
 93 59
 88 59
 11 57
 23 57
 61 57
 53 57
 89 58
 96 58
 20 56
 18 56
 58 57
 79 57
 91 57
 93 57
 29 56
 35 56
 83 56
 88 56
 39 58
 59 58
 86 58
 97 58
 21 57
 19 57
 52 56
 57 56
 97 59
 98 59
 42 56
 15 56
 46 56
 53 56
 97 57
 97 57
 19 57
 12 57
 80 58
 50 58
 98 57
 92 57
 15 57
 12 57
 49 56
 51 56
 97 56
 97 56
 52 56
 13 56
 81 58
 49 58
 97 56
 97 56
 12 57
 16 57
 50 58
 52 58
 98 56
 97 56
 59 56
 14 56
 48 57
 52 57
 97 58
 97 58
 13 57
 12 57
 49 57
 51 57
 97 57
 96 57
 13 58
 13 58
 82 56
 81 56
 98 57
 97 57
 15 57
 13 57
 50 56
 50 56
 97 56
 97 56
 60 57
 15 57
 52 58
 46 58
 74 59
 98 59
 12 55
 16 55
 51 58
 46 58
 98 56
 97 56
 15 57
 13 57
 48 57
 82 57
 97 58
 96 58
 14 56
 15 56
 52 56
 52 56
 96 59
 97 59
 13 57
 14 57
 48 56
 80 56
 97 57
 97 57
 14 57
 15 57
 53 57
 81 57
 98 58
 97 58
 15 55
 15 55
 53 56
 50 56
