 3 4
 3 4
 10 15
 10 15
 35 50
 35 50
 89 99
 90 99
 38 5
 38 5
 91 18
 91 18
 29 55
 29 55
 82 73
 82 73
 53 58
 56 58
 98 52
 98 52
 8 56
 8 56
 22 59
 22 59
 77 57
 79 57
 67 58
 74 58
 83 56
 85 56
 56 56
 49 56
 84 58
 88 58
 35 58
 20 58
 92 58
 75 58
 51 56
 62 56
 90 57
 91 57
 48 58
 22 58
 93 56
 77 56
 67 56
 66 56
 96 57
 95 57
 28 57
 23 57
 68 56
 89 56
 66 59
 75 59
 72 56
 91 56
 71 56
 72 56
 94 57
 93 57
 22 56
 30 56
 84 58
 84 58
 57 57
 49 57
 91 56
 85 56
 18 58
 18 58
 84 56
 69 56
 88 57
 57 57
 49 57
 73 57
 94 58
 89 58
 64 56
 31 56
 86 57
 87 57
 46 56
 50 56
 86 57
 94 57
 13 55
 15 55
 60 57
 59 57
 94 56
 95 56
 36 58
 33 58
 88 55
 78 55
 63 58
 60 58
 93 57
 96 57
 19 57
 16 57
 71 57
 66 57
 77 56
 83 56
 42 57
 59 57
 94 56
 95 56
 27 58
 18 58
 89 58
 75 58
 75 57
 80 57
 89 58
 64 58
 82 54
 87 54
 59 58
 44 58
 92 57
 85 57
 54 58
 78 58
 74 55
 88 55
 43 57
 46 57
 93 57
 92 57
 26 56
 14 56
 83 58
 55 58
 92 56
 92 56
 32 58
 60 58
 83 57
 85 57
 36 57
 27 57
 93 56
 89 56
 33 57
 63 57
 87 55
 86 55
 33 59
 23 59
 75 57
 92 57
 66 56
 66 56
 95 58
 90 58
 23 57
 31 57
 81 56
 66 56
 60 56
 66 56
 80 59
 88 59
 69 57
 33 57
 88 56
 94 56
 29 58
 26 58
 87 57
 71 57
 35 57
 34 57
 96 59
 94 59
 31 55
 16 55
 83 59
 62 59
 89 56
 88 56
 46 58
 45 58
 77 56
 94 56
 25 56
 25 56
 94 58
 80 58
 62 58
 33 58
 94 57
 92 57
 20 59
 16 59
 71 57
 66 57
 91 55
 92 55
 34 61
 32 61
 97 55
 90 55
 41 58
 33 58
 73 57
 74 57
 83 54
 64 54
 62 59
 51 59
 77 56
 71 56
 40 59
 59 59
 77 57
 75 57
 61 57
 43 57
 93 56
 95 56
 14 58
 27 58
 57 57
 57 57
 94 58
 89 58
 32 57
 34 57
 96 56
 87 56
 34 57
 26 57
 81 58
 78 58
 45 56
 57 56
 94 56
 77 56
 28 58
 27 58
 85 56
 91 56
 43 57
 28 57
 95 55
 81 55
 26 58
 39 58
 93 57
 95 57
 53 58
 31 58
 94 56
 84 56
 49 57
 25 57
 74 58
 81 58
 56 56
 31 56
 85 56
 94 56
 41 57
 30 57
 74 56
 88 56
 51 57
 39 57
 98 57
 97 57
 14 57
 12 57
 65 56
 55 56
 90 57
 91 57
 27 58
 27 58
 69 56
 87 56
 77 56
 57 56
 70 55
 89 55
 34 59
 52 59
 91 57
 89 57
 32 57
 35 57
 90 56
 85 56
 38 58
 57 58
 93 56
 96 56
 19 57
 20 57
 76 56
 73 56
 77 56
 85 56
 91 58
 69 58
 83 58
 83 58
 87 58
 70 58
 83 58
 44 58
 63 57
 91 57
 42 57
 77 57
 94 58
 91 58
 37 56
 37 56
 91 58
 94 58
 35 57
 32 57
 95 57
 82 57
 31 57
 28 57
 96 58
 92 58
 35 57
 25 57
 77 57
 83 57
 82 57
 61 57
 75 58
 70 58
 83 55
 48 55
 73 57
 90 57
 86 58
 45 58
 61 55
 81 55
 60 59
 85 59
 85 56
 91 56
 43 56
 55 56
 70 58
 91 58
 39 57
 44 57
 91 56
 91 56
 35 56
 35 56
 94 57
 92 57
 21 58
 27 58
 73 57
 82 57
 50 57
 49 57
 96 55
 94 55
 16 58
 28 58
 61 58
 77 58
 65 58
 91 58
 77 56
 62 56
 92 58
 73 58
 23 58
 27 58
 85 56
 90 56
 58 57
 53 57
 97 55
 96 55
 21 60
 26 60
 61 56
 57 56
 93 56
 92 56
 63 57
 19 57
 72 58
 91 58
 78 57
 78 57
 83 57
 75 57
 38 57
 67 57
 89 58
 93 58
 28 56
 23 56
 86 57
 88 57
 42 56
 58 56
 98 56
 91 56
 23 56
 28 56
 78 58
 84 58
 93 57
 92 57
 38 56
 47 56
 95 58
 93 58
 54 58
 35 58
 78 56
 90 56
 75 58
 70 58
 95 58
 89 58
 31 57
 28 57
 74 56
 94 56
 34 57
 64 57
 90 57
 97 57
 28 57
 19 57
 79 58
 75 58
 80 58
 70 58
 61 57
 57 57
 59 55
 66 55
 83 56
 74 56
 66 56
 49 56
 61 59
 89 59
 53 56
 89 56
 51 55
 48 55
 89 59
 53 59
 46 56
 88 56
 90 56
 89 56
 87 58
 45 58
 54 57
 90 57
 44 58
 86 58
 61 56
 89 56
 43 57
 46 57
 91 58
 61 58
 81 56
 82 56
 89 55
 91 55
 39 58
 41 58
 92 57
 78 57
 38 56
 62 56
 93 56
 91 56
 27 58
 29 58
 81 57
 86 57
 74 57
 52 57
 94 56
 95 56
 19 58
 25 58
 82 58
 88 58
 86 57
 61 57
 66 57
 89 57
 80 58
 89 58
 48 57
 60 57
 93 56
 92 56
 38 57
 70 57
 94 58
 89 58
 40 56
 63 56
 95 57
 94 57
 25 59
 25 59
 87 58
 81 58
 67 58
 62 58
 91 56
 88 56
 24 56
 22 56
 53 56
 59 56
 85 57
 92 57
 29 56
 43 56
 89 57
 88 57
 43 56
 25 56
 77 58
 91 58
 51 56
 41 56
 87 57
 95 57
 21 59
 36 59
 88 56
 66 56
 52 57
 47 57
 86 57
 94 57
 29 57
 34 57
 91 56
 94 56
 31 56
 33 56
 94 58
 91 58
 41 57
 18 57
 66 57
 69 57
 78 57
 75 57
 70 57
 85 57
 79 57
 67 57
 92 57
 93 57
 64 56
 47 56
 96 57
 92 57
 33 57
 33 57
 67 58
 84 58
 51 55
 69 55
 76 59
 92 59
 37 59
 30 59
 95 55
 88 55
 29 58
 47 58
 79 55
 95 55
 57 58
 26 58
 95 56
 90 56
 55 58
 24 58
 94 56
 95 56
 57 57
 59 57
 95 58
 82 58
 51 58
 51 58
 80 57
 90 57
 59 56
 31 56
 86 58
 95 58
 25 56
 26 56
 76 57
 90 57
 30 57
 53 57
 92 56
 92 56
 35 56
 23 56
 70 58
 91 58
 72 56
 75 56
 84 58
 96 58
 21 56
 52 56
 69 56
 84 56
 53 56
 79 56
 73 58
 70 58
 75 57
 59 57
 94 57
 74 57
 38 56
 57 56
 90 57
 91 57
 36 56
 30 56
 82 57
 80 57
 75 57
 65 57
 91 55
 95 55
 22 57
 23 57
 77 57
 71 57
 72 58
 78 58
 80 57
 92 57
 34 57
 35 57
 91 56
 96 56
 39 57
 35 57
 87 57
 86 57
 59 58
 81 58
 91 57
 82 57
 53 57
 81 57
 84 56
 94 56
 44 57
 34 57
 88 56
 90 56
 29 57
 42 57
 97 58
 94 58
 23 58
 16 58
 69 58
 62 58
 76 55
 82 55
 44 57
 83 57
 93 58
 67 58
 40 58
 31 58
 79 56
 80 56
 51 58
 54 58
 90 57
 93 57
 17 58
 23 58
 62 57
 65 57
 93 57
 93 57
 53 58
 48 58
 93 56
 85 56
 25 58
 16 58
 63 57
 80 57
 76 57
 90 57
 61 59
 37 59
 96 56
 90 56
 43 58
 48 58
 69 56
 75 56
 75 57
 70 57
 79 59
 73 59
 52 55
 41 55
 95 56
 91 56
 19 58
 35 58
 65 57
 86 57
 78 58
 65 58
 66 57
 75 57
 79 56
 39 56
 78 58
 92 58
 34 59
 51 59
 87 55
 88 55
 28 56
 21 56
 92 58
 85 58
 27 57
 27 57
 83 56
 86 56
 38 56
 45 56
 85 57
 92 57
 36 57
 33 57
 91 58
 92 58
 18 58
 35 58
 88 58
 65 58
 84 57
 86 57
 75 57
 58 57
 89 58
 52 58
 56 57
 87 57
 82 57
 89 57
 85 56
 53 56
 61 58
 68 58
 50 57
 89 57
 49 57
 76 57
 53 57
 66 57
 89 56
 88 56
 53 57
 52 57
 88 58
 49 58
 90 57
 89 57
 48 57
 49 57
 90 57
 52 57
 88 55
 50 55
 90 58
 53 58
 47 57
 48 57
 53 56
 53 56
 47 57
 47 57
 89 58
 52 58
 48 57
 87 57
 89 56
 53 56
 87 55
 87 55
 89 58
 54 58
 87 57
 88 57
 89 57
 89 57
 47 57
 47 57
 54 56
 55 56
 87 57
 86 57
 55 58
 90 58
 86 56
 48 56
 89 57
 57 57
 88 57
 48 57
 90 57
 55 57
 48 57
 45 57
 90 56
 89 56
 47 59
 86 59
 54 56
 89 56
 47 57
 47 57
 91 58
 56 58
 86 57
 48 57
 56 57
 90 57
 87 56
 87 56
 90 57
 56 57
 86 55
 85 55
 89 57
 55 57
 86 58
 48 58
 57 57
 55 57
 46 59
 86 59
 90 56
 90 56
 86 57
 86 57
 58 57
 89 57
 86 56
 86 56
 89 57
 57 57
 45 56
 86 56
 58 57
 57 57
 85 57
 45 57
 89 58
 58 58
 48 56
 45 56
 90 57
 59 57
 84 57
 84 57
 90 58
 90 58
 45 55
 84 55
 91 56
 62 56
 45 57
 81 57
 69 57
 90 57
 77 58
 41 58
 91 57
 79 57
 63 56
 37 56
 94 57
 92 57
 27 56
 29 56
 84 56
 90 56
 49 57
 50 57
 98 57
 96 57
 19 58
 13 58
 67 58
 58 58
 93 56
 94 56
 25 58
 32 58
 77 58
 83 58
 65 56
 59 56
 92 56
 86 56
 23 56
 37 56
 94 58
 71 58
 41 58
 43 58
 97 58
 96 58
 31 58
 30 58
 63 56
 83 56
 52 57
 75 57
 50 59
 82 59
 59 55
 77 55
 35 57
 35 57
 93 56
 91 56
 40 58
 34 58
 93 56
 94 56
 33 57
 47 57
 86 56
 90 56
 45 56
 52 56
 90 59
 94 59
 26 58
 20 58
 87 58
 77 58
 80 56
 65 56
 91 57
 83 57
 50 55
 44 55
 93 59
 92 59
 38 55
 38 55
 86 57
 72 57
 27 56
 31 56
 85 57
 92 57
 26 57
 31 57
 96 57
 87 57
 59 56
 31 56
 82 58
 89 58
 30 57
 30 57
 96 58
 97 58
 36 57
 22 57
 92 55
 73 55
 53 57
 61 57
 84 58
 92 58
 32 57
 24 57
 91 57
 93 57
 29 58
 29 58
 84 56
 85 56
 20 56
 32 56
 73 57
 92 57
 47 57
 38 57
 86 55
 91 55
 51 58
 30 58
 86 57
 88 57
 34 56
 40 56
 88 57
 75 57
 67 57
 57 57
 79 58
 86 58
 25 57
 39 57
 93 55
 95 55
 50 58
 42 58
 84 56
 78 56
 24 56
 45 56
 93 57
 75 57
 61 58
 57 58
 94 59
 94 59
 36 58
 33 58
 91 56
 90 56
 34 58
 58 58
 94 57
 96 57
 14 57
 22 57
 60 56
 64 56
 85 58
 93 58
 27 56
 31 56
 93 55
 86 55
 35 58
 46 58
 96 56
 78 56
 27 55
 26 55
 78 57
 95 57
 54 56
 25 56
 95 55
 82 55
 26 57
 38 57
 93 57
 90 57
 38 56
 32 56
 92 58
 89 58
 25 59
 24 59
 80 57
 71 57
 38 58
 41 58
 95 56
 90 56
 18 59
 19 59
 63 56
 51 56
 92 58
 98 58
 15 58
 16 58
 66 57
 73 57
 89 58
 93 58
 25 56
 24 56
 82 58
 90 58
 64 56
 44 56
 96 58
 87 58
 23 57
 25 57
 66 57
 79 57
 81 56
 64 56
 74 57
 68 57
 37 57
 40 57
 97 55
 93 55
 20 58
 29 58
 82 57
 75 57
 38 58
 63 58
 88 58
 96 58
 22 55
 24 55
 82 58
 75 58
 44 55
 80 55
 68 58
 72 58
 70 58
 66 58
 91 58
 78 58
 47 56
 38 56
 90 58
 89 58
 45 57
 40 57
 83 56
 85 56
 63 58
 54 58
 93 58
 97 58
 16 56
 31 56
 77 58
 76 58
 93 58
 83 58
 33 55
 51 55
 96 58
 84 58
 42 58
 35 58
 91 58
 93 58
 34 56
 33 56
 95 57
 92 57
 22 58
 25 58
 87 57
 84 57
 74 58
 62 58
 62 56
 62 56
 73 57
 50 57
 75 57
 83 57
 59 57
 54 57
 72 58
 93 58
 50 55
 29 55
 95 59
 93 59
 24 57
 24 57
 85 57
 84 57
 49 58
 49 58
 86 56
 94 56
 17 56
 38 56
 82 57
 66 57
 83 56
 84 56
 91 58
 66 58
 62 57
 46 57
 88 57
 83 57
 51 58
 55 58
 73 56
 72 56
 63 58
 47 58
 67 58
 75 58
 88 57
 52 57
 51 55
 90 55
 89 58
 52 58
 50 56
 88 56
 88 57
 89 57
 51 57
 51 57
 53 56
 88 56
 89 58
 52 58
 89 57
 89 57
 89 58
 89 58
 88 56
 49 56
 89 57
 88 57
 88 57
 89 57
 89 56
 52 56
 88 57
 52 57
 88 58
 52 58
 50 55
 49 55
 89 58
 89 58
 88 57
 88 57
 88 57
 88 57
 52 59
 52 59
 51 57
 88 57
 52 56
 50 56
 89 58
 51 58
 88 55
 89 55
 89 57
 88 57
 50 57
 89 57
 88 57
 49 57
 89 56
 50 56
 50 56
 51 56
 89 56
 50 56
 49 57
 51 57
 50 57
 50 57
 52 56
 89 56
 89 57
 88 57
 51 57
 88 57
 52 57
 89 57
 88 55
 49 55
 52 57
 50 57
 88 56
 49 56
 50 57
 49 57
 52 58
 89 58
 50 57
 88 57
 51 57
 88 57
 49 57
 88 57
 50 58
 52 58
 88 56
 50 56
 50 56
 88 56
 89 57
 51 57
 51 58
 50 58
 89 56
 52 56
 51 56
 89 56
 52 57
 89 57
 88 57
 88 57
 89 57
 89 57
 89 57
 52 57
 51 56
 88 56
 88 56
 89 56
 88 57
 51 57
 88 57
 88 57
 50 57
 50 57
 88 55
 89 55
 89 57
 49 57
 89 59
 52 59
 52 58
 50 58
 52 57
 49 57
 88 55
 50 55
 88 58
 49 58
 88 55
 89 55
 89 56
 52 56
 89 58
 49 58
 50 58
 88 58
 89 55
 52 55
 49 56
 88 56
 51 57
 49 57
 52 57
 52 57
 88 57
 89 57
 50 57
 89 57
 89 56
 51 56
 52 59
 50 59
 89 57
 51 57
 50 57
 89 57
 89 57
 88 57
 88 56
 52 56
 89 57
 51 57
 51 56
 88 56
 89 58
 50 58
 49 58
 88 58
 88 57
 88 57
 52 57
 88 57
 88 57
 50 57
 51 55
 89 55
 88 58
 89 58
 88 57
 88 57
 89 57
 88 57
 88 58
 51 58
 49 56
 88 56
 52 56
 50 56
 49 56
 51 56
 49 57
 49 57
 88 57
 51 57
 51 58
 49 58
 88 55
 88 55
 89 58
 88 58
 52 59
 88 59
 88 56
 51 56
 88 58
 88 58
 50 58
 51 58
 51 55
 88 55
 51 56
 52 56
 50 59
 89 59
 50 58
 89 58
 89 56
 88 56
 49 57
 50 57
 50 58
 88 58
 50 56
 49 56
 88 58
 89 58
 50 58
 50 58
 52 57
 88 57
 88 57
 52 57
 88 58
 88 58
 49 58
 50 58
 89 55
 89 55
 89 59
 88 59
 49 56
 88 56
 51 57
 50 57
 49 56
 88 56
 52 55
 88 55
 50 58
 49 58
 51 57
 89 57
 51 56
 88 56
 88 60
 50 60
 50 56
 49 56
 89 56
 89 56
 88 57
 52 57
 49 57
 88 57
 89 57
 88 57
 89 58
 51 58
 49 56
 50 56
 89 58
 49 58
 88 55
 51 55
 50 57
 89 57
 88 58
 88 58
 51 56
 50 56
 50 55
 49 55
 51 59
 88 59
 49 58
 50 58
 49 55
 89 55
 89 56
 89 56
 89 57
 89 57
 89 56
 88 56
 50 58
 52 58
 89 56
 52 56
 88 57
 52 57
 89 56
 50 56
 52 57
 52 57
 88 59
 88 59
 49 55
 88 55
 49 55
 89 55
 52 59
 51 59
 49 56
 50 56
 89 59
 49 59
 51 57
 88 57
 50 58
 89 58
 88 56
 89 56
 88 56
 88 56
 51 58
 51 58
 89 56
 52 56
 89 55
 88 55
 51 57
 89 57
 89 58
 88 58
 51 56
 88 56
 50 58
 88 58
 52 57
 50 57
 89 57
 88 57
 52 58
 51 58
 88 56
 52 56
 50 58
 49 58
 51 56
 50 56
 51 57
 88 57
 88 57
 49 57
 88 56
 49 56
 88 56
 89 56
 51 57
 52 57
 49 57
 50 57
 49 58
 89 58
 88 57
 89 57
 88 57
 88 57
 51 57
 89 57
 49 57
 89 57
 89 57
 50 57
 50 57
 50 57
 49 57
 88 57
 89 56
 52 56
 88 57
 50 57
 52 57
 88 57
 52 56
 51 56
 89 58
 52 58
 51 56
 88 56
 89 58
 88 58
 51 57
 89 57
 88 56
 51 56
 88 57
 89 57
 88 58
 50 58
 50 56
 88 56
 52 56
 50 56
 52 57
 89 57
 51 57
 50 57
 52 56
 89 56
 88 57
 51 57
 49 56
 88 56
 49 58
 51 58
 51 56
 50 56
 49 59
 88 59
 89 58
 89 58
 88 57
 89 57
 88 58
 88 58
 88 57
 89 57
 50 57
 89 57
 51 59
 88 59
 89 56
 50 56
 89 59
 49 59
 51 57
 52 57
 88 56
 52 56
 89 58
 88 58
 51 57
 88 57
 49 59
 50 59
 89 56
 89 56
 89 56
 88 56
 88 57
 88 57
 49 58
 88 58
 49 56
 49 56
 89 57
 88 57
 89 57
 88 57
 50 58
 50 58
 49 57
 51 57
 49 57
 89 57
 51 58
 51 58
 51 57
 51 57
 89 57
 52 57
 51 58
 89 58
 88 58
 51 58
 89 55
 88 55
 88 58
 89 58
 89 58
 88 58
 88 58
 88 58
 89 55
 51 55
 89 56
 88 56
 89 56
 88 56
 89 58
 51 58
 89 58
 88 58
 89 57
 89 57
 88 57
 89 57
 52 57
 52 57
 49 58
 88 58
 89 56
 89 56
 89 56
 49 56
 49 57
 50 57
 50 56
 89 56
 50 56
 89 56
 50 57
 89 57
 51 57
 50 57
 88 55
 50 55
 88 58
 89 58
 89 58
 52 58
 50 57
 49 57
 89 56
 89 56
 89 56
 52 56
 50 60
 51 60
 89 54
 51 54
 52 58
 49 58
 88 57
 88 57
 88 57
 51 57
 49 56
 88 56
 89 58
 51 58
 89 56
 51 56
 52 58
 52 58
 49 56
 89 56
 50 57
 52 57
 50 56
 50 56
 52 57
 88 57
 88 55
 88 55
 89 57
 88 57
 89 57
 89 57
 89 57
 89 57
 52 57
 51 57
 88 57
 49 57
 88 56
 51 56
 49 57
 89 57
 89 58
 52 58
 89 56
 51 56
 89 57
 50 57
 89 56
 51 56
 88 58
 88 58
 50 58
 50 58
 89 56
 52 56
 89 57
 88 57
 49 58
 50 58
 50 58
 88 58
 49 56
 89 56
 88 57
 52 57
 88 57
 89 57
 51 57
 89 57
 52 56
 89 56
 50 59
 51 59
 51 57
 51 57
 89 57
 52 57
 89 57
 88 57
 88 56
 89 56
 88 57
 52 57
 88 56
 89 56
 89 57
 52 57
 88 57
 89 57
 51 57
 88 57
 89 56
 50 56
 50 57
 50 57
 51 57
 50 57
 50 56
 88 56
 88 56
 89 56
 51 55
 51 55
 50 57
 50 57
 51 59
 51 59
 88 57
 89 57
 51 57
 52 57
 52 58
 88 58
 89 56
 49 56
 51 57
 88 57
 52 57
 88 57
 89 56
 89 56
 89 56
 49 56
 89 58
 88 58
 50 58
 88 58
 89 57
 88 57
 88 56
 50 56
 52 59
 88 59
 88 56
 50 56
 51 56
 52 56
 89 57
 52 57
 88 57
 89 57
 89 58
 51 58
 88 57
 51 57
 89 57
 50 57
 88 56
 89 56
 89 56
 49 56
 88 56
 88 56
 51 58
 88 58
 88 56
 50 56
 49 57
 51 57
 50 58
 88 58
 51 56
 89 56
 88 56
 88 56
 49 57
 89 57
 52 58
 89 58
 88 57
 50 57
 88 57
 89 57
 88 57
 89 57
 49 58
 52 58
 89 56
 88 56
 89 57
 51 57
 52 57
 51 57
 88 56
 50 56
 89 56
 50 56
 51 57
 89 57
 89 58
 52 58
 88 59
 88 59
 88 55
 50 55
 89 58
 88 58
 88 56
 89 56
 88 57
 51 57
 50 57
 89 57
 50 58
 49 58
 89 56
 88 56
 52 56
 89 56
 88 59
 52 59
 89 57
 89 57
 88 56
 89 56
 50 57
 52 57
 89 57
 89 57
 51 57
 89 57
 50 58
 89 58
 89 55
 50 55
 89 56
 88 56
