 4 3
 4 3
 15 10
 15 10
 50 35
 50 35
 99 90
 99 90
 5 37
 5 35
 18 91
 18 92
 55 30
 55 30
 73 85
 73 84
 58 49
 58 54
 52 98
 52 99
 56 12
 56 8
 59 31
 59 26
 57 74
 57 80
 58 66
 58 70
 56 84
 56 88
 56 57
 56 55
 58 97
 58 88
 58 16
 58 30
 58 53
 58 62
 56 68
 56 94
 57 30
 57 29
 58 88
 58 90
 56 49
 56 40
 56 92
 56 89
 57 19
 57 18
 57 64
 57 64
 56 90
 56 84
 59 84
 59 77
 56 95
 56 90
 56 28
 56 30
 57 79
 57 80
 56 51
 56 55
 58 98
 58 97
 57 10
 57 10
 56 42
 56 46
 58 97
 58 97
 56 15
 56 12
 57 38
 57 43
 57 95
 57 97
 58 21
 58 16
 56 44
 56 51
 57 98
 57 98
 56 16
 56 13
 57 40
 57 39
 55 96
 55 94
 57 24
 57 26
 56 69
 56 70
 58 94
 58 86
 55 40
 55 44
 58 73
 58 81
 57 58
 57 63
 57 91
 57 64
 57 81
 57 65
 56 86
 56 82
 57 73
 57 35
 56 82
 56 96
 58 24
 58 24
 58 94
 58 89
 57 35
 57 44
 58 93
 58 94
 54 22
 54 16
 58 85
 58 76
 57 84
 57 81
 58 63
 58 79
 55 89
 55 84
 57 41
 57 75
 57 92
 57 73
 56 53
 56 35
 58 85
 58 87
 56 48
 56 50
 58 95
 58 97
 57 13
 57 13
 57 60
 57 55
 56 94
 56 97
 57 14
 57 15
 55 60
 55 59
 59 95
 59 92
 57 71
 57 72
 56 80
 56 81
 58 54
 58 64
 57 89
 57 89
 56 23
 56 34
 56 80
 56 73
 59 80
 59 75
 57 73
 57 85
 56 82
 56 62
 58 78
 58 91
 57 31
 57 32
 57 84
 57 85
 59 41
 59 25
 55 87
 55 96
 59 24
 59 25
 56 80
 56 94
 58 31
 58 29
 56 95
 56 94
 56 21
 56 21
 58 78
 58 90
 58 61
 58 68
 57 83
 57 81
 59 56
 59 50
 57 95
 57 95
 55 26
 55 42
 61 75
 61 74
 55 45
 55 59
 58 86
 58 94
 57 40
 57 30
 54 78
 54 70
 59 54
 59 82
 56 77
 56 69
 59 53
 59 75
 57 78
 57 84
 57 43
 57 39
 56 79
 56 91
 58 33
 58 31
 57 92
 57 88
 58 37
 58 48
 57 79
 57 81
 56 37
 56 26
 57 86
 57 88
 58 57
 58 36
 56 96
 56 91
 56 18
 56 24
 58 78
 58 61
 56 74
 56 86
 57 80
 57 54
 55 93
 55 93
 58 36
 58 61
 57 89
 57 89
 58 39
 58 38
 56 84
 56 96
 57 20
 57 42
 58 91
 58 87
 56 67
 56 73
 56 94
 56 93
 57 30
 57 23
 56 60
 56 60
 57 84
 57 82
 57 63
 57 56
 57 95
 57 94
 56 56
 56 67
 57 75
 57 78
 58 57
 58 58
 56 92
 56 91
 56 22
 56 28
 55 84
 55 74
 59 57
 59 81
 57 60
 57 62
 57 56
 57 65
 56 92
 56 79
 58 66
 58 73
 56 91
 56 86
 57 35
 57 68
 56 90
 56 85
 56 36
 56 37
 58 86
 58 88
 58 27
 58 35
 58 84
 58 92
 58 49
 58 45
 57 89
 57 92
 57 59
 57 28
 58 85
 58 85
 56 21
 56 24
 58 93
 58 77
 57 58
 57 32
 57 90
 57 86
 57 20
 57 25
 58 87
 58 79
 57 58
 57 44
 57 97
 57 95
 57 35
 57 28
 58 48
 58 53
 55 96
 55 97
 57 23
 57 54
 58 61
 58 56
 55 93
 55 90
 59 78
 59 37
 56 88
 56 91
 56 25
 56 35
 58 78
 58 95
 57 51
 57 46
 56 91
 56 93
 56 24
 56 25
 57 88
 57 84
 58 51
 58 63
 57 88
 57 76
 57 81
 57 86
 55 63
 55 82
 58 43
 58 44
 58 68
 58 90
 58 40
 58 61
 56 74
 56 93
 58 33
 58 34
 58 91
 58 88
 56 43
 56 31
 57 85
 57 70
 55 50
 55 41
 60 97
 60 90
 56 25
 56 17
 56 75
 56 66
 57 93
 57 68
 58 35
 58 33
 57 87
 57 92
 57 23
 57 25
 57 94
 57 88
 58 30
 58 46
 56 85
 56 96
 57 18
 57 23
 56 87
 56 73
 56 84
 56 85
 56 55
 56 70
 58 88
 58 91
 57 53
 57 45
 56 92
 56 92
 58 36
 58 78
 58 90
 58 92
 56 42
 56 40
 58 85
 58 92
 58 23
 58 35
 57 76
 57 92
 56 68
 56 56
 57 72
 57 89
 57 58
 57 31
 57 95
 57 95
 58 39
 58 46
 58 76
 58 84
 57 60
 57 62
 55 91
 55 89
 56 41
 56 32
 56 91
 56 80
 59 69
 59 47
 56 92
 56 96
 55 17
 55 14
 59 55
 59 58
 56 94
 56 75
 56 29
 56 28
 58 86
 58 95
 57 37
 57 49
 58 93
 58 95
 56 23
 56 25
 57 80
 57 93
 58 67
 58 67
 56 94
 56 93
 55 30
 55 23
 58 74
 58 91
 57 60
 57 54
 56 97
 56 87
 56 19
 56 16
 58 75
 58 66
 57 84
 57 86
 57 58
 57 56
 56 92
 56 89
 58 44
 58 41
 58 92
 58 93
 57 65
 57 54
 57 92
 57 81
 58 44
 58 39
 57 96
 57 93
 56 17
 56 18
 57 55
 57 52
 58 98
 58 97
 56 15
 56 18
 57 49
 57 80
 59 95
 59 97
 58 14
 58 16
 58 52
 58 83
 56 92
 56 97
 56 15
 56 16
 56 49
 56 52
 57 95
 57 96
 56 15
 56 19
 57 63
 57 82
 56 94
 56 94
 58 28
 58 28
 56 82
 56 82
 57 60
 57 65
 59 93
 59 97
 56 17
 56 19
 57 76
 57 69
 57 92
 57 89
 57 61
 57 49
 56 93
 56 88
 56 22
 56 47
 58 75
 58 75
 57 39
 57 53
 57 91
 57 94
 57 27
 57 24
 57 76
 57 78
 57 70
 57 61
 57 93
 57 88
 56 28
 56 28
 57 89
 57 82
 57 40
 57 26
 58 81
 58 94
 55 55
 55 31
 59 95
 59 96
 59 24
 59 40
 55 93
 55 77
 58 70
 58 66
 55 91
 55 97
 58 31
 58 38
 56 83
 56 86
 58 58
 58 51
 56 87
 56 95
 57 32
 57 37
 58 89
 58 80
 58 61
 58 47
 57 92
 57 95
 56 19
 56 25
 58 65
 58 69
 56 69
 56 84
 57 82
 57 73
 57 90
 57 93
 56 35
 56 32
 56 93
 56 93
 58 39
 58 27
 56 93
 56 94
 58 27
 58 28
 56 73
 56 91
 56 42
 56 74
 56 81
 56 92
 58 31
 58 35
 57 88
 57 95
 57 18
 57 17
 56 83
 56 69
 57 80
 57 53
 56 73
 56 93
 57 48
 57 41
 57 92
 57 90
 55 35
 55 35
 57 90
 57 92
 57 42
 57 54
 58 95
 58 87
 57 25
 57 36
 57 92
 57 92
 56 38
 56 27
 57 89
 57 95
 57 65
 57 41
 58 93
 58 96
 57 30
 57 25
 57 69
 57 87
 56 81
 56 47
 57 81
 57 72
 56 44
 56 52
 57 95
 57 96
 58 52
 58 36
 58 74
 58 89
 58 29
 58 61
 55 96
 55 96
 57 36
 57 41
 58 77
 58 75
 58 84
 58 88
 56 56
 56 87
 58 71
 58 67
 57 59
 57 50
 58 91
 58 64
 57 33
 57 33
 57 86
 57 80
 58 30
 58 58
 56 95
 56 96
 58 19
 58 27
 57 75
 57 63
 57 86
 57 93
 59 37
 59 44
 56 92
 56 93
 58 59
 58 25
 56 81
 56 77
 57 39
 57 35
 59 96
 59 96
 55 33
 55 26
 56 84
 56 89
 58 86
 58 74
 57 80
 57 83
 58 76
 58 88
 57 59
 57 56
 56 48
 56 49
 58 56
 58 57
 59 73
 59 86
 55 92
 55 91
 56 80
 56 71
 58 91
 58 90
 57 79
 57 41
 56 70
 56 91
 56 39
 56 38
 57 91
 57 84
 57 34
 57 48
 58 84
 58 96
 58 44
 58 35
 58 95
 58 92
 57 69
 57 48
 57 96
 57 94
 58 28
 58 30
 57 83
 57 78
 57 63
 57 50
 56 88
 56 92
 58 72
 58 67
 57 93
 57 95
 57 57
 57 25
 57 93
 57 91
 56 29
 56 52
 57 97
 57 96
 58 17
 58 16
 57 62
 57 72
 57 89
 57 75
 57 31
 57 35
 55 84
 55 95
 58 49
 58 28
 57 95
 57 98
 56 18
 56 44
 57 79
 57 80
 58 85
 58 95
 57 30
 57 34
 56 84
 56 83
 55 62
 55 51
 58 95
 58 87
 57 14
 57 17
 57 61
 57 56
 57 68
 57 94
 56 52
 56 71
 57 74
 57 85
 58 72
 58 63
 56 90
 56 93
 57 25
 57 25
 57 81
 57 88
 57 61
 57 46
 57 87
 57 94
 56 39
 56 28
 59 87
 59 76
 56 69
 56 77
 57 92
 57 93
 58 64
 58 50
 57 92
 57 93
 57 30
 57 40
 56 79
 56 79
 57 50
 57 49
 55 93
 55 96
 57 17
 57 18
 58 86
 58 62
 57 80
 57 88
 59 64
 59 86
 56 91
 56 93
 57 31
 57 31
 57 92
 57 88
 56 66
 56 51
 57 97
 57 90
 56 22
 56 14
 57 50
 57 51
 57 95
 57 86
 58 23
 58 38
 56 92
 56 81
 57 43
 57 51
 57 94
 57 83
 58 44
 58 25
 55 74
 55 80
 56 42
 56 40
 57 87
 57 96
 57 17
 57 18
 58 61
 58 80
 57 89
 57 87
 56 56
 56 46
 57 95
 57 93
 56 30
 56 28
 56 92
 56 94
 57 30
 57 54
 57 95
 57 98
 58 11
 58 31
 58 60
 58 49
 56 97
 56 85
 58 51
 58 22
 58 63
 58 60
 56 92
 56 89
 56 44
 56 50
 56 75
 56 90
 58 37
 58 34
 58 91
 58 87
 58 34
 58 33
 58 87
 58 89
 56 26
 56 56
 57 96
 57 94
 59 18
 59 18
 55 83
 55 60
 57 83
 57 91
 56 39
 56 52
 58 94
 58 96
 56 23
 56 24
 57 86
 57 83
 56 67
 56 75
 56 90
 56 81
 59 30
 59 26
 58 93
 58 85
 58 28
 58 23
 56 90
 56 71
 57 48
 57 65
 55 92
 55 83
 59 32
 59 58
 55 96
 55 85
 57 24
 57 31
 56 86
 56 87
 57 74
 57 65
 57 95
 57 89
 57 33
 57 47
 56 86
 56 74
 58 31
 58 30
 57 97
 57 87
 58 22
 58 23
 57 89
 57 74
 55 61
 55 69
 57 88
 57 91
 58 27
 58 30
 57 82
 57 85
 57 33
 57 28
 58 94
 58 85
 56 61
 56 26
 56 91
 56 96
 57 43
 57 33
 57 75
 57 76
 55 59
 55 32
 58 85
 58 96
 57 24
 57 30
 56 69
 56 78
 57 45
 57 44
 57 94
 57 79
 58 20
 58 45
 57 74
 57 74
 55 70
 55 74
 58 74
 58 80
 56 38
 56 71
 56 91
 56 96
 57 37
 57 50
 58 91
 58 77
 59 25
 59 25
 58 76
 58 94
 56 45
 56 36
 58 95
 58 84
 57 26
 57 27
 57 78
 57 96
 56 25
 56 25
 58 94
 58 82
 56 26
 56 57
 55 95
 55 93
 58 50
 58 32
 56 86
 56 76
 55 61
 55 57
 57 97
 57 94
 56 22
 56 39
 55 91
 55 84
 57 44
 57 61
 57 93
 57 80
 56 42
 56 25
 58 91
 58 65
 59 45
 59 80
 57 78
 57 79
 58 72
 58 38
 56 83
 56 80
 59 51
 59 49
 56 93
 56 94
 58 69
 58 53
 58 93
 58 96
 57 37
 57 17
 58 71
 58 62
 56 86
 56 75
 58 75
 58 76
 56 88
 56 94
 58 28
 58 58
 57 94
 57 83
 57 70
 57 37
 56 90
 56 96
 57 30
 57 29
 57 75
 57 73
 55 72
 55 80
 58 82
 58 90
 57 43
 57 58
 58 81
 58 85
 58 32
 58 55
 55 84
 55 93
 58 42
 58 33
 55 96
 55 95
 58 19
 58 19
 58 91
 58 80
 58 72
 58 63
 56 61
 56 63
 58 86
 58 83
 57 67
 57 62
 56 84
 56 57
 58 85
 58 83
 58 64
 58 91
 56 35
 56 41
 58 92
 58 90
 58 37
 58 64
 55 91
 55 93
 58 32
 58 22
 58 80
 58 82
 58 64
 58 41
 56 98
 56 96
 57 11
 57 28
 58 50
 58 41
 57 98
 57 95
 58 13
 58 13
 56 47
 56 56
 57 97
 57 97
 57 33
 57 27
 57 42
 57 43
 58 76
 58 94
 55 17
 55 13
 59 50
 59 55
 57 97
 57 97
 57 18
 57 16
 58 59
 58 56
 56 97
 56 97
 56 18
 56 15
 57 63
 57 55
 56 95
 56 96
 58 22
 58 55
 57 69
 57 71
 57 84
 57 83
 58 60
 58 67
 56 90
 56 83
 58 83
 58 52
 58 71
 58 82
 57 72
 57 70
 55 81
 55 92
 58 61
 58 39
 56 97
 56 96
 57 25
 57 25
 57 69
 57 58
 56 89
 56 93
 58 22
 58 23
 57 87
 57 89
 58 62
 58 74
 56 96
 56 94
 57 29
 57 28
 57 94
 57 78
 56 28
 56 58
 57 94
 57 84
 58 19
 58 41
 55 73
 55 74
 58 55
 58 80
 57 93
 57 78
 57 34
 57 63
 59 91
 59 80
 57 24
 57 36
 56 82
 56 89
 58 51
 58 44
 55 96
 55 96
 57 17
 57 18
 57 71
 57 63
 57 90
 57 76
 56 40
 56 35
 56 92
 56 84
 56 26
 56 34
 57 79
 57 77
 57 59
 57 37
 56 92
 56 94
 57 36
 57 28
 57 71
 57 69
 57 60
 57 62
 55 87
 55 80
 57 51
 57 66
 56 94
 56 94
 57 33
 57 73
 58 87
 58 87
 57 39
 57 38
 57 81
 57 96
 57 52
 57 26
 58 69
 58 77
 56 69
 56 60
 56 91
 56 88
 57 46
 57 56
 58 85
 58 89
 56 29
 56 45
 56 85
 56 94
 57 23
 57 24
 57 77
 57 93
 57 33
 57 48
 57 91
 57 92
 56 29
 56 28
 56 80
 56 91
 57 45
 57 43
 57 96
 57 97
 57 26
 57 14
 55 67
 55 56
 57 89
 57 91
 59 40
 59 33
 58 88
 58 95
 57 38
 57 42
 55 90
 55 95
 58 22
 58 22
 55 65
 55 80
 56 79
 56 47
 58 92
 58 79
 58 34
 58 72
 55 87
 55 90
 56 31
 56 47
 57 88
 57 90
 57 56
 57 56
 57 97
 57 91
 57 16
 57 19
 56 55
 56 54
 59 74
 59 93
 57 45
 57 41
 57 85
 57 91
 57 53
 57 41
 56 87
 56 96
 57 45
 57 19
 56 61
 56 70
 58 65
 58 86
 58 55
 58 66
 57 63
 57 90
 57 80
 57 84
 57 92
 57 93
 55 70
 55 34
 58 88
 58 87
 57 42
 57 41
 57 94
 57 97
 58 19
 58 19
 56 61
 56 55
 56 92
 56 74
 56 43
 56 37
 57 82
 57 97
 57 23
 57 26
 58 64
 58 68
 55 51
 55 82
 58 70
 58 66
 59 37
 59 54
 56 92
 56 96
 58 55
 58 34
 58 94
 58 88
 55 34
 55 51
 56 83
 56 89
 59 30
 59 18
 58 67
 58 74
 56 71
 56 81
 57 85
 57 74
 58 78
 58 75
 56 86
 56 89
 58 32
 58 35
 58 96
 58 96
 57 35
 57 25
 57 85
 57 82
 58 44
 58 76
 58 94
 58 95
 55 52
 55 23
 59 93
 59 89
 56 44
 56 34
 57 89
 57 89
 56 39
 56 29
 55 84
 55 74
 58 62
 58 68
 57 98
 57 98
 56 12
 56 32
 60 61
 60 57
 56 97
 56 96
 56 19
 56 28
 57 61
 57 80
 57 85
 57 91
 57 50
 57 35
 58 92
 58 94
 56 37
 56 27
 58 93
 58 88
 55 40
 55 48
 57 95
 57 97
 58 10
 58 18
 56 61
 56 51
 55 81
 55 97
 59 15
 59 10
 58 73
 58 46
 55 97
 55 97
 56 16
 56 12
 57 51
 57 52
 56 98
 56 96
 58 12
 58 16
 56 53
 56 53
 57 98
 57 96
 56 15
 56 55
 57 48
 57 49
 59 97
 59 74
 55 16
 55 15
 55 48
 55 47
 59 98
 59 98
 56 13
 56 57
 59 47
 59 52
 57 97
 57 71
 58 14
 58 16
 56 49
 56 53
 56 71
 56 98
 58 56
 58 17
 56 51
 56 54
 55 96
 55 97
 57 17
 57 16
 58 55
 58 60
 56 96
 56 96
 58 18
 58 21
 57 58
 57 56
 57 95
 57 92
 58 26
 58 27
 56 76
 56 83
 58 55
 58 66
 56 96
 56 90
 57 28
 57 37
 57 78
 57 72
 56 56
 56 71
 56 81
 56 92
 57 59
 57 46
 57 95
 57 84
 58 34
 58 39
 57 89
 57 74
 57 39
 57 63
 57 89
 57 96
 57 30
 57 29
 57 81
 57 72
 57 70
 57 72
 57 75
 57 78
 56 70
 56 84
 57 39
 57 50
 57 91
 57 65
 56 36
 56 69
 58 95
 58 86
 56 40
 56 37
 58 91
 58 96
 57 22
 57 24
 56 87
 56 66
 57 84
 57 85
 58 61
 58 70
 56 88
 56 85
 56 54
 56 59
 57 54
 57 90
 57 47
 57 46
 56 86
 56 55
 57 84
 57 41
 56 63
 56 91
 58 42
 58 44
 56 73
 56 92
 59 37
 59 63
 58 90
 58 92
 57 43
 57 41
 58 87
 58 93
 57 40
 57 27
 57 95
 57 82
 59 41
 59 36
 56 85
 56 89
 59 38
 59 35
 57 87
 57 95
 56 29
 56 30
 58 84
 58 79
 57 86
 57 52
 59 76
 59 65
 56 54
 56 48
 56 55
 56 58
 57 88
 57 54
 58 67
 58 89
 56 49
 56 89
 57 88
 57 81
 57 83
 57 88
 58 88
 58 49
 57 50
 57 85
 57 59
 57 67
 58 49
 58 89
 57 52
 57 88
 57 49
 57 51
 58 89
 58 51
 58 88
 58 49
 55 89
 55 90
 58 49
 58 48
 58 52
 58 89
 58 50
 58 49
 55 89
 55 89
 56 48
 56 88
 56 90
 56 89
 58 87
 58 49
 58 54
 58 89
 57 48
 57 50
 57 51
 57 53
 57 88
 57 49
 58 90
 58 51
 56 88
 56 88
 56 89
 56 51
 57 88
 57 89
 56 52
 56 89
 56 88
 56 87
 57 89
 57 53
 57 88
 57 49
 55 89
 55 88
 58 48
 58 89
 58 89
 58 51
 57 88
 57 50
 56 53
 56 90
 56 48
 56 49
 60 53
 60 52
 54 88
 54 47
 58 89
 58 52
 57 88
 57 88
 57 89
 57 89
 56 50
 56 48
 58 51
 58 53
 56 49
 56 88
 58 52
 58 52
 56 88
 56 50
 57 52
 57 90
 56 48
 56 88
 57 88
 57 89
 55 88
 55 49
 57 88
 57 53
 57 50
 57 49
 57 89
 57 53
 57 88
 57 49
 57 88
 57 54
 56 48
 56 88
 57 51
 57 88
 58 87
 58 48
 56 51
 56 90
 57 87
 57 87
 56 52
 56 53
 58 49
 58 88
 58 90
 58 88
 56 88
 56 89
 57 89
 57 89
 58 87
 58 88
 58 89
 58 53
 56 89
 56 88
 57 51
 57 89
 57 88
 57 88
 57 89
 57 52
 56 50
 56 87
 59 88
 59 90
 57 48
 57 87
 57 90
 57 89
 57 48
 57 48
 56 89
 56 51
 57 87
 57 88
 56 52
 56 54
 57 88
 57 49
 57 90
 57 53
 57 51
 57 89
 56 51
 56 53
 57 48
 57 88
 57 89
 57 54
 56 89
 56 88
 56 90
 56 54
 55 88
 55 50
 57 89
 57 88
 59 48
 59 50
 57 53
 57 51
 57 48
 57 89
 58 52
 58 53
 56 48
 56 49
 57 52
 57 89
 57 49
 57 88
 56 90
 56 51
 56 48
 56 50
 58 89
 58 89
 58 87
 58 49
 57 89
 57 52
 56 49
 56 48
 59 52
 59 51
 56 88
 56 49
 56 89
 56 89
 57 50
 57 49
 57 50
 57 88
 58 48
 58 48
 57 88
 57 89
 57 48
 57 87
 56 51
 56 53
 56 88
 56 50
 56 51
 56 88
 58 88
 58 49
 56 51
 56 51
 57 48
 57 51
 58 52
 58 89
 56 87
 56 88
 56 52
 56 89
 57 50
 57 51
 58 89
 58 53
 57 48
 57 49
 57 89
 57 89
 57 50
 57 88
 58 51
 58 89
 56 48
 56 88
 57 54
 57 89
 57 50
 57 87
 56 89
 56 90
 56 89
 56 50
 57 90
 57 54
 58 50
 58 88
 59 52
 59 89
 55 88
 55 87
 58 53
 58 89
 56 50
 56 48
 57 88
 57 52
 57 88
 57 87
 58 89
 58 88
 56 51
 56 48
 56 53
 56 89
 59 50
 59 50
 57 51
 57 53
 56 49
 56 88
 57 90
 57 89
 57 88
 57 89
 57 52
 57 53
 58 49
 58 47
 55 88
 55 51
 56 88
 56 48
