 2 4
 2 4
 7 15
 7 15
 25 50
 25 50
 74 99
 74 99
 76 5
 75 5
 73 18
 73 18
 77 55
 77 55
 69 73
 69 73
 84 58
 84 58
 53 52
 54 52
 98 56
 98 56
 8 59
 8 59
 26 57
 26 57
 79 58
 78 58
 67 56
 67 56
 85 56
 85 56
 48 58
 47 58
 99 58
 99 58
 6 58
 6 58
 21 56
 19 56
 64 57
 63 57
 91 58
 92 58
 28 56
 29 56
 81 56
 82 56
 58 57
 60 57
 95 57
 94 57
 18 56
 17 56
 58 59
 56 59
 97 56
 97 56
 13 56
 14 56
 46 57
 45 57
 98 56
 98 56
 6 58
 6 58
 25 57
 24 57
 76 56
 75 56
 76 58
 74 58
 75 56
 76 56
 74 57
 72 57
 77 57
 77 57
 69 58
 68 58
 85 56
 85 56
 50 57
 50 57
 98 56
 99 56
 4 57
 5 57
 18 55
 19 55
 59 57
 59 57
 95 56
 94 56
 21 58
 21 58
 64 55
 66 55
 89 58
 89 58
 36 57
 37 57
 91 57
 92 57
 31 57
 30 57
 85 56
 84 56
 52 57
 51 57
 98 56
 99 56
 5 58
 5 58
 20 58
 19 58
 64 57
 63 57
 91 58
 90 58
 33 54
 33 54
 86 58
 86 58
 49 57
 48 57
 99 58
 98 58
 6 55
 7 55
 23 57
 23 57
 69 57
 68 57
 86 56
 88 56
 47 58
 48 58
 98 56
 98 56
 6 58
 6 58
 22 57
 22 57
 68 57
 67 57
 88 56
 89 56
 43 57
 42 57
 96 55
 97 55
 12 59
 12 59
 42 57
 42 57
 97 56
 97 56
 11 58
 12 58
 41 57
 39 57
 94 56
 94 56
 21 56
 22 56
 67 59
 67 59
 87 57
 87 57
 44 56
 45 56
 97 58
 98 58
 9 57
 9 57
 31 57
 31 57
 85 59
 85 59
 50 55
 51 55
 99 59
 98 59
 6 56
 5 56
 20 58
 20 58
 60 56
 61 56
 93 56
 94 56
 25 58
 24 58
 70 58
 70 58
 82 57
 81 57
 59 59
 58 59
 96 57
 96 57
 15 55
 15 55
 52 61
 50 61
 99 55
 98 55
 5 58
 6 58
 18 57
 20 57
 59 54
 62 54
 93 59
 95 59
 21 56
 22 56
 67 59
 66 59
 87 57
 87 57
 44 57
 44 57
 97 56
 97 56
 10 58
 10 58
 36 57
 37 57
 91 58
 92 58
 30 57
 30 57
 84 56
 83 56
 52 57
 53 57
 98 58
 98 58
 7 56
 7 56
 22 56
 21 56
 69 58
 68 58
 84 56
 85 56
 51 57
 50 57
 99 55
 99 55
 6 58
 6 58
 18 57
 20 57
 60 58
 62 58
 93 56
 93 56
 23 57
 23 57
 71 58
 72 58
 79 56
 80 56
 65 56
 62 56
 92 57
 92 57
 32 56
 32 56
 85 57
 84 57
 53 57
 54 57
 98 57
 98 57
 7 56
 6 56
 22 57
 22 57
 70 58
 68 58
 84 56
 84 56
 52 56
 52 56
 99 55
 99 55
 5 59
 6 59
 22 57
 23 57
 68 57
 68 57
 86 56
 87 56
 45 58
 44 58
 97 56
 97 56
 11 57
 11 57
 39 56
 39 56
 95 56
 94 56
 21 58
 21 58
 66 58
 66 58
 89 58
 89 58
 36 58
 36 58
 93 57
 92 57
 27 57
 28 57
 78 58
 79 58
 68 56
 68 56
 85 58
 86 58
 48 57
 49 57
 98 57
 98 57
 6 57
 5 57
 18 58
 19 58
 60 57
 62 57
 94 57
 95 57
 21 57
 20 57
 64 58
 63 58
 91 55
 92 55
 32 57
 32 57
 88 58
 87 58
 45 55
 45 55
 97 59
 98 59
 10 56
 11 56
 35 56
 37 56
 91 58
 91 58
 33 57
 31 57
 87 56
 87 56
 47 56
 46 56
 99 57
 98 57
 7 58
 7 58
 26 57
 27 57
 77 57
 75 57
 72 55
 72 55
 79 58
 82 58
 63 58
 62 58
 93 58
 93 58
 25 56
 27 56
 75 58
 75 58
 74 58
 73 58
 78 56
 78 56
 68 57
 69 57
 86 55
 85 55
 51 60
 50 60
 98 56
 99 56
 4 56
 6 56
 20 57
 19 57
 59 58
 60 58
 96 57
 95 57
 18 57
 17 57
 58 57
 58 57
 96 58
 96 58
 15 56
 13 56
 48 57
 45 57
 98 56
 99 56
 7 56
 6 56
 25 56
 22 56
 73 58
 70 58
 80 57
 81 57
 62 56
 61 56
 93 58
 93 58
 24 58
 23 58
 72 56
 72 56
 80 58
 81 58
 60 58
 60 58
 93 57
 94 57
 23 56
 25 56
 72 57
 72 57
 81 57
 80 57
 63 57
 63 57
 91 58
 92 58
 28 58
 28 58
 80 57
 80 57
 63 55
 63 55
 92 56
 93 56
 27 56
 28 56
 79 59
 79 59
 68 56
 67 56
 87 55
 87 55
 45 59
 44 59
 97 56
 97 56
 10 56
 11 56
 37 58
 36 58
 93 57
 92 57
 30 58
 30 58
 82 56
 82 56
 57 57
 57 57
 97 58
 97 58
 13 56
 12 56
 41 55
 44 55
 97 58
 97 58
 12 57
 13 57
 44 56
 45 56
 98 56
 98 56
 8 58
 10 58
 32 57
 33 57
 87 57
 87 57
 44 56
 45 56
 98 58
 98 58
 7 58
 9 58
 29 57
 31 57
 81 57
 84 57
 57 58
 57 58
 97 57
 97 57
 11 56
 12 56
 40 57
 39 57
 94 58
 93 58
 24 56
 25 56
 71 57
 71 57
 82 59
 82 59
 56 58
 57 58
 96 58
 96 58
 12 56
 12 56
 41 56
 41 56
 95 56
 95 56
 20 57
 20 57
 61 56
 61 56
 94 57
 94 57
 23 56
 22 56
 69 58
 69 58
 84 56
 86 56
 51 57
 51 57
 99 59
 98 59
 6 56
 5 56
 18 57
 20 57
 62 57
 62 57
 93 57
 93 57
 24 56
 24 56
 74 56
 74 56
 78 58
 78 58
 71 57
 69 57
 83 57
 83 57
 56 57
 56 57
 98 57
 98 57
 10 57
 10 57
 34 57
 36 57
 89 56
 89 56
 35 57
 34 57
 90 57
 90 57
 34 58
 35 58
 89 55
 90 55
 38 59
 38 59
 93 59
 93 59
 26 55
 28 55
 77 58
 78 58
 70 55
 68 55
 84 58
 83 58
 53 56
 54 56
 98 58
 98 58
 6 56
 6 56
 24 57
 24 57
 76 58
 75 58
 75 58
 75 58
 73 57
 74 57
 77 56
 77 56
 70 58
 71 58
 83 56
 82 56
 59 57
 60 57
 96 57
 95 57
 16 56
 15 56
 53 56
 54 56
 98 58
 98 58
 6 56
 6 56
 24 58
 24 58
 71 56
 72 56
 82 56
 81 56
 59 56
 58 56
 95 58
 96 58
 18 57
 18 57
 61 57
 60 57
 95 56
 95 56
 18 57
 17 57
 58 56
 59 56
 95 57
 96 57
 17 57
 17 57
 57 55
 59 55
 96 57
 97 57
 14 57
 14 57
 45 58
 44 58
 98 57
 98 57
 9 57
 9 57
 32 56
 33 56
 85 57
 85 57
 50 57
 50 57
 98 58
 98 58
 5 57
 5 57
 17 57
 20 57
 59 56
 60 56
 96 57
 95 57
 17 56
 16 56
 56 57
 55 57
 97 58
 97 58
 11 58
 10 58
 35 58
 37 58
 92 55
 92 55
 31 57
 31 57
 84 58
 84 58
 53 58
 53 58
 98 56
 98 56
 6 58
 6 58
 24 57
 22 57
 71 58
 69 58
 84 57
 83 57
 57 57
 57 57
 98 58
 97 58
 10 56
 11 56
 38 58
 37 58
 93 57
 92 57
 28 57
 29 57
 81 59
 81 59
 64 56
 63 56
 92 58
 91 58
 29 56
 29 56
 83 57
 81 57
 59 59
 59 59
 96 55
 95 55
 15 56
 18 56
 56 58
 54 58
 98 57
 98 57
 8 58
 8 58
 31 57
 30 57
 86 56
 85 56
 49 58
 48 58
 98 59
 98 59
 5 55
 5 55
 19 56
 20 56
 61 58
 64 58
 93 57
 93 57
 28 56
 28 56
 79 56
 78 56
 68 57
 69 57
 86 57
 86 57
 48 58
 49 58
 99 58
 99 58
 5 58
 5 58
 21 57
 19 57
 62 57
 60 57
 93 58
 94 58
 23 57
 24 57
 70 57
 71 57
 80 56
 81 56
 60 58
 61 58
 94 57
 94 57
 23 57
 23 57
 69 57
 70 57
 83 56
 84 56
 57 57
 56 57
 98 58
 97 58
 10 57
 9 57
 35 57
 34 57
 89 57
 88 57
 38 55
 36 55
 92 58
 92 58
 25 57
 26 57
 76 56
 76 56
 73 57
 73 57
 77 58
 78 58
 70 57
 69 57
 84 56
 85 56
 53 55
 52 55
 99 58
 99 58
 5 57
 6 57
 20 57
 21 57
 63 57
 66 57
 90 56
 90 56
 35 57
 37 57
 90 58
 91 58
 32 56
 33 56
 88 57
 88 57
 44 57
 44 57
 97 57
 98 57
 10 57
 9 57
 36 56
 34 56
 89 59
 90 59
 35 56
 36 56
 89 57
 90 57
 37 58
 38 58
 93 57
 93 57
 26 57
 28 57
 78 56
 78 56
 68 57
 67 57
 88 55
 87 55
 45 57
 45 57
 97 58
 98 58
 8 57
 9 57
 30 59
 33 59
 85 56
 86 56
 51 57
 51 57
 99 57
 99 57
 5 56
 4 56
 19 57
 18 57
 59 56
 61 56
 95 57
 94 57
 20 57
 20 57
 66 58
 67 58
 90 56
 90 56
 38 57
 38 57
 94 57
 93 57
 26 58
 26 58
 76 55
 77 55
 71 56
 71 56
 80 57
 81 57
 62 57
 61 57
 94 58
 94 58
 24 57
 24 57
 71 56
 71 56
 81 57
 81 57
 61 56
 61 56
 94 56
 94 56
 21 57
 20 57
 68 57
 69 57
 87 58
 88 58
 45 58
 44 58
 97 56
 98 56
 9 58
 9 58
 31 58
 33 58
 85 56
 86 56
 48 56
 48 56
 98 56
 99 56
 5 58
 6 58
 22 58
 22 58
 67 58
 67 58
 88 58
 88 58
 40 56
 40 56
 96 57
 95 57
 17 59
 17 59
 55 55
 57 55
 98 57
 98 57
 9 56
 8 56
 30 58
 32 58
 85 56
 85 56
 50 57
 47 57
 99 56
 99 56
 6 56
 6 56
 20 59
 21 59
 65 58
 63 58
 90 58
 90 58
 35 56
 33 56
 88 57
 89 57
 38 55
 39 55
 94 59
 94 59
 21 55
 22 55
 64 57
 65 57
 90 56
 90 56
 36 57
 37 57
 92 57
 92 57
 30 57
 29 57
 83 56
 83 56
 57 58
 56 58
 97 57
 97 57
 12 58
 12 58
 39 57
 41 57
 96 55
 95 55
 19 57
 20 57
 60 58
 60 58
 94 57
 94 57
 22 57
 22 57
 67 58
 66 58
 88 56
 87 56
 44 56
 45 56
 97 57
 97 57
 9 57
 9 57
 34 55
 31 55
 87 58
 87 58
 46 57
 46 57
 98 56
 98 56
 8 57
 7 57
 29 57
 28 57
 77 58
 79 58
 65 57
 66 57
 89 55
 88 55
 38 58
 40 58
 94 56
 94 56
 21 56
 23 56
 68 57
 68 57
 88 58
 87 58
 44 59
 44 59
 98 58
 97 58
 8 56
 10 56
 32 58
 33 58
 86 57
 86 57
 47 57
 48 57
 98 56
 98 56
 6 58
 7 58
 25 56
 23 56
 70 55
 70 55
 81 58
 80 58
 63 56
 63 56
 92 55
 92 55
 32 57
 31 57
 85 56
 85 56
 51 55
 51 55
 99 57
 99 57
 5 57
 5 57
 20 56
 19 56
 62 58
 61 58
 94 59
 95 59
 20 57
 19 57
 64 58
 65 58
 90 56
 91 56
 36 59
 36 59
 89 56
 90 56
 34 58
 34 58
 88 58
 89 58
 39 57
 39 57
 94 58
 93 58
 24 56
 24 56
 72 58
 71 58
 80 56
 81 56
 63 58
 63 58
 93 57
 92 57
 26 57
 25 57
 75 56
 77 56
 71 57
 72 57
 79 57
 80 57
 64 55
 63 55
 92 58
 92 58
 29 57
 29 57
 80 58
 80 58
 62 58
 61 58
 93 55
 92 55
 28 58
 27 58
 79 55
 78 55
 67 58
 66 58
 87 58
 88 58
 44 58
 44 58
 97 56
 97 56
 11 58
 11 58
 40 57
 41 57
 95 56
 96 56
 17 58
 17 58
 55 58
 56 58
 98 56
 98 56
 8 58
 8 58
 30 58
 31 58
 86 55
 84 55
 50 58
 48 58
 99 58
 98 58
 6 58
 5 58
 19 56
 18 56
 59 57
 60 57
 95 58
 94 58
 19 57
 19 57
 64 58
 63 58
 93 56
 93 56
 27 57
 26 57
 77 57
 77 57
 69 57
 70 57
 84 58
 82 58
 56 55
 55 55
 98 59
 97 59
 9 57
 11 57
 35 57
 36 57
 91 58
 90 58
 34 56
 36 56
 89 56
 88 56
 40 57
 38 57
 94 56
 94 56
 23 58
 22 58
 69 57
 69 57
 85 57
 84 57
 52 58
 53 58
 99 56
 98 56
 7 58
 6 58
 23 58
 23 58
 70 57
 69 57
 85 55
 87 55
 47 58
 47 58
 98 56
 99 56
 6 57
 5 57
 22 57
 21 57
 70 56
 70 56
 84 58
 83 58
 54 57
 53 57
 99 58
 99 58
 7 56
 7 56
 23 57
 23 57
 71 57
 73 57
 81 56
 79 56
 63 57
 65 57
 92 58
 91 58
 32 55
 32 55
 87 58
 86 58
 47 57
 48 57
 99 57
 98 57
 7 59
 6 59
 22 57
 22 57
 67 56
 67 56
 88 58
 87 58
 44 55
 45 55
 97 57
 97 57
 9 57
 10 57
 36 57
 36 57
 90 56
 90 56
 36 56
 36 56
 91 56
 90 56
 34 57
 34 57
 90 57
 90 57
 35 56
 37 56
 91 57
 91 57
 32 57
 31 57
 85 57
 86 57
 49 55
 48 55
 99 57
 98 57
 6 56
 5 56
 21 57
 21 57
 63 58
 64 58
 91 57
 92 57
 28 57
 28 57
 80 57
 81 57
 63 58
 60 58
 93 56
 94 56
 23 56
 24 56
 73 57
 73 57
 79 58
 79 58
 66 56
 66 56
 89 56
 88 56
 40 57
 40 57
 95 57
 95 57
 19 57
 18 57
 60 57
 58 57
 95 56
 95 56
 18 56
 17 56
 58 57
 58 57
 96 57
 96 57
 15 57
 17 57
 54 55
 54 55
 98 57
 99 57
 6 59
 6 59
 23 58
 24 58
 72 57
 74 57
 79 55
 78 55
 68 58
 68 58
 87 55
 87 55
 46 56
 46 56
 98 58
 98 58
 9 58
 9 58
 31 55
 32 55
 84 56
 85 56
 52 57
 51 57
 99 57
 99 57
 6 57
 6 57
 18 57
 20 57
 63 56
 64 56
 93 59
 93 59
 25 57
 26 57
 75 57
 77 57
 71 57
 71 57
 82 56
 82 56
 58 57
 59 57
 96 56
 96 56
 14 58
 14 58
 48 58
 48 58
 99 57
 99 57
 5 57
 5 57
 23 57
 22 57
 67 55
 64 55
 89 58
 89 58
 37 57
 37 57
 93 57
 93 57
 27 58
 25 58
 77 56
 77 56
 70 56
 70 56
 83 56
 82 56
 56 57
 58 57
 96 57
 97 57
 12 58
 13 58
 44 55
 42 55
 96 58
 97 58
 14 59
 13 59
 46 56
 46 56
 97 58
 97 58
 7 58
 7 58
 30 55
 29 55
 84 56
 84 56
 54 59
 55 59
 98 58
 98 58
 9 56
 7 56
 28 57
 28 57
 80 58
 80 58
 62 56
 61 56
 94 58
 93 58
 24 58
 25 58
 73 57
 73 57
 78 57
 78 57
 70 58
 69 58
 85 58
 85 58
 53 55
 51 55
 99 59
 98 59
 5 56
 6 56
 21 57
 20 57
 63 56
 65 56
 91 55
 90 55
 34 58
 36 58
 89 57
 90 57
 37 56
 35 56
 91 60
 90 60
 35 56
 35 56
 89 56
 89 56
 38 57
 37 57
 93 57
 92 57
 25 57
 25 57
 73 58
 74 58
 77 56
 77 56
 70 58
 71 58
 82 55
 81 55
 60 57
 60 57
 95 58
 95 58
 21 56
 20 56
 64 55
 65 55
 90 59
 90 59
 34 58
 35 58
 89 55
 89 55
 39 56
 40 56
 93 57
 95 57
 22 56
 21 56
 68 58
 67 58
 88 56
 87 56
 44 57
 43 57
 97 56
 97 56
 13 57
 12 57
 41 59
 41 59
 96 55
 96 55
 16 55
 16 55
 52 59
 52 59
 98 56
 99 56
 6 59
 6 59
 22 57
 22 57
 70 58
 69 58
 83 56
 83 56
 56 56
 57 56
 98 58
 98 58
 10 56
 9 56
 32 55
 33 55
 87 57
 86 57
 45 58
 46 58
 97 56
 98 56
 8 58
 8 58
 27 57
 28 57
 81 57
 81 57
 61 58
 60 58
 94 56
 94 56
 22 58
 23 58
 70 56
 68 56
 84 57
 85 57
 54 57
 52 57
 99 56
 99 56
 6 56
 6 56
 22 57
 22 57
 66 57
 66 57
 87 58
 86 58
 45 57
 47 57
 97 57
 98 57
 9 57
 9 57
 32 57
 28 57
 83 57
 83 57
 56 57
 55 57
 98 57
 97 57
 9 56
 9 56
 36 57
 35 57
 91 57
 90 57
 35 56
 36 56
 89 58
 89 58
 37 56
 38 56
 93 58
 93 58
 27 57
 25 57
 78 56
 77 56
 69 57
 68 57
 86 58
 86 58
 49 56
 49 56
 99 56
 99 56
 6 57
 5 57
 20 57
 21 57
 62 56
 60 56
 94 57
 94 57
 22 56
 23 56
 69 58
 70 58
 83 56
 84 56
 56 59
 57 59
 98 58
 97 58
 11 57
 11 57
 40 58
 40 58
 94 57
 95 57
 20 57
 22 57
 65 59
 66 59
 89 56
 90 56
 36 59
 37 59
 92 57
 92 57
 31 56
 31 56
 83 58
 83 58
 56 57
 56 57
 98 59
 97 59
 10 56
 9 56
 35 56
 35 56
 88 57
 90 57
 36 58
 36 58
 92 56
 91 56
 31 57
 31 57
 83 57
 84 57
 55 58
 54 58
 97 57
 98 57
 9 57
 9 57
 32 58
 33 58
 87 57
 86 57
 47 57
 47 57
 99 58
 98 58
 7 58
 7 58
 23 55
 22 55
 72 58
 72 58
 81 58
 82 58
 60 58
 60 58
 95 55
 94 55
 20 56
 19 56
 63 56
 63 56
 92 58
 93 58
 27 58
 28 58
 78 57
 78 57
 68 57
 69 57
 83 57
 85 57
 53 58
 52 58
 98 56
 98 56
 6 56
 6 56
 21 57
 22 57
 65 56
 66 56
 89 56
 89 56
 39 57
 40 57
 94 57
 94 57
 20 55
 20 55
 64 58
 64 58
 91 58
 89 58
 35 57
 34 57
 89 56
 89 56
 38 56
 38 56
 93 60
 93 60
 27 54
 27 54
 79 58
 77 58
 68 57
 68 57
 86 57
 85 57
 48 56
 49 56
 98 58
 99 58
 6 56
 6 56
 21 58
 20 58
 63 56
 65 56
 92 57
 91 57
 33 56
 32 56
 86 57
 85 57
 47 55
 47 55
 98 57
 98 57
 6 57
 6 57
 22 57
 22 57
 68 57
 68 57
 85 57
 85 57
 56 56
 53 56
 98 57
 98 57
 6 58
 7 58
 26 56
 25 56
 77 57
 78 57
 70 56
 69 56
 84 58
 84 58
 55 58
 55 58
 98 56
 97 56
 9 57
 10 57
 35 58
 36 58
 89 58
 89 58
 39 56
 39 56
 94 57
 93 57
 24 57
 23 57
 70 57
 70 57
 83 56
 84 56
 55 59
 57 59
 98 57
 98 57
 10 57
 10 57
 35 57
 35 57
 90 56
 91 56
 34 57
 34 57
 88 56
 87 56
 42 57
 42 57
 96 57
 96 57
 15 57
 15 57
 49 56
 47 56
 99 57
 99 57
 6 57
 5 57
 20 56
 22 56
 64 56
 64 56
 90 55
 90 55
 37 57
 36 57
 91 59
 92 59
 32 57
 32 57
 86 57
 86 57
 48 58
 49 58
 99 56
 99 56
 4 57
 6 57
 19 57
 19 57
 61 56
 63 56
 94 56
 94 56
 24 58
 23 58
 70 58
 73 58
 80 57
 81 57
 64 56
 62 56
 92 59
 93 59
 29 56
 27 56
 80 56
 80 56
 63 57
 63 57
 91 57
 91 57
 31 58
 31 58
 84 57
 84 57
 52 57
 52 57
 99 56
 98 56
 6 56
 6 56
 23 56
 23 56
 68 58
 66 58
 87 56
 86 56
 46 57
 44 57
 98 58
 98 58
 9 56
 9 56
 33 56
 32 56
 86 57
 86 57
 48 58
 49 58
 99 57
 98 57
 6 57
 6 57
 22 57
 21 57
 66 58
 66 58
 90 56
 91 56
 36 57
 34 57
 90 57
 90 57
 38 56
 39 56
 93 56
 94 56
 26 57
 25 57
 77 58
 77 58
 73 59
 73 59
 78 55
 78 55
 68 58
 67 58
 86 56
 87 56
 47 57
 47 57
 98 57
 98 57
 6 58
 6 58
 25 56
 24 56
 74 56
 75 56
 76 59
 77 59
 70 57
 71 57
 80 56
 80 56
 62 57
 62 57
 93 57
 94 57
 23 57
 22 57
 71 58
 69 58
 83 55
 83 55
 55 56
 54 56
