 4 1
 4 1
 15 5
 15 5
 50 20
 50 20
 99 63
 99 63
 5 92
 5 92
 18 29
 18 29
 55 81
 55 81
 73 59
 73 60
 58 95
 58 95
 52 20
 52 19
 56 62
 56 62
 59 93
 59 93
 57 25
 57 25
 58 74
 58 74
 56 76
 56 75
 56 73
 56 73
 58 78
 58 78
 58 68
 58 69
 58 85
 58 85
 56 50
 56 50
 57 99
 57 99
 58 5
 58 5
 56 18
 56 18
 56 58
 56 58
 57 96
 57 95
 57 16
 57 15
 56 53
 56 52
 59 99
 59 98
 56 5
 56 6
 56 21
 56 21
 57 64
 57 64
 56 90
 56 91
 58 33
 58 33
 57 87
 57 87
 56 44
 56 44
 58 97
 58 97
 56 10
 56 11
 57 38
 57 38
 57 93
 57 93
 58 25
 58 25
 56 74
 56 74
 57 76
 57 76
 56 73
 56 73
 57 77
 57 77
 55 70
 55 69
 57 84
 57 85
 56 53
 56 53
 58 98
 58 99
 55 6
 55 5
 58 21
 58 22
 57 67
 57 67
 57 88
 57 88
 57 42
 57 43
 56 96
 56 96
 57 13
 57 14
 56 47
 56 47
 58 98
 58 98
 58 6
 58 6
 57 23
 57 23
 58 71
 58 71
 54 82
 54 82
 58 58
 58 58
 57 96
 57 96
 58 15
 58 15
 55 50
 55 51
 57 99
 57 99
 57 5
 57 5
 56 19
 56 18
 58 59
 58 59
 56 96
 56 95
 58 16
 58 16
 57 54
 57 54
 57 98
 57 98
 56 7
 56 8
 57 27
 57 27
 55 78
 55 78
 59 69
 59 69
 57 85
 57 85
 56 51
 56 51
 58 99
 58 99
 57 5
 57 5
 56 19
 56 18
 56 60
 56 61
 59 94
 59 94
 57 22
 57 21
 56 68
 56 67
 58 87
 58 87
 57 46
 57 46
 57 98
 57 98
 59 7
 59 7
 55 28
 55 26
 59 78
 59 78
 56 68
 56 68
 58 87
 58 86
 56 47
 56 47
 56 99
 56 98
 58 6
 58 7
 58 24
 58 24
 57 72
 57 72
 59 80
 59 80
 57 64
 57 64
 55 91
 55 91
 61 32
 61 32
 55 86
 55 86
 58 48
 58 47
 57 98
 57 98
 54 6
 54 5
 59 21
 59 21
 56 65
 56 65
 59 90
 59 90
 57 36
 57 36
 57 91
 57 91
 56 33
 56 32
 58 87
 58 86
 57 46
 57 46
 58 98
 58 98
 57 7
 57 8
 56 28
 56 29
 57 81
 57 80
 58 62
 58 62
 56 93
 56 94
 56 25
 56 25
 58 74
 58 74
 56 76
 56 75
 57 73
 57 72
 55 78
 55 78
 58 67
 58 68
 57 87
 57 87
 58 45
 58 46
 56 98
 56 98
 57 8
 57 7
 58 28
 58 27
 56 78
 56 77
 56 67
 56 67
 57 86
 57 87
 56 45
 56 46
 57 98
 57 98
 57 7
 57 8
 57 28
 57 28
 56 80
 56 79
 57 64
 57 64
 58 91
 58 91
 56 32
 56 32
 56 86
 56 87
 55 46
 55 46
 59 98
 59 98
 57 8
 57 8
 57 28
 57 27
 56 79
 56 79
 58 65
 58 65
 56 89
 56 89
 57 36
 57 37
 56 92
 56 91
 56 30
 56 31
 58 83
 58 83
 58 54
 58 55
 58 97
 58 98
 58 9
 58 8
 57 30
 57 31
 57 83
 57 84
 58 55
 58 55
 56 98
 56 98
 58 8
 58 8
 57 29
 57 29
 57 81
 57 81
 57 60
 57 60
 58 94
 58 95
 57 20
 57 20
 57 62
 57 62
 57 93
 57 93
 58 26
 58 27
 55 76
 55 77
 57 71
 57 71
 58 82
 58 82
 55 59
 55 59
 59 96
 59 96
 56 17
 56 17
 56 55
 56 55
 58 97
 58 97
 57 9
 57 10
 56 33
 56 33
 56 87
 56 87
 57 44
 57 44
 58 97
 58 97
 57 10
 57 11
 57 38
 57 38
 55 93
 55 93
 58 25
 58 25
 58 75
 58 75
 58 73
 58 74
 56 77
 56 77
 58 70
 58 70
 58 83
 58 84
 56 54
 56 55
 57 98
 57 98
 55 8
 55 8
 60 28
 60 28
 56 80
 56 80
 56 62
 56 63
 57 93
 57 93
 58 26
 58 26
 57 75
 57 75
 57 74
 57 73
 57 77
 57 77
 58 69
 58 69
 56 84
 56 84
 57 52
 57 53
 56 99
 56 98
 56 6
 56 7
 56 22
 56 22
 58 70
 58 70
 57 83
 57 83
 56 56
 56 56
 58 98
 58 98
 58 9
 58 9
 56 34
 56 34
 58 89
 58 89
 58 39
 58 38
 57 94
 57 93
 56 23
 56 23
 57 71
 57 71
 57 80
 57 81
 57 61
 57 61
 58 95
 58 94
 58 21
 58 22
 57 68
 57 68
 55 87
 55 87
 56 44
 56 44
 56 97
 56 97
 59 10
 59 10
 56 34
 56 35
 55 89
 55 88
 59 39
 59 39
 56 94
 56 94
 56 22
 56 22
 58 68
 58 68
 57 86
 57 85
 58 49
 58 48
 56 99
 56 98
 57 5
 57 5
 58 19
 58 19
 56 63
 56 62
 55 93
 55 92
 58 26
 58 26
 57 76
 57 76
 56 72
 56 72
 56 80
 56 79
 58 64
 58 64
 57 91
 57 91
 57 33
 57 32
 56 86
 56 86
 58 46
 58 47
 58 98
 58 98
 57 7
 57 7
 57 25
 57 26
 58 76
 58 75
 57 73
 57 73
 56 78
 56 78
 57 69
 57 68
 58 85
 58 85
 56 50
 56 50
 57 99
 57 98
 59 4
 59 5
 58 18
 58 19
 58 60
 58 59
 56 95
 56 95
 56 17
 56 18
 56 58
 56 57
 57 97
 57 96
 56 14
 56 14
 57 46
 57 46
 56 98
 56 98
 58 7
 58 7
 56 27
 56 27
 57 78
 57 77
 59 69
 59 69
 56 85
 56 85
 57 52
 57 51
 57 99
 57 98
 57 5
 57 5
 56 20
 56 20
 56 61
 56 62
 58 93
 58 93
 57 25
 57 25
 57 75
 57 75
 57 74
 57 74
 57 76
 57 75
 57 73
 57 72
 57 79
 57 78
 56 67
 56 68
 57 88
 57 87
 57 44
 57 44
 58 97
 58 97
 55 10
 55 10
 59 37
 59 38
 59 92
 59 92
 55 29
 55 29
 58 81
 58 81
 55 61
 55 61
 58 94
 58 94
 56 22
 56 22
 58 69
 58 69
 56 86
 56 85
 57 51
 57 50
 58 99
 58 99
 58 5
 58 5
 57 19
 57 18
 56 59
 56 59
 58 96
 58 95
 56 17
 56 17
 57 55
 57 55
 57 97
 57 98
 56 9
 56 9
 56 31
 56 30
 58 84
 58 85
 56 52
 56 52
 58 98
 58 98
 56 5
 56 5
 56 20
 56 21
 56 63
 56 64
 58 91
 58 92
 57 31
 57 31
 57 85
 57 85
 56 51
 56 51
 57 99
 57 99
 56 4
 56 5
 57 19
 57 18
 57 59
 57 59
 55 95
 55 96
 57 19
 57 18
 57 58
 57 59
 58 96
 58 96
 57 16
 57 16
 57 53
 57 52
 56 99
 56 99
 57 6
 57 6
 57 22
 57 23
 58 67
 58 67
 57 87
 57 87
 57 45
 57 46
 56 98
 56 98
 57 8
 57 8
 56 28
 56 28
 57 80
 57 80
 58 64
 58 64
 58 91
 58 91
 58 32
 58 32
 55 86
 55 86
 57 48
 57 48
 58 99
 58 99
 58 6
 58 5
 56 21
 56 20
 58 63
 58 64
 57 91
 57 91
 58 32
 58 33
 57 85
 57 86
 57 48
 57 48
 58 99
 58 98
 56 5
 56 5
 58 20
 58 20
 57 63
 57 63
 57 92
 57 92
 59 29
 59 29
 56 81
 56 81
 58 59
 58 60
 56 95
 56 95
 57 18
 57 18
 59 58
 59 57
 55 97
 55 96
 56 14
 56 14
 58 47
 58 47
 57 99
 57 99
 58 6
 58 5
 57 22
 57 23
 56 69
 56 68
 58 86
 58 86
 59 48
 59 48
 55 99
 55 99
 56 5
 56 5
 58 21
 58 21
 57 65
 57 65
 56 90
 56 90
 56 37
 56 37
 57 92
 57 91
 57 31
 57 30
 58 83
 58 83
 58 54
 58 55
 58 98
 58 98
 57 9
 57 9
 57 32
 57 31
 58 85
 58 86
 57 48
 57 48
 57 98
 57 99
 56 6
 56 6
 58 21
 58 21
 57 64
 57 65
 57 90
 57 90
 57 35
 57 36
 56 90
 56 90
 57 35
 57 35
 58 91
 58 91
 57 33
 57 33
 57 87
 57 88
 57 43
 57 44
 55 96
 55 97
 58 12
 58 11
 57 40
 57 41
 56 95
 56 95
 57 18
 57 18
 58 58
 58 57
 57 97
 57 96
 56 13
 56 13
 55 45
 55 45
 58 98
 58 98
 57 9
 57 8
 57 31
 57 31
 57 84
 57 85
 56 52
 56 51
 57 98
 57 98
 58 5
 58 6
 56 20
 56 20
 57 63
 57 62
 57 93
 57 92
 57 27
 57 27
 57 78
 57 79
 56 67
 56 67
 59 88
 59 88
 56 43
 56 42
 57 96
 57 96
 58 13
 58 14
 57 46
 57 46
 57 98
 57 99
 56 6
 56 7
 57 26
 57 26
 55 76
 55 75
 57 73
 57 74
 58 77
 58 77
 57 70
 57 70
 59 84
 59 84
 56 54
 56 54
 57 98
 57 98
 57 8
 57 7
 56 27
 56 26
 57 77
 57 77
 56 69
 56 69
 57 85
 57 86
 57 50
 57 50
 58 98
 58 99
 56 5
 56 5
 57 18
 57 18
 57 59
 57 60
 58 95
 58 95
 55 18
 55 17
 56 56
 56 56
 57 97
 57 97
 57 11
 57 11
 58 41
 58 40
 57 96
 57 95
 56 18
 56 17
 57 57
 57 57
 56 97
 56 97
 56 12
 56 13
 57 44
 57 44
 57 97
 57 97
 58 11
 58 11
 58 39
 58 39
 56 94
 56 94
 58 21
 58 22
 58 67
 58 67
 56 88
 56 88
 56 42
 56 42
 56 96
 56 96
 58 14
 58 14
 58 47
 58 46
 58 98
 58 98
 58 7
 58 7
 56 26
 56 27
 57 76
 57 77
 59 71
 59 70
 55 82
 55 82
 57 59
 57 59
 56 96
 56 96
 58 16
 58 16
 56 53
 56 53
 57 99
 57 98
 56 6
 56 6
 56 22
 56 23
 59 69
 59 70
 58 84
 58 84
 58 54
 58 54
 56 98
 56 98
 57 7
 57 8
 55 26
 55 26
 59 77
 59 77
 55 71
 55 72
 57 80
 57 80
 56 63
 56 63
 57 93
 57 93
 57 27
 57 27
 57 78
 57 78
 56 67
 56 68
 58 88
 58 87
 57 44
 57 44
 58 97
 58 97
 57 10
 57 9
 55 35
 55 34
 57 90
 57 90
 58 38
 58 38
 57 93
 57 92
 57 27
 57 27
 58 77
 58 77
 56 70
 56 71
 56 83
 56 82
 57 58
 57 58
 57 96
 57 97
 55 14
 55 14
 58 47
 58 47
 57 98
 57 98
 56 7
 56 6
 57 24
 57 23
 57 71
 57 72
 58 80
 58 81
 57 61
 57 61
 55 94
 55 93
 58 23
 58 22
 56 69
 56 69
 56 83
 56 84
 57 54
 57 53
 58 98
 58 98
 59 7
 59 7
 58 25
 58 26
 56 75
 56 75
 58 74
 58 74
 57 75
 57 75
 57 73
 57 73
 56 77
 56 76
 58 70
 58 70
 56 82
 56 82
 55 57
 55 58
 58 96
 58 96
 56 13
 56 14
 55 46
 55 47
 57 98
 57 98
 56 7
 56 7
 55 26
 55 26
 57 76
 57 76
 57 72
 57 73
 56 79
 56 79
 58 65
 58 65
 59 90
 59 91
 57 35
 57 34
 58 90
 58 89
 56 36
 56 37
 59 92
 59 92
 56 29
 56 29
 58 82
 58 81
 58 59
 58 58
 57 96
 57 96
 58 15
 58 15
 56 50
 56 50
 58 99
 58 99
 56 5
 56 5
 58 18
 58 19
 57 60
 57 59
 57 95
 57 95
 56 19
 56 18
 57 59
 57 59
 57 95
 57 95
 55 19
 55 18
 58 59
 58 58
 57 96
 57 96
 58 15
 58 16
 58 53
 58 54
 55 98
 55 98
 58 6
 58 6
 55 24
 55 23
 58 70
 58 71
 58 82
 58 81
 58 58
 58 59
 56 95
 56 96
 58 16
 58 16
 57 54
 57 53
 56 99
 56 98
 58 6
 58 6
 58 24
 58 24
 56 71
 56 71
 58 80
 58 81
 58 61
 58 61
 55 93
 55 94
 58 23
 58 23
 58 71
 58 70
 58 82
 58 82
 56 57
 56 58
 57 96
 57 96
 58 13
 58 14
 57 45
 57 45
 58 98
 58 98
 56 9
 56 9
 57 32
 57 33
 57 86
 57 86
 57 46
 57 46
 58 98
 58 98
 55 7
 55 6
 59 24
 59 24
 57 72
 57 73
 57 79
 57 79
 58 65
 58 65
 56 89
 56 89
 56 39
 56 38
 57 94
 57 94
 56 24
 56 24
 58 71
 58 71
 57 81
 57 81
 57 61
 57 61
 58 94
 58 94
 56 22
 56 22
 58 68
 58 68
 58 86
 58 86
 57 47
 57 46
 55 98
 55 98
 58 6
 58 6
 56 23
 56 24
 57 71
 57 71
 57 80
 57 81
 56 61
 56 61
 58 94
 58 93
 57 24
 57 23
 58 71
 58 70
 56 83
 56 82
 57 57
 57 57
 57 97
 57 97
 56 12
 56 11
 57 41
 57 41
 58 96
 58 96
 55 16
 55 16
 58 53
 58 52
 57 98
 57 98
 57 6
 57 6
 59 23
 59 23
 57 68
 57 69
 56 86
 56 85
 58 48
 58 48
 55 99
 55 98
 57 5
 57 5
 57 19
 57 20
 57 61
 57 62
 56 94
 56 94
 56 24
 56 25
 56 73
 56 73
 57 78
 57 79
 57 67
 57 67
 56 87
 56 87
 57 45
 57 45
 57 97
 57 97
 57 10
 57 9
 55 32
 55 33
 57 87
 57 87
 56 46
 56 46
 57 98
 57 98
 58 8
 58 9
 57 29
 57 30
 57 82
 57 83
 57 58
 57 58
 58 97
 58 97
 56 13
 56 13
 56 45
 56 46
 57 98
 57 97
 58 8
 58 9
 56 30
 56 31
 56 83
 56 83
 57 56
 57 57
 57 97
 57 97
 57 11
 57 11
 57 39
 57 39
 56 94
 56 94
 56 23
 56 22
 57 68
 57 68
 57 86
 57 86
 57 47
 57 48
 55 99
 55 99
 57 5
 57 6
 59 20
 59 21
 58 64
 58 65
 57 90
 57 91
 55 34
 55 34
 58 88
 58 88
 55 40
 55 41
 56 95
 56 95
 58 19
 58 18
 58 59
 58 59
 55 95
 55 95
 56 18
 56 18
 57 57
 57 57
 57 96
 57 97
 57 13
 57 12
 57 44
 57 44
 56 98
 56 98
 59 9
 59 10
 57 33
 57 34
 57 88
 57 89
 57 41
 57 40
 56 95
 56 95
 57 20
 57 20
 56 61
 56 62
 58 93
 58 93
 58 25
 58 25
 57 73
 57 73
 57 78
 57 78
 57 68
 57 68
 55 85
 55 85
 58 50
 58 51
 57 99
 57 99
 57 5
 57 5
 58 19
 58 18
 56 61
 56 60
 56 95
 56 95
 56 20
 56 20
 57 64
 57 65
 57 91
 57 91
 58 32
 58 32
 55 86
 55 85
 58 48
 58 48
 59 99
 59 98
 56 6
 56 5
 58 20
 58 20
 58 64
 58 64
 55 91
 55 91
 56 32
 56 32
 59 87
 59 86
 58 47
 58 47
 56 99
 56 99
 57 6
 57 6
 58 24
 58 23
 56 70
 56 70
 58 82
 58 82
 58 58
 58 58
 57 96
 57 96
 57 15
 57 15
 58 50
 58 50
 58 98
 58 98
 55 5
 55 5
 59 18
 59 18
 56 58
 56 59
 57 96
 57 95
 56 17
 56 17
 55 55
 55 55
 58 98
 58 98
 57 8
 57 8
 56 31
 56 30
 60 83
 60 83
 56 55
 56 55
 56 97
 56 98
 57 9
 57 9
 57 31
 57 31
 57 84
 57 85
 58 51
 58 51
 56 98
 56 98
 58 4
 58 5
 55 19
 55 18
 57 59
 57 60
 58 95
 58 95
 56 19
 56 20
 55 61
 55 62
 59 93
 59 94
 58 24
 58 24
 55 72
 55 71
 56 80
 56 80
 57 63
 57 64
 56 92
 56 92
 58 30
 58 30
 56 82
 56 83
 57 56
 57 57
 56 97
 56 97
 57 11
 57 12
 59 39
 59 40
 55 94
 55 95
 55 21
 55 21
 59 66
 59 65
 56 89
 56 89
 59 37
 59 38
 57 93
 57 93
 58 25
 58 26
 56 76
 56 76
 56 72
 56 72
 58 79
 58 79
 56 66
 56 65
 55 90
 55 90
 57 36
 57 36
 58 91
 58 92
 56 31
 56 32
 58 85
 58 85
 57 50
 57 50
 57 99
 57 99
 58 5
 58 4
 56 18
 56 19
 58 60
 58 59
 56 95
 56 95
 57 19
 57 18
 57 61
 57 61
 56 94
 56 94
 56 21
 56 22
 57 67
 57 67
 57 87
 57 87
 58 46
 58 46
 57 99
 57 99
 57 8
 57 7
 57 26
 57 26
 57 75
 57 76
 57 72
 57 71
 57 79
 57 79
 57 64
 57 64
 56 91
 56 90
 57 34
 57 34
 57 88
 57 89
 56 40
 56 40
 58 94
 58 95
 56 20
 56 21
 58 63
 58 64
 57 91
 57 91
 56 32
 56 32
 57 86
 57 86
 58 47
 58 48
 56 99
 56 99
 56 6
 56 5
 57 20
 57 20
 57 65
 57 65
 56 89
 56 90
 57 37
 57 36
 56 92
 56 91
 58 31
 58 31
 56 84
 56 84
 59 53
 59 53
 58 99
 58 98
 57 5
 57 6
 58 21
 58 22
 57 66
 57 66
 57 88
 57 88
 59 41
 59 41
 56 96
 56 95
 59 16
 59 17
 57 54
 57 54
 56 98
 56 98
 58 7
 58 6
 57 26
 57 25
 59 75
 59 76
 56 73
 56 73
 56 77
 56 77
 57 70
 57 71
 58 83
 58 83
 56 56
 56 56
 57 97
 57 97
 57 10
 57 11
 58 38
 58 37
 57 92
 57 92
 57 28
 57 28
 58 80
 58 81
 57 62
 57 62
 57 94
 57 93
 58 24
 58 24
 58 73
 58 73
 55 78
 55 78
 58 68
 58 68
 58 86
 58 87
 58 47
 58 47
 55 98
 55 99
 56 7
 56 7
 56 25
 56 24
 58 74
 58 73
 58 77
 58 77
 57 70
 57 71
 57 82
 57 82
 57 57
 57 58
 58 96
 58 97
 56 13
 56 13
 56 45
 56 45
 57 98
 57 98
 56 9
 56 9
 56 34
 56 34
 57 88
 57 88
 57 42
 57 43
 55 97
 55 96
 58 14
 58 14
 58 47
 58 47
 57 98
 57 98
 56 7
 56 6
 56 26
 56 25
 60 74
 60 75
 54 75
 54 75
 58 73
 58 73
 57 77
 57 77
 57 70
 57 70
 56 83
 56 83
 58 57
 58 57
 56 97
 56 96
 58 12
 58 12
 56 42
 56 42
 57 96
 57 97
 56 13
 56 13
 57 44
 57 44
 55 98
 55 97
 57 11
 57 11
 57 38
 57 38
 57 93
 57 93
 57 24
 57 25
 57 74
 57 74
 56 77
 56 76
 57 70
 57 71
 58 81
 58 81
 56 60
 56 60
 57 95
 57 95
 56 19
 56 20
 58 63
 58 63
 58 92
 58 92
 56 29
 56 29
 57 82
 57 82
 58 59
 58 59
 58 96
 58 95
 56 17
 56 16
 57 55
 57 54
 57 98
 57 98
 57 7
 57 8
 56 29
 56 29
 59 79
 59 80
 57 63
 57 64
 57 91
 57 91
 57 31
 57 31
 56 85
 56 84
 57 51
 57 51
 56 98
 56 99
 57 6
 57 5
 57 19
 57 19
 57 61
 57 61
 56 94
 56 93
 57 23
 57 23
 57 70
 57 70
 56 82
 56 82
 56 57
 56 57
 55 97
 55 96
 57 13
 57 13
 59 45
 59 44
 57 98
 57 97
 57 9
 57 9
 58 32
 58 32
 56 86
 56 86
 57 48
 57 49
 57 98
 57 99
 56 5
 56 5
 56 19
 56 19
 58 62
 58 62
 58 93
 58 93
 57 24
 57 24
 56 73
 56 73
 59 78
 59 77
 56 69
 56 69
 56 85
 56 85
 57 51
 57 51
 57 99
 57 98
 58 5
 58 5
 57 20
 57 19
 57 62
 57 61
 56 93
 56 94
 56 24
 56 24
 56 71
 56 71
 58 82
 58 82
 56 59
 56 59
 57 95
 57 95
 58 17
 58 17
 56 56
 56 56
 56 97
 56 98
 57 11
 57 11
 58 37
 58 36
 57 92
 57 91
 57 31
 57 30
 57 84
 57 84
 58 53
 58 52
 56 99
 56 99
 57 6
 57 6
 57 21
 57 22
 56 66
 56 66
 56 89
 56 88
 57 42
 57 41
 58 96
 58 96
 59 15
 59 15
 55 51
 55 50
 58 99
 58 99
 56 5
 56 5
 57 19
 57 19
 57 60
 57 60
 58 95
 58 95
 56 18
 56 19
 56 61
 56 60
 59 94
 59 94
 57 21
 57 21
 56 67
 56 67
 57 88
 57 88
 57 42
 57 42
 57 96
 57 96
 58 14
 58 14
 55 49
 55 49
 56 99
 56 99
