 4 3
 4 3
 15 12
 15 12
 50 42
 50 42
 99 96
 99 96
 5 14
 5 15
 18 45
 18 49
 55 96
 55 99
 73 3
 73 8
 58 23
 58 26
 52 68
 52 62
 56 66
 56 67
 59 94
 59 94
 57 31
 57 86
 58 94
 58 86
 56 91
 56 33
 56 39
 56 87
 58 43
 58 34
 58 90
 58 94
 58 92
 58 89
 56 91
 56 48
 57 45
 57 59
 58 38
 58 86
 56 33
 56 91
 56 39
 56 90
 57 90
 57 48
 57 41
 57 92
 56 58
 56 30
 59 86
 59 83
 56 40
 56 56
 56 84
 56 87
 57 47
 57 33
 56 93
 56 88
 58 35
 58 90
 57 43
 57 39
 56 36
 56 35
 58 50
 58 85
 56 91
 56 45
 57 41
 57 91
 57 90
 57 87
 58 48
 58 93
 56 91
 56 35
 57 93
 57 89
 56 34
 56 36
 57 41
 57 85
 55 31
 55 90
 57 89
 57 43
 56 51
 56 86
 58 87
 58 92
 55 61
 55 51
 58 86
 58 40
 57 89
 57 91
 57 92
 57 46
 57 91
 57 90
 56 90
 56 91
 57 87
 57 35
 56 53
 56 87
 58 35
 58 34
 58 41
 58 45
 57 88
 57 32
 58 52
 58 41
 54 90
 54 90
 58 92
 58 93
 57 90
 57 59
 58 51
 58 86
 55 33
 55 90
 57 91
 57 42
 57 53
 57 89
 56 88
 56 91
 58 42
 58 36
 56 47
 56 84
 58 88
 58 34
 57 94
 57 91
 57 60
 57 91
 56 85
 56 39
 57 89
 57 42
 55 81
 55 47
 59 38
 59 33
 57 44
 57 38
 56 33
 56 87
 58 84
 58 50
 57 41
 57 45
 56 85
 56 86
 56 53
 56 44
 59 88
 59 86
 57 89
 57 37
 56 92
 56 82
 58 88
 58 30
 57 86
 57 94
 57 30
 57 37
 59 43
 59 92
 55 88
 55 88
 59 94
 59 85
 56 49
 56 32
 58 91
 58 81
 56 85
 56 86
 56 46
 56 81
 58 31
 58 90
 58 93
 58 42
 57 34
 57 39
 59 87
 59 91
 57 35
 57 29
 55 92
 55 92
 61 37
 61 37
 55 93
 55 44
 58 61
 58 53
 57 40
 57 89
 54 88
 54 87
 59 88
 59 91
 56 55
 56 51
 59 90
 59 91
 57 88
 57 49
 57 85
 57 93
 56 47
 56 92
 58 39
 58 41
 57 34
 57 40
 58 91
 58 95
 57 41
 57 54
 56 40
 56 87
 57 45
 57 47
 58 95
 58 92
 56 51
 56 91
 56 42
 56 92
 58 89
 58 89
 56 56
 56 48
 57 91
 57 91
 55 93
 55 87
 58 52
 58 88
 57 84
 57 93
 58 91
 58 92
 56 93
 56 85
 57 87
 57 48
 58 86
 58 92
 56 91
 56 31
 56 86
 56 89
 57 33
 57 45
 56 46
 56 83
 57 30
 57 43
 57 40
 57 84
 57 35
 57 88
 56 85
 56 84
 57 33
 57 57
 58 90
 58 90
 56 35
 56 35
 56 49
 56 88
 55 35
 55 32
 59 40
 59 78
 57 41
 57 87
 57 91
 57 92
 56 90
 56 90
 58 94
 58 37
 56 89
 56 88
 57 46
 57 85
 56 54
 56 37
 56 44
 56 83
 58 38
 58 89
 58 85
 58 46
 58 56
 58 45
 58 39
 58 39
 57 36
 57 49
 57 52
 57 87
 58 44
 58 30
 56 39
 56 40
 58 43
 58 50
 57 49
 57 82
 57 49
 57 92
 57 93
 57 93
 58 33
 58 87
 57 88
 57 93
 57 48
 57 49
 57 90
 57 91
 58 88
 58 87
 55 50
 55 94
 57 46
 57 92
 58 91
 58 91
 55 30
 55 87
 59 81
 59 84
 56 59
 56 92
 56 91
 56 92
 58 88
 58 35
 57 88
 57 54
 56 42
 56 29
 56 94
 56 88
 57 50
 57 35
 58 83
 58 91
 57 91
 57 41
 57 40
 57 43
 55 32
 55 87
 58 93
 58 49
 58 57
 58 91
 58 92
 58 92
 56 52
 56 56
 58 94
 58 89
 58 91
 58 91
 56 93
 56 42
 57 34
 57 30
 55 91
 55 90
 60 60
 60 47
 56 42
 56 38
 56 42
 56 89
 57 93
 57 47
 58 46
 58 47
 57 38
 57 94
 57 89
 57 33
 57 56
 57 51
 58 31
 58 39
 56 42
 56 92
 57 87
 57 40
 56 93
 56 90
 56 34
 56 51
 56 82
 56 41
 58 37
 58 36
 57 53
 57 81
 56 30
 56 59
 58 40
 58 92
 58 33
 58 88
 56 48
 56 84
 58 58
 58 60
 58 40
 58 40
 57 43
 57 87
 56 90
 56 83
 57 33
 57 48
 57 92
 57 39
 57 87
 57 31
 58 48
 58 93
 58 41
 58 33
 57 40
 57 81
 55 44
 55 32
 56 88
 56 50
 56 91
 56 57
 59 94
 59 84
 56 53
 56 40
 55 89
 55 84
 59 50
 59 91
 56 91
 56 93
 56 88
 56 35
 58 47
 58 50
 57 43
 57 38
 58 41
 58 87
 56 39
 56 88
 57 55
 57 93
 58 52
 58 31
 56 39
 56 39
 55 89
 55 31
 58 89
 58 87
 57 52
 57 53
 56 83
 56 93
 56 35
 56 33
 58 81
 58 45
 57 55
 57 91
 57 41
 57 92
 56 89
 56 87
 58 89
 58 88
 58 92
 58 37
 57 40
 57 38
 57 33
 57 40
 58 89
 58 90
 57 58
 57 60
 56 85
 56 92
 57 86
 57 62
 58 48
 58 48
 56 38
 56 43
 57 84
 57 37
 59 42
 59 61
 58 92
 58 87
 58 92
 58 91
 56 91
 56 87
 56 33
 56 51
 56 50
 56 93
 57 51
 57 91
 56 90
 56 41
 57 48
 57 89
 56 93
 56 47
 58 58
 58 90
 56 38
 56 40
 57 36
 57 37
 59 82
 59 94
 56 91
 56 92
 57 91
 57 91
 57 31
 57 87
 57 92
 57 91
 56 90
 56 91
 56 93
 56 89
 58 33
 58 51
 57 85
 57 89
 57 91
 57 34
 57 92
 57 43
 57 34
 57 56
 57 91
 57 91
 57 92
 57 36
 56 80
 56 37
 57 32
 57 50
 57 51
 57 56
 58 91
 58 92
 55 84
 55 89
 59 87
 59 34
 59 50
 59 87
 55 30
 55 37
 58 37
 58 92
 55 32
 55 36
 58 87
 58 88
 56 90
 56 92
 58 93
 58 43
 56 33
 56 36
 57 94
 57 91
 58 51
 58 92
 58 83
 58 93
 57 87
 57 33
 56 86
 56 84
 58 92
 58 30
 56 91
 56 41
 57 38
 57 38
 57 85
 57 90
 56 51
 56 92
 56 92
 56 80
 58 36
 58 88
 56 45
 56 50
 58 92
 58 92
 56 39
 56 87
 56 86
 56 55
 56 47
 56 91
 58 46
 58 90
 57 92
 57 38
 57 53
 57 89
 56 86
 56 52
 57 43
 57 33
 56 39
 56 91
 57 89
 57 50
 57 83
 57 48
 55 54
 55 91
 57 38
 57 40
 57 46
 57 86
 58 50
 58 93
 57 91
 57 46
 57 42
 57 38
 56 87
 56 39
 57 82
 57 50
 57 92
 57 38
 58 39
 58 94
 57 89
 57 88
 57 48
 57 49
 56 34
 56 90
 57 93
 57 38
 56 33
 56 87
 57 88
 57 93
 58 91
 58 51
 58 83
 58 90
 58 49
 58 34
 55 47
 55 85
 57 53
 57 39
 58 93
 58 38
 58 33
 58 37
 56 91
 56 91
 58 47
 58 52
 57 41
 57 92
 58 62
 58 36
 57 51
 57 44
 57 59
 57 90
 58 83
 58 37
 56 60
 56 88
 58 91
 58 87
 57 91
 57 32
 57 90
 57 41
 59 88
 59 90
 56 86
 56 94
 58 56
 58 62
 56 92
 56 92
 57 31
 57 59
 59 55
 59 94
 55 90
 55 42
 56 81
 56 90
 58 44
 58 35
 57 93
 57 90
 58 33
 58 34
 57 80
 57 81
 56 89
 56 52
 58 94
 58 88
 59 63
 59 91
 55 94
 55 92
 56 35
 56 40
 58 92
 58 50
 57 91
 57 37
 56 85
 56 38
 56 86
 56 37
 57 85
 57 88
 57 31
 57 48
 58 42
 58 90
 58 36
 58 40
 58 85
 58 51
 57 52
 57 31
 57 86
 57 41
 58 33
 58 88
 57 84
 57 91
 57 41
 57 92
 56 39
 56 82
 58 55
 58 32
 57 91
 57 89
 57 91
 57 60
 57 39
 57 92
 56 43
 56 89
 57 44
 57 82
 58 91
 58 91
 57 39
 57 84
 57 87
 57 34
 57 93
 57 91
 55 55
 55 92
 58 39
 58 88
 57 88
 57 88
 56 93
 56 46
 57 90
 57 43
 58 81
 58 89
 57 60
 57 36
 56 88
 56 83
 55 32
 55 46
 58 41
 58 42
 57 59
 57 56
 57 87
 57 92
 57 44
 57 90
 56 87
 56 93
 57 88
 57 36
 58 48
 58 92
 56 90
 56 91
 57 92
 57 89
 57 87
 57 89
 57 49
 57 43
 57 91
 57 30
 56 84
 56 39
 59 47
 59 87
 56 52
 56 84
 57 91
 57 39
 58 83
 58 37
 57 87
 57 86
 57 85
 57 48
 56 31
 56 92
 57 42
 57 37
 55 34
 55 87
 57 88
 57 86
 58 92
 58 32
 57 41
 57 42
 59 88
 59 37
 56 93
 56 51
 57 91
 57 31
 57 42
 57 40
 56 65
 56 89
 57 94
 57 85
 56 90
 56 49
 57 39
 57 91
 57 87
 57 35
 58 50
 58 90
 56 34
 56 91
 57 92
 57 93
 57 54
 57 53
 58 91
 58 87
 55 54
 55 33
 56 79
 56 42
 57 56
 57 87
 57 93
 57 48
 58 40
 58 34
 57 88
 57 37
 56 85
 56 87
 57 49
 57 89
 56 91
 56 36
 56 91
 56 87
 57 51
 57 87
 57 49
 57 53
 58 53
 58 92
 58 90
 58 84
 56 88
 56 41
 58 93
 58 50
 58 54
 58 39
 56 90
 56 93
 56 58
 56 44
 56 86
 56 84
 58 91
 58 92
 58 42
 58 85
 58 33
 58 54
 58 85
 58 87
 56 42
 56 90
 57 84
 57 37
 59 88
 59 36
 55 85
 55 94
 57 91
 57 51
 56 87
 56 39
 58 33
 58 87
 56 90
 56 84
 57 91
 57 49
 56 39
 56 92
 56 34
 56 48
 59 49
 59 49
 58 34
 58 49
 58 92
 58 37
 56 32
 56 58
 57 83
 57 86
 55 52
 55 28
 59 91
 59 93
 55 33
 55 86
 57 49
 57 48
 56 44
 56 91
 57 92
 57 84
 57 86
 57 37
 57 47
 57 86
 56 57
 56 32
 58 91
 58 41
 57 39
 57 87
 58 90
 58 86
 57 33
 57 91
 55 94
 55 93
 57 35
 57 58
 58 54
 58 46
 57 52
 57 49
 57 41
 57 39
 58 33
 58 48
 56 50
 56 88
 56 37
 56 34
 57 90
 57 80
 57 89
 57 89
 55 85
 55 45
 58 55
 58 35
 57 84
 57 42
 56 88
 56 87
 57 90
 57 93
 57 45
 57 39
 58 38
 58 87
 57 34
 57 42
 55 89
 55 50
 58 33
 58 91
 56 87
 56 92
 56 89
 56 36
 57 94
 57 86
 58 35
 58 35
 59 93
 59 42
 58 38
 58 38
 56 89
 56 94
 58 91
 58 54
 57 81
 57 43
 57 56
 57 35
 56 47
 56 93
 58 36
 58 91
 56 87
 56 45
 55 38
 55 31
 58 89
 58 44
 56 52
 56 48
 55 94
 55 40
 57 35
 57 57
 56 85
 56 91
 55 92
 55 42
 57 91
 57 94
 57 88
 57 33
 56 85
 56 91
 58 92
 58 45
 59 40
 59 40
 57 57
 57 64
 58 51
 58 94
 56 91
 56 46
 59 90
 59 93
 56 32
 56 43
 58 86
 58 91
 58 34
 58 35
 57 39
 57 88
 58 89
 58 86
 56 85
 56 52
 58 53
 58 47
 56 84
 56 86
 58 51
 58 88
 57 51
 57 87
 57 43
 57 91
 56 80
 56 91
 57 54
 57 56
 57 94
 57 82
 55 56
 55 91
 58 92
 58 37
 57 38
 57 88
 58 51
 58 88
 58 47
 58 46
 55 94
 55 79
 58 49
 58 34
 55 53
 55 93
 58 91
 58 91
 58 39
 58 91
 58 88
 58 35
 56 93
 56 49
 58 45
 58 57
 57 41
 57 84
 56 45
 56 36
 58 51
 58 84
 58 91
 58 59
 56 92
 56 39
 58 47
 58 88
 58 88
 58 81
 55 47
 55 62
 58 92
 58 89
 58 48
 58 52
 58 89
 58 93
 56 91
 56 91
 57 38
 57 38
 58 87
 58 32
 57 50
 57 94
 58 91
 58 55
 56 91
 56 84
 57 48
 57 85
 57 94
 57 46
 57 46
 57 91
 58 90
 58 92
 55 35
 55 87
 59 86
 59 47
 57 45
 57 52
 57 37
 57 89
 58 32
 58 88
 56 48
 56 48
 56 91
 56 47
 57 92
 57 80
 56 35
 56 88
 58 92
 58 53
 57 54
 57 90
 57 94
 57 93
 58 48
 58 45
 56 87
 56 51
 58 91
 58 38
 58 93
 58 79
 57 88
 57 86
 55 82
 55 93
 58 57
 58 91
 56 92
 56 93
 57 57
 57 53
 57 91
 57 53
 56 92
 56 92
 58 89
 58 93
 57 45
 57 87
 58 85
 58 92
 56 92
 56 58
 57 37
 57 43
 57 35
 57 34
 56 92
 56 48
 57 92
 57 44
 58 94
 58 92
 55 89
 55 34
 58 83
 58 94
 57 32
 57 53
 57 92
 57 93
 59 86
 59 85
 57 48
 57 90
 56 90
 56 33
 58 40
 58 92
 55 86
 55 37
 57 49
 57 45
 57 92
 57 34
 57 41
 57 88
 56 32
 56 56
 56 93
 56 49
 56 92
 56 55
 57 93
 57 89
 57 32
 57 89
 56 52
 56 91
 57 91
 57 54
 57 93
 57 89
 57 86
 57 89
 55 51
 55 85
 57 43
 57 53
 56 93
 56 93
 57 38
 57 39
 58 80
 58 84
 57 92
 57 32
 57 40
 57 42
 57 36
 57 56
 58 46
 58 88
 56 92
 56 57
 56 90
 56 82
 57 88
 57 86
 58 45
 58 53
 56 43
 56 53
 56 40
 56 41
 57 87
 57 41
 57 91
 57 44
 57 58
 57 37
 57 93
 57 40
 56 38
 56 88
 56 83
 56 50
 57 89
 57 59
 57 41
 57 80
 57 35
 57 89
 55 85
 55 50
 57 29
 57 92
 59 39
 59 82
 58 40
 58 56
 57 90
 57 89
 55 29
 55 91
 58 93
 58 39
 55 86
 55 38
 56 92
 56 90
 58 42
 58 91
 58 41
 58 81
 55 35
 55 53
 56 88
 56 53
 57 90
 57 43
 57 38
 57 42
 57 87
 57 86
 57 85
 57 93
 56 35
 56 39
 59 80
 59 37
 57 85
 57 88
 57 47
 57 88
 57 32
 57 91
 56 83
 56 83
 57 44
 57 38
 56 50
 56 47
 58 39
 58 32
 58 92
 58 41
 57 88
 57 86
 57 47
 57 52
 57 91
 57 91
 55 82
 55 84
 58 42
 58 55
 57 84
 57 84
 57 35
 57 91
 58 81
 58 38
 56 85
 56 36
 56 84
 56 87
 56 90
 56 58
 57 92
 57 85
 57 31
 57 85
 58 93
 58 49
 55 58
 55 45
 58 92
 58 40
 59 86
 59 32
 56 52
 56 85
 58 91
 58 55
 58 86
 58 90
 55 32
 55 87
 56 45
 56 93
 59 90
 59 38
 58 93
 58 92
 56 87
 56 86
 57 53
 57 94
 58 91
 58 44
 56 38
 56 90
 58 86
 58 87
 58 84
 58 49
 57 39
 57 30
 57 40
 57 42
 58 39
 58 89
 58 52
 58 88
 55 91
 55 92
 59 93
 59 38
 56 35
 56 47
 57 45
 57 53
 56 90
 56 50
 55 93
 55 91
 58 35
 58 88
 57 55
 57 86
 56 91
 56 52
 60 84
 60 39
 56 89
 56 39
 56 93
 56 87
 57 31
 57 91
 57 90
 57 38
 57 58
 57 63
 58 41
 58 94
 56 29
 56 37
 58 43
 58 43
 55 45
 55 53
 57 86
 57 52
 58 91
 58 91
 56 94
 56 38
 55 88
 55 32
 59 47
 59 92
 58 52
 58 31
 55 94
 55 89
 56 34
 56 34
 57 87
 57 92
 56 91
 56 33
 58 36
 58 92
 56 54
 56 86
 57 90
 57 51
 56 44
 56 44
 57 89
 57 93
 59 88
 59 87
 55 92
 55 86
 55 48
 55 92
 59 92
 59 82
 56 86
 56 87
 59 94
 59 47
 57 54
 57 92
 58 92
 58 38
 56 57
 56 45
 56 94
 56 81
 58 91
 58 44
 56 38
 56 40
 55 86
 55 88
 57 91
 57 90
 58 49
 58 32
 56 83
 56 90
 58 90
 58 31
 57 87
 57 86
 57 53
 57 40
 58 40
 58 40
 56 88
 56 87
 58 52
 58 88
 56 91
 56 35
 57 91
 57 92
 57 89
 57 89
 56 93
 56 92
 56 60
 56 91
 57 41
 57 40
 57 85
 57 63
 58 93
 58 91
 57 52
 57 92
 57 40
 57 92
 57 35
 57 86
 57 82
 57 94
 57 92
 57 91
 57 93
 57 94
 57 35
 57 88
 56 90
 56 89
 57 92
 57 91
 57 94
 57 92
 56 61
 56 53
 58 93
 58 87
 56 40
 56 36
 58 92
 58 82
 57 60
 57 41
 56 85
 56 94
 57 91
 57 45
 58 85
 58 37
 56 34
 56 86
 56 50
 56 48
 57 92
 57 58
 57 38
 57 38
 56 41
 56 33
 57 91
 57 93
 56 57
 56 91
 58 92
 58 40
 56 87
 56 36
 59 89
 59 45
 58 91
 58 91
 57 83
 57 88
 58 47
 58 63
 57 46
 57 86
 57 41
 57 44
 59 92
 59 43
 56 53
 56 85
 59 94
 59 92
 57 53
 57 50
 56 85
 56 92
 58 87
 58 88
 57 88
 57 49
 59 91
 59 48
 56 38
 56 84
 56 89
 56 30
 57 48
 57 53
 58 48
 58 47
 56 46
 56 88
 57 63
 57 31
 57 85
 57 89
 58 90
 58 92
 57 90
 57 93
 57 50
 57 90
 58 88
 58 94
 57 57
 57 91
 57 38
 57 80
 58 88
 58 35
 58 82
 58 89
 55 91
 55 34
 58 88
 58 43
 58 86
 58 45
 58 85
 58 46
 55 37
 55 42
 56 93
 56 93
 56 88
 56 57
 58 87
 58 85
 58 91
 58 43
 57 90
 57 84
 57 86
 57 44
 57 94
 57 88
 58 29
 58 32
 56 93
 56 90
 56 46
 56 89
 57 91
 57 91
 56 35
 56 91
 56 82
 56 79
 57 43
 57 88
 57 47
 57 86
 55 48
 55 51
 58 82
 58 93
 58 89
 58 44
 57 45
 57 93
 56 33
 56 91
 56 39
 56 92
 60 36
 60 37
 54 83
 54 47
 58 34
 58 91
 57 38
 57 39
 57 57
 57 33
 56 94
 56 94
 58 32
 58 47
 56 84
 56 89
 58 40
 58 34
 56 87
 56 48
 57 50
 57 92
 56 93
 56 83
 57 32
 57 52
 55 90
 55 86
 57 91
 57 33
 57 86
 57 42
 57 88
 57 35
 57 49
 57 85
 57 38
 57 37
 56 92
 56 93
 57 62
 57 38
 58 86
 58 91
 56 92
 56 52
 57 93
 57 91
 56 86
 56 34
 58 86
 58 92
 58 28
 58 54
 56 93
 56 38
 57 86
 57 57
 58 86
 58 92
 58 36
 58 90
 56 92
 56 42
 57 88
 57 35
 57 90
 57 94
 57 92
 57 90
 56 91
 56 92
 59 87
 59 61
 57 48
 57 87
 57 92
 57 91
 57 38
 57 37
 56 88
 56 90
 57 50
 57 89
 56 91
 56 92
 57 92
 57 38
 57 35
 57 43
 57 94
 57 93
 56 92
 56 50
 57 93
 57 85
 57 32
 57 90
 56 83
 56 52
 56 48
 56 33
 55 42
 55 41
 57 36
 57 33
 59 93
 59 82
 57 56
 57 90
 57 81
 57 38
 58 88
 58 63
 56 94
 56 87
 57 45
 57 29
 57 41
 57 41
 56 34
 56 33
 56 86
 56 92
 58 52
 58 91
 58 90
 58 82
 57 33
 57 33
 56 92
 56 47
 59 92
 59 31
 56 89
 56 41
 56 31
 56 40
 57 86
 57 87
 57 38
 57 44
 58 93
 58 93
 57 90
 57 89
 57 50
 57 51
 56 38
 56 50
 56 93
 56 93
 56 87
 56 86
 58 94
 58 92
 56 91
 56 91
 57 93
 57 41
 58 87
 58 38
 56 86
 56 89
 56 59
 56 47
 57 40
 57 40
 58 31
 58 33
 57 50
 57 51
 57 92
 57 52
 57 42
 57 41
 58 86
 58 32
 56 53
 56 82
 57 43
 57 38
 57 91
 57 92
 56 56
 56 89
 56 90
 56 92
 57 43
 57 31
 58 44
 58 40
 59 89
 59 38
 55 87
 55 87
 58 91
 58 92
 56 82
 56 40
 57 87
 57 37
 57 52
 57 48
 58 57
 58 92
 56 91
 56 84
 56 34
 56 89
 59 94
 59 47
 57 37
 57 36
 56 40
 56 80
 57 90
 57 41
 57 90
 57 84
 57 91
 57 33
 58 89
 58 93
 55 32
 55 55
 56 90
 56 88
