 4 3
 4 3
 15 12
 15 12
 50 42
 50 41
 99 97
 99 95
 5 17
 5 16
 18 53
 18 51
 55 98
 55 98
 73 5
 73 9
 58 31
 58 15
 52 76
 52 82
 56 73
 56 93
 59 75
 59 73
 57 86
 57 90
 58 41
 58 89
 56 37
 56 50
 56 85
 56 92
 58 89
 58 54
 58 93
 58 92
 58 58
 58 90
 56 90
 56 41
 57 88
 57 36
 58 41
 58 86
 56 48
 56 87
 56 38
 56 40
 57 92
 57 57
 57 42
 57 88
 56 91
 56 57
 59 89
 59 88
 56 92
 56 57
 56 45
 56 82
 57 32
 57 91
 56 88
 56 42
 58 33
 58 42
 57 92
 57 84
 56 89
 56 53
 58 93
 58 92
 56 92
 56 46
 57 84
 57 41
 57 90
 57 34
 58 44
 58 91
 56 92
 56 89
 57 89
 57 91
 56 88
 56 90
 57 93
 57 86
 55 35
 55 92
 57 87
 57 92
 56 86
 56 88
 58 52
 58 51
 55 33
 55 90
 58 91
 58 82
 57 33
 57 87
 57 55
 57 43
 57 38
 57 91
 56 90
 56 92
 57 33
 57 35
 56 46
 56 47
 58 89
 58 34
 58 93
 58 36
 57 86
 57 86
 58 87
 58 93
 54 91
 54 91
 58 41
 58 41
 57 32
 57 85
 58 56
 58 86
 55 49
 55 53
 57 38
 57 42
 57 89
 57 57
 56 88
 56 45
 58 45
 58 89
 56 47
 56 37
 58 88
 58 44
 57 90
 57 92
 57 57
 57 39
 56 91
 56 43
 57 37
 57 35
 55 83
 55 90
 59 92
 59 50
 57 40
 57 91
 56 57
 56 43
 58 86
 58 94
 57 35
 57 49
 56 89
 56 43
 56 50
 56 91
 59 54
 59 91
 57 92
 57 91
 56 93
 56 41
 58 85
 58 87
 57 93
 57 44
 57 92
 57 35
 59 90
 59 89
 55 89
 55 88
 59 84
 59 84
 56 51
 56 53
 58 86
 58 86
 56 85
 56 85
 56 52
 56 47
 58 49
 58 31
 58 41
 58 84
 57 84
 57 87
 59 93
 59 83
 57 91
 57 33
 55 91
 55 93
 61 56
 61 56
 55 88
 55 54
 58 92
 58 45
 57 37
 57 37
 54 86
 54 44
 59 91
 59 47
 56 91
 56 36
 59 92
 59 91
 57 86
 57 32
 57 58
 57 94
 56 91
 56 33
 58 40
 58 37
 57 87
 57 35
 58 55
 58 49
 57 89
 57 51
 56 87
 56 83
 57 87
 57 88
 58 54
 58 50
 56 52
 56 46
 56 37
 56 93
 58 63
 58 52
 56 84
 56 48
 57 91
 57 37
 55 40
 55 39
 58 54
 58 36
 57 94
 57 56
 58 92
 58 44
 56 92
 56 89
 57 36
 57 35
 58 52
 58 91
 56 52
 56 37
 56 40
 56 40
 57 88
 57 87
 56 89
 56 89
 57 49
 57 41
 57 41
 57 87
 57 44
 57 37
 56 93
 56 93
 57 49
 57 92
 58 41
 58 87
 56 36
 56 36
 56 88
 56 50
 55 92
 55 91
 59 41
 59 92
 57 39
 57 40
 57 91
 57 88
 56 92
 56 92
 58 91
 58 41
 56 90
 56 34
 57 85
 57 85
 56 92
 56 33
 56 83
 56 84
 58 87
 58 51
 58 47
 58 93
 58 91
 58 34
 58 92
 58 84
 57 36
 57 86
 57 88
 57 46
 58 41
 58 35
 56 37
 56 92
 58 85
 58 35
 57 49
 57 53
 57 56
 57 92
 57 93
 57 39
 58 37
 58 46
 57 52
 57 87
 57 92
 57 32
 57 39
 57 36
 58 89
 58 88
 55 93
 55 56
 57 92
 57 50
 58 86
 58 39
 55 36
 55 54
 59 43
 59 88
 56 90
 56 93
 56 84
 56 36
 58 58
 58 58
 57 45
 57 89
 56 89
 56 32
 56 86
 56 92
 57 87
 57 39
 58 50
 58 90
 57 47
 57 92
 57 42
 57 39
 55 88
 55 36
 58 54
 58 50
 58 48
 58 91
 58 93
 58 84
 56 34
 56 84
 58 86
 58 88
 58 53
 58 58
 56 92
 56 35
 57 36
 57 43
 55 93
 55 51
 60 43
 60 53
 56 92
 56 91
 56 58
 56 87
 57 86
 57 53
 58 91
 58 47
 57 84
 57 92
 57 87
 57 86
 57 85
 57 93
 58 33
 58 93
 56 39
 56 36
 57 86
 57 49
 56 91
 56 85
 56 92
 56 92
 56 88
 56 35
 58 39
 58 88
 57 49
 57 59
 56 49
 56 44
 58 38
 58 90
 58 86
 58 37
 56 54
 56 53
 58 47
 58 52
 58 92
 58 87
 57 89
 57 86
 56 82
 56 94
 57 92
 57 91
 57 92
 57 90
 57 38
 57 40
 58 50
 58 88
 58 93
 58 91
 57 93
 57 92
 55 53
 55 34
 56 55
 56 46
 56 53
 56 91
 59 40
 59 92
 56 84
 56 36
 55 92
 55 54
 59 37
 59 92
 56 91
 56 40
 56 32
 56 88
 58 93
 58 85
 57 92
 57 92
 58 40
 58 42
 56 86
 56 32
 57 88
 57 51
 58 52
 58 46
 56 90
 56 91
 55 86
 55 33
 58 92
 58 94
 57 37
 57 33
 56 38
 56 41
 56 38
 56 56
 58 92
 58 53
 57 50
 57 91
 57 38
 57 92
 56 35
 56 48
 58 88
 58 93
 58 91
 58 39
 57 89
 57 35
 57 89
 57 88
 58 47
 58 50
 57 92
 57 92
 56 39
 56 38
 57 36
 57 34
 58 93
 58 51
 56 52
 56 38
 57 91
 57 90
 59 58
 59 59
 58 47
 58 87
 58 42
 58 58
 56 89
 56 38
 56 88
 56 37
 56 52
 56 46
 57 49
 57 90
 56 91
 56 80
 57 58
 57 84
 56 89
 56 91
 58 31
 58 92
 56 92
 56 90
 57 34
 57 43
 59 49
 59 90
 56 34
 56 57
 57 39
 57 40
 57 35
 57 88
 57 93
 57 86
 56 90
 56 47
 56 92
 56 93
 58 87
 58 50
 57 88
 57 94
 57 43
 57 92
 57 93
 57 39
 57 84
 57 36
 57 88
 57 83
 57 92
 57 91
 56 93
 56 83
 57 53
 57 32
 57 47
 57 86
 58 40
 58 91
 55 40
 55 93
 59 35
 59 49
 59 45
 59 88
 55 33
 55 31
 58 80
 58 89
 55 87
 55 86
 58 51
 58 91
 56 91
 56 50
 58 93
 58 89
 56 83
 56 62
 57 47
 57 49
 58 91
 58 50
 58 84
 58 92
 57 88
 57 87
 56 87
 56 49
 58 32
 58 92
 56 42
 56 83
 57 32
 57 34
 57 55
 57 49
 56 34
 56 54
 56 83
 56 90
 58 36
 58 88
 56 51
 56 94
 58 54
 58 91
 56 93
 56 92
 56 86
 56 88
 56 49
 56 91
 58 49
 58 91
 57 92
 57 41
 57 36
 57 86
 56 57
 56 49
 57 92
 57 91
 56 93
 56 35
 57 53
 57 38
 57 47
 57 91
 55 39
 55 43
 57 39
 57 92
 57 47
 57 83
 58 84
 58 87
 57 90
 57 31
 57 36
 57 93
 56 88
 56 60
 57 54
 57 91
 57 39
 57 92
 58 90
 58 39
 57 88
 57 40
 57 87
 57 89
 56 35
 56 92
 57 87
 57 36
 56 35
 56 36
 57 87
 57 56
 58 91
 58 91
 58 91
 58 86
 58 49
 58 85
 55 53
 55 89
 57 34
 57 92
 58 92
 58 91
 58 89
 58 36
 56 86
 56 54
 58 92
 58 52
 57 93
 57 91
 58 37
 58 36
 57 86
 57 91
 57 32
 57 46
 58 93
 58 42
 56 87
 56 54
 58 84
 58 87
 57 92
 57 91
 57 93
 57 38
 59 88
 59 36
 56 87
 56 51
 58 91
 58 93
 56 93
 56 90
 57 86
 57 88
 59 89
 59 84
 55 51
 55 51
 56 92
 56 38
 58 51
 58 35
 57 53
 57 90
 58 47
 58 45
 57 38
 57 37
 56 35
 56 87
 58 51
 58 85
 59 46
 59 48
 55 38
 55 84
 56 88
 56 37
 58 94
 58 48
 57 56
 57 90
 56 88
 56 36
 56 33
 56 37
 57 90
 57 49
 57 92
 57 50
 58 93
 58 35
 58 37
 58 35
 58 54
 58 56
 57 92
 57 53
 57 91
 57 35
 58 32
 58 32
 57 88
 57 85
 57 92
 57 92
 56 35
 56 93
 58 86
 58 44
 57 46
 57 49
 57 44
 57 57
 57 43
 57 92
 56 47
 56 35
 57 52
 57 94
 58 38
 58 48
 57 37
 57 39
 57 87
 57 44
 57 88
 57 87
 55 91
 55 33
 58 87
 58 92
 57 89
 57 46
 56 55
 56 87
 57 56
 57 92
 58 91
 58 84
 57 89
 57 39
 56 54
 56 51
 55 91
 55 92
 58 37
 58 84
 57 90
 57 39
 57 84
 57 90
 57 49
 57 91
 56 93
 56 36
 57 32
 57 51
 58 49
 58 93
 56 42
 56 43
 57 40
 57 39
 57 37
 57 34
 57 49
 57 51
 57 54
 57 92
 56 92
 56 38
 59 87
 59 42
 56 47
 56 50
 57 55
 57 44
 58 39
 58 91
 57 45
 57 32
 57 88
 57 85
 56 91
 56 91
 57 38
 57 36
 55 35
 55 89
 57 89
 57 88
 58 55
 58 54
 57 85
 57 93
 59 88
 59 85
 56 88
 56 89
 57 93
 57 92
 57 91
 57 44
 56 54
 56 38
 57 52
 57 91
 56 54
 56 52
 57 93
 57 39
 57 51
 57 85
 58 88
 58 45
 56 91
 56 91
 57 93
 57 36
 57 43
 57 35
 58 94
 58 85
 55 56
 55 47
 56 40
 56 89
 57 36
 57 88
 57 87
 57 91
 58 47
 58 57
 57 86
 57 92
 56 35
 56 64
 57 48
 57 53
 56 90
 56 40
 56 38
 56 90
 57 36
 57 35
 57 87
 57 47
 58 92
 58 92
 58 36
 58 39
 56 89
 56 87
 58 50
 58 88
 58 33
 58 90
 56 37
 56 92
 56 84
 56 54
 56 83
 56 88
 58 46
 58 92
 58 85
 58 35
 58 34
 58 56
 58 85
 58 51
 56 48
 56 92
 57 84
 57 91
 59 87
 59 36
 55 47
 55 84
 57 91
 57 92
 56 39
 56 40
 58 87
 58 34
 56 88
 56 87
 57 92
 57 92
 56 92
 56 92
 56 37
 56 38
 59 89
 59 93
 58 46
 58 52
 58 90
 58 79
 56 87
 56 84
 57 88
 57 87
 55 91
 55 52
 59 88
 59 86
 55 86
 55 84
 57 92
 57 87
 56 38
 56 91
 57 93
 57 91
 57 53
 57 57
 57 93
 57 88
 56 31
 56 90
 58 92
 58 86
 57 34
 57 86
 58 86
 58 50
 57 93
 57 54
 55 36
 55 41
 57 86
 57 49
 58 87
 58 91
 57 56
 57 91
 57 92
 57 93
 58 88
 58 34
 56 42
 56 51
 56 50
 56 46
 57 92
 57 39
 57 46
 57 34
 55 48
 55 87
 58 92
 58 91
 57 91
 57 36
 56 42
 56 87
 57 53
 57 94
 57 92
 57 92
 58 40
 58 40
 57 86
 57 58
 55 53
 55 89
 58 91
 58 89
 56 35
 56 40
 56 56
 56 38
 57 47
 57 84
 58 47
 58 58
 59 85
 59 38
 58 50
 58 32
 56 93
 56 49
 58 50
 58 55
 57 93
 57 40
 57 33
 57 88
 56 89
 56 53
 58 91
 58 92
 56 39
 56 92
 55 44
 55 84
 58 88
 58 88
 56 52
 56 47
 55 92
 55 89
 57 33
 57 54
 56 54
 56 55
 55 59
 55 39
 57 92
 57 93
 57 88
 57 86
 56 52
 56 49
 58 92
 58 44
 59 92
 59 35
 57 85
 57 55
 58 52
 58 51
 56 32
 56 92
 59 87
 59 93
 56 86
 56 33
 58 94
 58 50
 58 54
 58 42
 57 42
 57 40
 58 33
 58 36
 56 85
 56 90
 58 55
 58 92
 56 39
 56 36
 58 85
 58 36
 57 89
 57 46
 57 55
 57 91
 56 83
 56 92
 57 36
 57 38
 57 53
 57 91
 55 91
 55 41
 58 35
 58 45
 57 87
 57 35
 58 87
 58 87
 58 47
 58 54
 55 39
 55 86
 58 39
 58 85
 55 54
 55 88
 58 91
 58 91
 58 91
 58 39
 58 88
 58 32
 56 86
 56 49
 58 48
 58 91
 57 93
 57 36
 56 89
 56 86
 58 53
 58 94
 58 91
 58 37
 56 40
 56 87
 58 84
 58 34
 58 48
 58 94
 55 32
 55 91
 58 39
 58 80
 58 34
 58 88
 58 94
 58 44
 56 45
 56 43
 57 93
 57 90
 58 57
 58 54
 57 49
 57 53
 58 90
 58 92
 56 39
 56 92
 57 36
 57 37
 57 84
 57 41
 57 43
 57 57
 58 91
 58 84
 55 88
 55 35
 59 50
 59 85
 57 50
 57 34
 57 88
 57 83
 58 35
 58 46
 56 93
 56 83
 56 48
 56 92
 57 82
 57 40
 56 35
 56 89
 58 85
 58 91
 57 91
 57 91
 57 92
 57 37
 58 53
 58 85
 56 53
 56 87
 58 32
 58 92
 58 39
 58 36
 57 86
 57 88
 55 89
 55 85
 58 92
 58 35
 56 80
 56 85
 57 49
 57 32
 57 56
 57 47
 56 32
 56 34
 58 87
 58 38
 57 88
 57 32
 58 54
 58 84
 56 41
 56 33
 57 36
 57 40
 57 88
 57 43
 56 49
 56 91
 57 92
 57 46
 58 38
 58 84
 55 86
 55 51
 58 55
 58 53
 57 53
 57 43
 57 39
 57 92
 59 91
 59 84
 57 92
 57 48
 56 40
 56 31
 58 93
 58 85
 55 45
 55 33
 57 88
 57 89
 57 91
 57 91
 57 92
 57 90
 56 32
 56 40
 56 42
 56 49
 56 92
 56 42
 57 91
 57 93
 57 55
 57 41
 56 56
 56 40
 57 32
 57 91
 57 40
 57 38
 57 33
 57 54
 55 53
 55 84
 57 92
 57 41
 56 92
 56 84
 57 60
 57 86
 58 59
 58 91
 57 56
 57 37
 57 93
 57 38
 57 38
 57 84
 58 86
 58 87
 56 48
 56 43
 56 37
 56 38
 57 33
 57 86
 58 90
 58 85
 56 52
 56 42
 56 93
 56 83
 57 58
 57 88
 57 48
 57 50
 57 92
 57 91
 57 38
 57 86
 56 36
 56 34
 56 49
 56 89
 57 92
 57 50
 57 92
 57 92
 57 57
 57 52
 55 94
 55 48
 57 56
 57 49
 59 82
 59 92
 58 55
 58 61
 57 87
 57 90
 55 92
 55 90
 58 92
 58 40
 55 86
 55 36
 56 52
 56 89
 58 91
 58 92
 58 92
 58 92
 55 45
 55 59
 56 48
 56 49
 57 93
 57 90
 57 39
 57 36
 57 33
 57 35
 57 45
 57 47
 56 36
 56 57
 59 39
 59 90
 57 88
 57 87
 57 87
 57 86
 57 92
 57 91
 56 39
 56 38
 57 41
 57 53
 56 91
 56 84
 58 52
 58 92
 58 91
 58 38
 57 38
 57 88
 57 87
 57 84
 57 91
 57 47
 55 93
 55 40
 58 49
 58 85
 57 92
 57 84
 57 48
 57 36
 58 87
 58 91
 56 87
 56 89
 56 55
 56 54
 56 92
 56 91
 57 35
 57 39
 57 89
 57 34
 58 50
 58 90
 55 50
 55 36
 58 93
 58 87
 59 87
 59 41
 56 55
 56 91
 58 89
 58 39
 58 39
 58 89
 55 87
 55 41
 56 51
 56 84
 59 56
 59 92
 58 38
 58 37
 56 59
 56 34
 57 88
 57 91
 58 92
 58 90
 56 38
 56 39
 58 47
 58 88
 58 52
 58 93
 57 92
 57 52
 57 92
 57 85
 58 86
 58 49
 58 89
 58 49
 55 43
 55 38
 59 82
 59 93
 56 85
 56 52
 57 56
 57 84
 56 93
 56 91
 55 40
 55 93
 58 37
 58 37
 57 50
 57 51
 56 55
 56 92
 60 91
 60 39
 56 59
 56 46
 56 55
 56 88
 57 50
 57 91
 57 85
 57 91
 57 89
 57 90
 58 91
 58 84
 56 40
 56 35
 58 90
 58 38
 55 34
 55 33
 57 92
 57 88
 58 33
 58 93
 56 92
 56 37
 55 85
 55 36
 59 49
 59 94
 58 49
 58 32
 55 91
 55 93
 56 33
 56 37
 57 57
 57 53
 56 52
 56 42
 58 40
 58 40
 56 35
 56 85
 57 87
 57 43
 56 53
 56 92
 57 36
 57 41
 59 88
 59 35
 55 90
 55 93
 55 90
 55 53
 59 91
 59 85
 56 36
 56 35
 59 87
 59 45
 57 33
 57 91
 58 92
 58 91
 56 58
 56 35
 56 41
 56 92
 58 47
 58 49
 56 87
 56 36
 55 87
 55 34
 57 48
 57 88
 58 90
 58 92
 56 39
 56 93
 58 86
 58 89
 57 56
 57 94
 57 41
 57 44
 58 82
 58 93
 56 54
 56 36
 58 88
 58 94
 56 92
 56 42
 57 38
 57 38
 57 37
 57 42
 56 53
 56 86
 56 92
 56 92
 57 35
 57 43
 57 87
 57 88
 58 54
 58 93
 57 56
 57 91
 57 92
 57 92
 57 88
 57 88
 57 85
 57 53
 57 91
 57 32
 57 37
 57 88
 57 89
 57 84
 56 93
 56 92
 57 91
 57 91
 57 83
 57 44
 56 41
 56 59
 58 93
 58 94
 56 91
 56 35
 58 93
 58 38
 57 88
 57 86
 56 87
 56 52
 57 55
 57 32
 58 39
 58 37
 56 46
 56 88
 56 87
 56 52
 57 92
 57 44
 57 93
 57 38
 56 37
 56 88
 57 92
 57 86
 56 90
 56 44
 58 37
 58 87
 56 53
 56 90
 59 53
 59 53
 58 48
 58 38
 57 93
 57 40
 58 86
 58 90
 57 51
 57 85
 57 92
 57 51
 59 91
 59 92
 56 44
 56 54
 59 86
 59 88
 57 92
 57 91
 56 37
 56 93
 58 86
 58 56
 57 85
 57 52
 59 91
 59 91
 56 84
 56 38
 56 87
 56 47
 57 51
 57 88
 58 92
 58 32
 56 37
 56 82
 57 48
 57 38
 57 48
 57 54
 58 91
 58 91
 57 42
 57 92
 57 40
 57 40
 58 91
 58 85
 57 33
 57 92
 57 82
 57 89
 58 87
 58 35
 58 47
 58 87
 55 91
 55 42
 58 37
 58 43
 58 47
 58 33
 58 48
 58 84
 55 90
 55 91
 56 92
 56 92
 56 53
 56 40
 58 92
 58 86
 58 92
 58 93
 57 38
 57 38
 57 87
 57 86
 57 54
 57 93
 58 58
 58 91
 56 92
 56 91
 56 48
 56 87
 57 47
 57 48
 56 52
 56 31
 56 91
 56 40
 57 86
 57 89
 57 49
 57 52
 55 32
 55 48
 58 40
 58 88
 58 37
 58 53
 57 49
 57 55
 56 91
 56 52
 56 91
 56 39
 60 86
 60 85
 54 48
 54 92
 58 54
 58 54
 57 91
 57 91
 57 87
 57 36
 56 86
 56 94
 58 36
 58 92
 56 85
 56 39
 58 52
 58 43
 56 54
 56 50
 57 48
 57 32
 56 92
 56 93
 57 87
 57 87
 55 48
 55 51
 57 37
 57 92
 57 85
 57 91
 57 39
 57 89
 57 54
 57 94
 57 92
 57 91
 56 40
 56 41
 57 33
 57 52
 58 91
 58 57
 56 30
 56 92
 57 91
 57 89
 56 88
 56 33
 58 53
 58 90
 58 51
 58 91
 56 38
 56 40
 57 40
 57 85
 58 53
 58 94
 58 92
 58 91
 56 35
 56 91
 57 84
 57 35
 57 92
 57 88
 57 45
 57 39
 56 39
 56 93
 59 58
 59 56
 57 87
 57 54
 57 36
 57 91
 57 81
 57 40
 56 35
 56 33
 57 93
 57 83
 56 92
 56 50
 57 88
 57 93
 57 54
 57 32
 57 87
 57 94
 56 49
 56 39
 57 88
 57 84
 57 36
 57 85
 56 88
 56 48
 56 89
 56 54
 55 91
 55 40
 57 87
 57 55
 59 94
 59 50
 57 37
 57 49
 57 40
 57 92
 58 52
 58 86
 56 58
 56 90
 57 32
 57 92
 57 82
 57 93
 56 37
 56 88
 56 52
 56 47
 58 48
 58 93
 58 38
 58 80
 57 54
 57 85
 56 88
 56 86
 59 45
 59 92
 56 90
 56 91
 56 43
 56 86
 57 54
 57 52
 57 92
 57 43
 58 92
 58 35
 57 33
 57 35
 57 56
 57 88
 56 91
 56 47
 56 89
 56 92
 56 85
 56 55
 58 94
 58 86
 56 34
 56 92
 57 80
 57 85
 58 85
 58 85
 56 51
 56 85
 56 43
 56 91
 57 88
 57 92
 58 53
 58 51
 57 51
 57 47
 57 33
 57 49
 57 89
 57 38
 58 57
 58 61
 56 45
 56 84
 57 92
 57 42
 57 39
 57 90
 56 35
 56 35
 56 94
 56 49
 57 92
 57 32
 58 37
 58 91
 59 34
 59 33
 55 54
 55 92
 58 91
 58 92
 56 92
 56 39
 57 87
 57 48
 57 93
 57 52
 58 31
 58 49
 56 83
 56 90
 56 60
 56 33
 59 53
 59 49
 57 41
 57 34
 56 38
 56 38
 57 88
 57 47
 57 83
 57 92
 57 92
 57 36
 58 38
 58 91
 55 36
 55 48
 56 53
 56 48
