 3 4
 3 4
 12 15
 12 15
 41 50
 41 50
 95 99
 97 99
 16 5
 15 5
 50 18
 46 18
 96 55
 98 55
 9 73
 8 73
 33 58
 21 58
 74 52
 74 52
 67 56
 60 56
 62 59
 90 59
 53 57
 58 57
 93 58
 91 58
 32 56
 59 56
 81 56
 90 56
 90 58
 61 58
 90 58
 93 58
 55 58
 87 58
 90 56
 44 56
 88 57
 30 57
 42 58
 93 58
 62 56
 54 56
 43 56
 47 56
 91 57
 89 57
 90 57
 94 57
 91 56
 55 56
 44 59
 89 59
 31 56
 37 56
 81 56
 88 56
 53 57
 36 57
 90 56
 89 56
 88 58
 47 58
 89 57
 93 57
 37 56
 41 56
 39 58
 39 58
 41 56
 55 56
 85 57
 41 57
 33 57
 59 57
 93 58
 46 58
 34 56
 90 56
 93 57
 50 57
 89 56
 39 56
 91 57
 41 57
 87 55
 29 55
 88 57
 89 57
 92 56
 45 56
 89 58
 46 58
 41 55
 31 55
 49 58
 46 58
 39 57
 42 57
 38 57
 88 57
 44 57
 87 57
 49 56
 85 56
 90 57
 91 57
 39 56
 41 56
 90 58
 42 58
 93 58
 50 58
 58 57
 32 57
 92 58
 92 58
 52 54
 44 54
 89 58
 90 58
 47 57
 50 57
 44 58
 93 58
 64 55
 56 55
 48 57
 45 57
 42 57
 89 57
 38 56
 89 56
 37 58
 89 58
 93 56
 92 56
 89 58
 91 58
 42 57
 91 57
 42 57
 88 57
 81 56
 49 56
 35 57
 48 57
 80 55
 91 55
 87 59
 55 59
 46 57
 87 57
 39 56
 47 56
 89 58
 78 58
 30 57
 56 57
 90 56
 81 56
 36 56
 90 56
 83 59
 86 59
 87 57
 35 57
 48 56
 46 56
 89 58
 37 58
 92 57
 40 57
 90 57
 87 57
 91 59
 88 59
 50 55
 29 55
 92 59
 94 59
 42 56
 31 56
 90 58
 52 58
 55 56
 33 56
 39 56
 47 56
 39 58
 87 58
 46 58
 86 58
 91 57
 35 57
 89 59
 78 59
 87 57
 87 57
 81 55
 91 55
 90 61
 42 61
 39 55
 44 55
 52 58
 29 58
 47 57
 90 57
 90 54
 92 54
 93 59
 80 59
 86 56
 32 56
 81 59
 90 59
 30 57
 35 57
 94 57
 38 57
 86 56
 87 56
 50 58
 50 58
 39 57
 29 57
 86 58
 41 58
 52 57
 30 57
 94 56
 51 56
 90 57
 48 57
 39 58
 39 58
 47 56
 89 56
 86 56
 47 56
 91 58
 33 58
 86 56
 38 56
 33 57
 89 57
 49 55
 43 55
 90 58
 29 58
 82 57
 40 57
 47 58
 87 58
 51 56
 93 56
 49 57
 33 57
 40 58
 39 58
 38 56
 39 56
 93 56
 52 56
 91 57
 92 57
 40 56
 43 56
 39 57
 30 57
 49 57
 86 57
 50 57
 30 57
 89 56
 41 56
 87 57
 31 57
 94 58
 49 58
 55 56
 90 56
 37 56
 84 56
 86 55
 88 55
 86 59
 92 59
 90 57
 44 57
 85 57
 92 57
 41 56
 37 56
 87 58
 93 58
 91 56
 53 56
 88 57
 42 57
 44 56
 86 56
 85 56
 83 56
 50 58
 55 58
 94 58
 40 58
 58 58
 38 58
 92 58
 94 58
 91 57
 42 57
 90 57
 41 57
 87 58
 87 58
 54 56
 87 56
 31 58
 41 58
 92 57
 40 57
 35 57
 32 57
 86 57
 50 57
 59 58
 48 58
 42 57
 43 57
 88 57
 40 57
 85 57
 48 57
 48 58
 91 58
 92 55
 38 55
 87 57
 89 57
 91 58
 44 58
 92 55
 39 55
 84 59
 88 59
 31 56
 85 56
 94 56
 94 56
 41 58
 91 58
 80 57
 91 57
 87 56
 32 56
 88 56
 88 56
 60 57
 91 57
 92 58
 85 58
 43 57
 34 57
 92 57
 53 57
 47 55
 54 55
 92 58
 38 58
 48 58
 86 58
 86 58
 86 58
 40 56
 91 56
 83 58
 87 58
 88 58
 88 58
 90 56
 55 56
 92 57
 54 57
 42 55
 79 55
 88 60
 47 60
 47 56
 88 56
 39 56
 37 56
 83 57
 85 57
 90 58
 62 58
 43 57
 44 57
 37 57
 49 57
 89 57
 41 57
 88 58
 58 58
 84 56
 92 56
 43 57
 91 57
 92 56
 84 56
 58 56
 86 56
 91 56
 87 56
 92 58
 51 58
 93 57
 38 57
 87 56
 34 56
 46 58
 93 58
 90 58
 92 58
 38 56
 93 56
 36 58
 89 58
 51 58
 54 58
 52 57
 50 57
 42 56
 41 56
 38 57
 89 57
 82 57
 48 57
 52 57
 52 57
 43 58
 42 58
 85 58
 89 58
 93 57
 51 57
 91 55
 91 55
 82 56
 42 56
 65 56
 30 56
 93 59
 83 59
 33 56
 91 56
 39 55
 78 55
 57 59
 31 59
 83 56
 89 56
 31 56
 91 56
 90 58
 93 58
 36 57
 87 57
 94 58
 88 58
 44 56
 33 56
 91 57
 85 57
 87 58
 53 58
 53 56
 94 56
 38 55
 90 55
 39 58
 39 58
 33 57
 62 57
 83 56
 52 56
 90 56
 33 56
 92 58
 88 58
 87 57
 88 57
 47 57
 89 57
 47 56
 33 56
 39 58
 92 58
 34 58
 85 58
 53 57
 88 57
 39 57
 40 57
 90 58
 93 58
 58 57
 88 57
 82 56
 51 56
 45 57
 90 57
 91 58
 44 58
 57 56
 31 56
 87 57
 51 57
 90 59
 39 59
 43 58
 39 58
 51 58
 87 58
 94 56
 86 56
 35 56
 53 56
 38 56
 89 56
 58 57
 63 57
 92 56
 83 56
 29 57
 38 57
 92 56
 91 56
 89 58
 91 58
 49 56
 87 56
 92 57
 43 57
 42 59
 83 59
 39 56
 88 56
 94 57
 84 57
 52 57
 56 57
 90 57
 38 57
 51 56
 87 56
 48 56
 43 56
 52 58
 92 58
 40 57
 85 57
 29 57
 87 57
 56 57
 87 57
 91 57
 30 57
 40 57
 90 57
 35 57
 87 57
 84 56
 54 56
 58 57
 90 57
 85 57
 41 57
 89 58
 35 58
 89 55
 93 55
 52 59
 90 59
 78 59
 93 59
 34 55
 34 55
 89 58
 87 58
 56 55
 50 55
 41 58
 40 58
 88 56
 35 56
 48 58
 87 58
 91 56
 36 56
 41 57
 80 57
 54 58
 58 58
 90 58
 87 58
 52 57
 33 57
 44 56
 41 56
 38 58
 52 58
 49 56
 86 56
 28 57
 47 57
 83 57
 41 57
 88 56
 88 56
 89 56
 94 56
 92 58
 92 58
 37 56
 40 56
 49 58
 39 58
 51 56
 46 56
 90 56
 91 56
 85 56
 43 56
 36 58
 53 58
 88 57
 52 57
 42 57
 91 57
 92 56
 40 56
 89 57
 33 57
 93 56
 81 56
 42 57
 53 57
 39 57
 81 57
 87 55
 87 55
 90 57
 52 57
 91 57
 29 57
 94 58
 38 58
 60 57
 33 57
 91 57
 48 57
 61 56
 32 56
 40 57
 92 57
 87 57
 55 57
 88 58
 90 58
 90 57
 32 57
 39 57
 84 57
 42 56
 33 56
 90 57
 50 57
 92 56
 56 56
 92 57
 84 57
 33 58
 88 58
 82 58
 93 58
 51 58
 49 58
 80 55
 94 55
 62 57
 35 57
 91 58
 87 58
 31 58
 31 58
 91 56
 40 56
 55 58
 32 58
 93 57
 92 57
 92 58
 90 58
 91 57
 86 57
 52 57
 31 57
 49 58
 92 58
 39 56
 60 56
 40 58
 39 58
 33 57
 62 57
 88 57
 48 57
 90 59
 92 59
 38 56
 93 56
 38 58
 60 58
 92 56
 90 56
 33 57
 54 57
 93 59
 39 59
 44 55
 32 55
 92 56
 52 56
 92 58
 44 58
 94 57
 41 57
 50 58
 36 58
 94 57
 51 57
 49 56
 91 56
 93 58
 37 58
 58 59
 88 59
 55 55
 93 55
 53 56
 51 56
 43 58
 79 58
 60 57
 39 57
 88 56
 45 56
 91 56
 91 56
 46 57
 42 57
 37 57
 60 57
 88 58
 49 58
 51 58
 91 58
 93 58
 39 58
 59 57
 37 57
 85 57
 88 57
 90 58
 35 58
 87 57
 91 57
 34 57
 89 57
 91 56
 94 56
 33 58
 91 58
 86 57
 91 57
 31 57
 35 57
 83 57
 86 57
 91 56
 57 56
 85 57
 92 57
 31 58
 32 58
 46 57
 47 57
 31 57
 90 57
 42 57
 78 57
 87 55
 86 55
 49 58
 50 58
 50 57
 49 57
 84 56
 88 56
 90 57
 38 57
 88 58
 86 58
 45 57
 90 57
 92 56
 40 56
 88 55
 53 55
 93 58
 91 58
 34 57
 52 57
 40 57
 38 57
 37 57
 42 57
 93 56
 91 56
 33 57
 59 57
 41 58
 83 58
 58 56
 88 56
 94 57
 44 57
 45 57
 91 57
 38 57
 39 57
 62 57
 49 57
 94 56
 87 56
 91 59
 29 59
 41 56
 91 56
 86 57
 39 57
 52 58
 85 58
 91 57
 91 57
 39 57
 91 57
 66 56
 86 56
 94 57
 92 57
 35 55
 36 55
 93 57
 94 57
 37 58
 52 58
 83 57
 47 57
 91 59
 59 59
 91 56
 41 56
 32 57
 86 57
 51 57
 93 57
 46 56
 91 56
 92 57
 90 57
 49 56
 59 56
 52 57
 92 57
 54 57
 56 57
 94 58
 91 58
 39 56
 88 56
 92 57
 94 57
 50 57
 60 57
 37 58
 88 58
 43 55
 34 55
 51 56
 51 56
 92 57
 33 57
 88 57
 42 57
 33 58
 89 58
 91 57
 91 57
 52 56
 32 56
 37 57
 92 57
 87 56
 35 56
 87 56
 85 56
 51 57
 50 57
 40 57
 44 57
 44 58
 60 58
 87 58
 84 58
 91 56
 91 56
 39 58
 93 58
 34 58
 85 58
 50 56
 86 56
 33 56
 90 56
 91 56
 92 56
 86 58
 33 58
 93 58
 91 58
 91 58
 91 58
 39 58
 88 58
 88 56
 33 56
 49 57
 43 57
 90 59
 45 59
 93 55
 88 55
 36 57
 55 57
 92 56
 50 56
 30 58
 33 58
 41 56
 40 56
 48 57
 39 57
 89 56
 84 56
 56 56
 92 56
 84 59
 93 59
 89 58
 34 58
 41 58
 87 58
 33 56
 91 56
 40 57
 37 57
 34 55
 46 55
 94 59
 93 59
 35 55
 90 55
 38 57
 37 57
 87 56
 88 56
 46 57
 83 57
 35 57
 33 57
 90 57
 42 57
 35 56
 30 56
 92 58
 90 58
 54 57
 49 57
 42 58
 41 58
 89 57
 89 57
 92 55
 50 55
 90 57
 35 57
 83 58
 92 58
 54 57
 36 57
 94 57
 93 57
 91 58
 31 58
 42 56
 42 56
 86 56
 31 56
 48 57
 46 57
 42 57
 30 57
 93 55
 42 55
 40 58
 87 58
 90 57
 83 57
 90 56
 91 56
 81 57
 91 57
 30 57
 89 57
 45 58
 85 58
 39 57
 49 57
 38 55
 40 55
 51 58
 89 58
 84 56
 90 56
 52 56
 36 56
 82 57
 93 57
 86 58
 54 58
 85 59
 85 59
 92 58
 92 58
 83 56
 38 56
 35 58
 32 58
 92 57
 90 57
 91 57
 92 57
 40 56
 42 56
 36 58
 90 58
 52 56
 91 56
 90 55
 35 55
 81 58
 41 58
 30 56
 34 56
 48 55
 84 55
 92 57
 34 57
 93 56
 83 56
 40 55
 87 55
 93 57
 88 57
 58 57
 39 57
 85 56
 42 56
 60 58
 87 58
 48 59
 85 59
 52 57
 48 57
 82 58
 41 58
 63 56
 86 56
 93 59
 47 59
 40 56
 91 56
 42 58
 38 58
 87 58
 30 58
 48 57
 50 57
 42 58
 57 58
 90 56
 92 56
 88 58
 35 58
 81 56
 46 56
 38 58
 59 58
 40 57
 81 57
 88 57
 87 57
 87 56
 54 56
 31 57
 90 57
 92 57
 92 57
 87 55
 61 55
 91 58
 94 58
 29 57
 91 57
 41 58
 40 58
 30 58
 36 58
 50 55
 89 55
 60 58
 36 58
 92 55
 93 55
 89 58
 88 58
 94 58
 94 58
 31 58
 29 58
 89 56
 39 56
 88 58
 36 58
 94 57
 94 57
 35 56
 37 56
 41 58
 88 58
 86 58
 40 58
 92 56
 81 56
 44 58
 91 58
 41 58
 83 58
 88 55
 41 55
 46 58
 82 58
 46 58
 92 58
 91 58
 78 58
 45 56
 88 56
 87 57
 49 57
 44 58
 49 58
 92 57
 38 57
 51 58
 33 58
 89 56
 53 56
 90 57
 91 57
 94 57
 40 57
 38 57
 35 57
 93 58
 46 58
 53 55
 55 55
 42 59
 93 59
 34 57
 31 57
 44 57
 92 57
 91 58
 49 58
 41 56
 40 56
 30 56
 88 56
 48 57
 49 57
 91 56
 36 56
 43 58
 39 58
 31 57
 88 57
 48 57
 90 57
 56 58
 92 58
 86 56
 42 56
 53 58
 41 58
 85 58
 49 58
 55 57
 41 57
 40 55
 37 55
 37 58
 34 58
 47 56
 93 56
 33 57
 91 57
 77 57
 41 57
 36 56
 33 56
 48 58
 45 58
 90 57
 91 57
 42 58
 38 58
 33 56
 60 56
 85 57
 90 57
 92 57
 56 57
 93 56
 41 56
 37 57
 30 57
 46 58
 85 58
 90 55
 90 55
 89 58
 84 58
 36 57
 33 57
 95 57
 88 57
 57 59
 53 59
 92 57
 88 57
 39 56
 89 56
 87 58
 94 58
 33 55
 92 55
 41 57
 38 57
 86 57
 42 57
 51 57
 54 57
 92 56
 50 56
 83 56
 43 56
 87 56
 42 56
 82 57
 88 57
 91 57
 35 57
 92 56
 93 56
 36 57
 87 57
 92 57
 85 57
 51 57
 45 57
 84 55
 93 55
 87 57
 58 57
 92 56
 87 56
 50 57
 89 57
 93 58
 42 58
 65 57
 88 57
 89 57
 88 57
 32 57
 92 57
 78 58
 88 58
 37 56
 88 56
 49 56
 87 56
 31 57
 49 57
 41 58
 92 58
 89 56
 86 56
 51 56
 51 56
 91 57
 33 57
 91 57
 82 57
 61 57
 87 57
 90 57
 45 57
 90 56
 91 56
 93 56
 89 56
 89 57
 89 57
 48 57
 83 57
 34 57
 57 57
 40 55
 89 55
 33 57
 87 57
 52 59
 92 59
 51 58
 91 58
 91 57
 44 57
 86 55
 35 55
 49 58
 95 58
 51 55
 36 55
 92 56
 93 56
 34 58
 87 58
 89 58
 88 58
 91 55
 92 55
 92 56
 41 56
 85 57
 86 57
 53 57
 91 57
 90 57
 36 57
 37 57
 86 57
 37 56
 88 56
 53 59
 93 59
 90 57
 29 57
 93 57
 94 57
 35 57
 31 57
 45 56
 83 56
 41 57
 52 57
 84 56
 86 56
 89 58
 43 58
 83 58
 87 58
 33 57
 91 57
 83 57
 92 57
 87 57
 89 57
 88 55
 81 55
 91 58
 91 58
 92 57
 42 57
 55 57
 87 57
 89 58
 94 58
 36 56
 48 56
 93 56
 42 56
 55 56
 87 56
 93 57
 84 57
 43 57
 53 57
 94 58
 41 58
 89 55
 53 55
 84 58
 92 58
 92 59
 89 59
 86 56
 93 56
 41 58
 38 58
 52 58
 84 58
 58 55
 37 55
 37 56
 93 56
 44 59
 31 59
 51 58
 89 58
 35 56
 91 56
 91 57
 93 57
 88 58
 42 58
 47 56
 54 56
 35 58
 29 58
 41 58
 92 58
 39 57
 44 57
 93 57
 48 57
 91 58
 50 58
 77 58
 92 58
 42 55
 45 55
 54 59
 91 59
 63 56
 34 56
 42 57
 44 57
 60 56
 43 56
 93 55
 93 55
 91 58
 91 58
 90 57
 40 57
 55 56
 61 56
 45 60
 91 60
 30 56
 39 56
 92 56
 81 56
 86 57
 87 57
 49 57
 84 57
 58 57
 90 57
 92 58
 37 58
 89 56
 36 56
 94 58
 81 58
 57 55
 51 55
 82 57
 94 57
 86 58
 34 58
 88 56
 85 56
 91 55
 90 55
 86 59
 93 59
 36 58
 39 58
 80 55
 80 55
 60 56
 91 56
 88 57
 93 57
 54 56
 55 56
 83 58
 89 58
 38 56
 33 56
 39 57
 42 57
 88 56
 41 56
 84 57
 46 57
 30 59
 52 59
 42 55
 40 55
 88 55
 63 55
 50 59
 86 59
 50 56
 30 56
 89 59
 44 59
 41 57
 42 57
 53 58
 50 58
 91 56
 91 56
 94 56
 92 56
 59 58
 34 58
 89 56
 86 56
 57 55
 50 55
 79 57
 41 57
 33 58
 89 58
 51 56
 46 56
 91 58
 92 58
 89 57
 91 57
 87 57
 64 57
 93 58
 49 58
 45 56
 34 56
 91 58
 93 58
 33 56
 89 56
 52 57
 85 57
 50 57
 59 57
 90 56
 88 56
 30 56
 53 56
 48 57
 81 57
 43 57
 41 57
 91 58
 90 58
 88 57
 88 57
 90 57
 84 57
 43 57
 91 57
 93 57
 39 57
 89 57
 38 57
 85 57
 83 57
 90 57
 47 57
 77 56
 89 56
 36 57
 34 57
 83 57
 45 57
 92 56
 50 56
 39 58
 90 58
 88 56
 43 56
 84 58
 92 58
 42 57
 38 57
 38 56
 80 56
 88 57
 47 57
 92 58
 48 58
 92 56
 92 56
 89 56
 39 56
 54 57
 34 57
 93 57
 84 57
 38 56
 31 56
 41 57
 39 57
 35 56
 88 56
 49 58
 90 58
 50 56
 91 56
 87 59
 87 59
 85 58
 86 58
 51 57
 51 57
 91 58
 59 58
 81 57
 81 57
 88 57
 61 57
 90 59
 93 59
 58 56
 43 56
 38 59
 93 59
 41 57
 38 57
 87 56
 91 56
 91 58
 46 58
 42 57
 92 57
 62 59
 89 59
 82 56
 83 56
 58 56
 59 56
 39 57
 90 57
 60 58
 56 58
 94 56
 57 56
 91 57
 41 57
 91 57
 88 57
 86 58
 88 58
 92 57
 46 57
 28 57
 56 57
 91 58
 41 58
 87 57
 37 57
 52 57
 86 57
 92 58
 48 58
 38 58
 90 58
 88 55
 89 55
 90 58
 44 58
 89 58
 40 58
 92 58
 41 58
 86 55
 34 55
 91 56
 92 56
 91 56
 91 56
 42 58
 84 58
 32 58
 87 58
 92 57
 94 57
 91 57
 91 57
 84 57
 40 57
 32 58
 87 58
 93 56
 48 56
 56 56
 33 56
 91 57
 92 57
 87 56
 52 56
 91 56
 93 56
 36 57
 90 57
 90 57
 92 57
 87 55
 31 55
 89 58
 92 58
 44 58
 34 58
 92 57
 93 57
 88 56
 42 56
 49 56
 50 56
 46 60
 90 60
 93 54
 92 54
 42 58
 87 58
 51 57
 94 57
 47 57
 34 57
 92 56
 38 56
 34 58
 53 58
 91 56
 85 56
 33 58
 31 58
 92 56
 82 56
 32 57
 40 57
 49 56
 49 56
 92 57
 46 57
 40 55
 43 55
 88 57
 88 57
 82 57
 52 57
 46 57
 32 57
 41 57
 41 57
 89 57
 89 57
 53 56
 89 56
 45 57
 92 57
 91 58
 88 58
 56 56
 88 56
 44 57
 95 57
 38 56
 91 56
 93 58
 89 58
 86 58
 60 58
 50 56
 93 56
 91 57
 91 57
 40 58
 42 58
 33 58
 38 58
 47 56
 90 56
 91 57
 54 57
 38 57
 93 57
 31 57
 63 57
 52 56
 89 56
 91 59
 92 59
 89 57
 80 57
 46 57
 88 57
 48 57
 91 57
 53 56
 31 56
 89 57
 82 57
 38 56
 63 56
 53 57
 50 57
 53 57
 90 57
 85 57
 89 57
 35 56
 51 56
 85 57
 90 57
 91 57
 34 57
 42 56
 93 56
 64 56
 39 56
 45 55
 41 55
 59 57
 56 57
 93 59
 89 59
 64 57
 88 57
 81 57
 84 57
 92 58
 31 58
 88 56
 91 56
 89 57
 32 57
 53 57
 49 57
 49 56
 92 56
 93 56
 89 56
 30 58
 55 58
 47 58
 89 58
 91 57
 37 57
 93 56
 88 56
 40 59
 33 59
 52 56
 91 56
 58 56
 32 56
 92 57
 94 57
 87 57
 88 57
 84 58
 44 58
 58 57
 91 57
 91 57
 85 57
 63 56
 44 56
 48 56
 83 56
 32 56
 57 56
 43 58
 93 58
 87 56
 87 56
 46 57
 89 57
 54 58
 91 58
 39 56
 44 56
 41 56
 89 56
 50 57
 44 57
 91 58
 35 58
 91 57
 41 57
 59 57
 35 57
 82 57
 47 57
 92 58
 45 58
 94 56
 82 56
 31 57
 49 57
 92 57
 92 57
 38 56
 90 56
 39 56
 42 56
 38 57
 29 57
 92 58
 91 58
 32 59
 32 59
 40 55
 89 55
 88 58
 87 58
 50 56
 93 56
 59 57
 91 57
 89 57
 81 57
 89 58
 86 58
 88 56
 94 56
 91 56
 32 56
 92 59
 91 59
 88 57
 41 57
 83 56
 83 56
 90 57
 54 57
 78 57
 89 57
 88 57
 87 57
 88 58
 49 58
 61 55
 92 55
 93 56
 38 56
