 3 4
 3 4
 12 15
 12 15
 42 50
 42 50
 97 99
 96 99
 16 5
 16 5
 55 18
 56 18
 97 55
 99 55
 9 73
 10 73
 24 58
 17 58
 68 52
 70 52
 86 56
 55 56
 78 59
 72 59
 92 57
 84 57
 86 58
 84 58
 43 56
 92 56
 80 56
 85 56
 38 58
 90 58
 39 58
 87 58
 57 58
 88 58
 47 56
 44 56
 63 57
 89 57
 91 58
 50 58
 62 56
 91 56
 46 56
 86 56
 90 57
 32 57
 90 57
 39 57
 90 56
 92 56
 92 59
 90 59
 34 56
 90 56
 44 56
 86 56
 56 57
 33 57
 46 56
 90 56
 47 58
 46 58
 93 57
 47 57
 51 56
 47 56
 93 58
 93 58
 60 56
 87 56
 89 57
 41 57
 35 57
 54 57
 42 58
 89 58
 90 56
 55 56
 48 57
 45 57
 62 56
 42 56
 48 57
 94 57
 34 55
 60 55
 42 57
 46 57
 91 56
 54 56
 93 58
 85 58
 33 55
 31 55
 90 58
 50 58
 30 57
 47 57
 45 57
 82 57
 30 57
 34 57
 93 56
 81 56
 89 57
 32 57
 85 56
 85 56
 37 58
 42 58
 86 58
 41 58
 44 57
 90 57
 93 58
 45 58
 56 54
 56 54
 90 58
 81 58
 90 57
 52 57
 40 58
 44 58
 48 55
 37 55
 93 57
 89 57
 91 57
 91 57
 94 56
 43 56
 91 58
 30 58
 92 56
 83 56
 40 58
 36 58
 45 57
 91 57
 89 57
 36 57
 42 56
 79 56
 43 57
 53 57
 87 55
 43 55
 88 59
 34 59
 43 57
 47 57
 90 56
 90 56
 88 58
 43 58
 90 57
 89 57
 93 56
 92 56
 90 56
 89 56
 39 59
 94 59
 35 57
 86 57
 90 56
 85 56
 32 58
 48 58
 91 57
 91 57
 35 57
 88 57
 92 59
 90 59
 36 55
 40 55
 94 59
 40 59
 33 56
 88 56
 81 58
 93 58
 58 56
 42 56
 90 56
 36 56
 36 58
 30 58
 48 58
 82 58
 41 57
 91 57
 94 59
 42 59
 87 57
 49 57
 50 55
 48 55
 37 61
 30 61
 37 55
 40 55
 88 58
 63 58
 56 57
 94 57
 90 54
 47 54
 92 59
 86 59
 88 56
 87 56
 46 59
 50 59
 44 57
 31 57
 40 57
 42 57
 39 56
 88 56
 91 58
 83 58
 33 57
 31 57
 82 58
 90 58
 53 57
 53 57
 88 56
 84 56
 37 57
 92 57
 40 58
 94 58
 87 56
 57 56
 83 56
 86 56
 91 58
 92 58
 86 56
 39 56
 56 57
 40 57
 50 55
 81 55
 89 58
 91 58
 85 57
 92 57
 86 58
 88 58
 49 56
 85 56
 55 57
 91 57
 92 58
 94 58
 89 56
 62 56
 94 56
 44 56
 45 57
 89 57
 42 56
 81 56
 89 57
 34 57
 85 57
 84 57
 90 57
 54 57
 37 56
 89 56
 86 57
 51 57
 44 58
 55 58
 54 56
 62 56
 93 56
 42 56
 34 55
 44 55
 94 59
 85 59
 91 57
 59 57
 38 57
 82 57
 30 56
 34 56
 51 58
 50 58
 32 56
 37 56
 93 57
 81 57
 36 56
 40 56
 90 56
 87 56
 91 58
 92 58
 90 58
 90 58
 34 58
 35 58
 52 58
 46 58
 38 57
 48 57
 40 57
 86 57
 43 58
 89 58
 47 56
 43 56
 48 58
 92 58
 43 57
 38 57
 87 57
 88 57
 92 57
 93 57
 50 58
 91 58
 37 57
 85 57
 33 57
 46 57
 51 57
 84 57
 40 58
 45 58
 92 55
 94 55
 88 57
 88 57
 45 58
 46 58
 89 55
 53 55
 42 59
 93 59
 34 56
 87 56
 47 56
 89 56
 39 58
 31 58
 42 57
 93 57
 49 56
 31 56
 49 56
 93 56
 91 57
 90 57
 40 58
 83 58
 88 57
 88 57
 48 57
 82 57
 52 55
 35 55
 43 58
 92 58
 53 58
 36 58
 48 58
 86 58
 92 56
 39 56
 93 58
 41 58
 40 58
 34 58
 50 56
 84 56
 37 57
 92 57
 93 55
 83 55
 89 60
 52 60
 48 56
 52 56
 35 56
 49 56
 42 57
 92 57
 33 58
 87 58
 89 57
 86 57
 44 57
 92 57
 41 57
 93 57
 35 58
 87 58
 93 56
 89 56
 46 57
 50 57
 41 56
 39 56
 87 56
 90 56
 94 56
 90 56
 50 58
 51 58
 84 57
 83 57
 39 56
 87 56
 49 58
 93 58
 92 58
 91 58
 93 56
 41 56
 46 58
 86 58
 92 58
 48 58
 91 57
 91 57
 85 56
 85 56
 36 57
 87 57
 85 57
 55 57
 89 57
 57 57
 92 58
 92 58
 42 58
 38 58
 85 57
 53 57
 40 55
 48 55
 40 56
 87 56
 32 56
 35 56
 47 59
 92 59
 58 56
 54 56
 82 55
 84 55
 34 59
 53 59
 88 56
 46 56
 90 56
 30 56
 82 58
 92 58
 90 57
 88 57
 92 58
 49 58
 92 56
 92 56
 39 57
 93 57
 89 58
 33 58
 86 56
 94 56
 91 55
 54 55
 88 58
 44 58
 48 57
 46 57
 89 56
 81 56
 41 56
 91 56
 42 58
 92 58
 35 57
 36 57
 47 57
 51 57
 49 56
 39 56
 42 58
 40 58
 32 58
 56 58
 86 57
 85 57
 44 57
 51 57
 90 58
 41 58
 87 57
 64 57
 48 56
 49 56
 90 57
 57 57
 92 58
 38 58
 34 56
 58 56
 85 57
 51 57
 54 59
 47 59
 40 58
 40 58
 39 58
 53 58
 49 56
 47 56
 46 56
 91 56
 93 56
 90 56
 32 57
 89 57
 53 56
 90 56
 53 57
 90 57
 38 56
 40 56
 85 58
 33 58
 84 56
 88 56
 45 57
 55 57
 82 59
 93 59
 56 56
 55 56
 93 57
 93 57
 53 57
 35 57
 92 57
 44 57
 37 56
 36 56
 87 56
 49 56
 40 58
 91 58
 87 57
 92 57
 87 57
 89 57
 51 57
 51 57
 53 57
 40 57
 39 57
 39 57
 87 57
 89 57
 90 56
 86 56
 49 57
 54 57
 37 57
 92 57
 88 58
 88 58
 89 55
 47 55
 48 59
 37 59
 86 59
 41 59
 37 55
 88 55
 81 58
 87 58
 90 55
 47 55
 82 58
 93 58
 86 56
 87 56
 89 58
 93 58
 89 56
 35 56
 37 57
 86 57
 86 58
 88 58
 48 58
 82 58
 34 57
 32 57
 82 56
 44 56
 36 58
 88 58
 46 56
 44 56
 29 57
 49 57
 94 57
 41 57
 31 56
 90 56
 94 56
 90 56
 37 58
 55 58
 93 56
 92 56
 85 58
 39 58
 93 56
 93 56
 38 56
 46 56
 81 56
 41 56
 35 58
 41 58
 93 57
 94 57
 32 57
 51 57
 93 56
 93 56
 43 57
 30 57
 51 56
 94 56
 44 57
 91 57
 92 57
 80 57
 39 55
 88 55
 50 57
 89 57
 50 57
 28 57
 89 58
 91 58
 66 57
 35 57
 88 57
 49 57
 50 56
 29 56
 93 57
 86 57
 44 57
 89 57
 81 58
 93 58
 51 57
 56 57
 40 57
 91 57
 88 56
 33 56
 43 57
 56 57
 38 56
 91 56
 40 57
 83 57
 88 58
 43 58
 85 58
 47 58
 52 58
 91 58
 38 55
 85 55
 48 57
 62 57
 90 58
 87 58
 62 58
 33 58
 86 56
 93 56
 45 58
 87 58
 94 57
 86 57
 54 58
 40 58
 82 57
 86 57
 89 57
 88 57
 51 58
 50 58
 47 56
 91 56
 42 58
 43 58
 46 57
 32 57
 40 57
 86 57
 58 59
 47 59
 39 56
 92 56
 35 58
 37 58
 92 56
 46 56
 91 57
 47 57
 92 59
 40 59
 89 55
 87 55
 86 56
 53 56
 91 58
 92 58
 82 57
 44 57
 39 58
 47 58
 51 57
 49 57
 91 56
 91 56
 40 58
 41 58
 46 59
 88 59
 46 55
 93 55
 55 56
 90 56
 41 58
 86 58
 89 57
 44 57
 48 56
 91 56
 42 56
 38 56
 82 57
 92 57
 88 57
 89 57
 84 58
 93 58
 54 58
 43 58
 86 58
 37 58
 53 57
 56 57
 93 57
 83 57
 92 58
 57 58
 92 57
 93 57
 51 57
 89 57
 94 56
 92 56
 34 58
 90 58
 39 57
 90 57
 89 57
 89 57
 93 57
 47 57
 60 56
 43 56
 93 57
 80 57
 33 58
 36 58
 92 57
 89 57
 50 57
 91 57
 38 57
 84 57
 88 55
 85 55
 94 58
 93 58
 91 57
 92 57
 83 56
 40 56
 56 57
 63 57
 91 58
 44 58
 43 57
 91 57
 87 56
 89 56
 58 55
 86 55
 90 58
 50 58
 50 57
 47 57
 94 57
 91 57
 87 57
 53 57
 49 56
 43 56
 37 57
 32 57
 93 58
 85 58
 32 56
 89 56
 52 57
 50 57
 52 57
 37 57
 40 57
 38 57
 89 57
 33 57
 90 56
 91 56
 90 59
 92 59
 93 56
 41 56
 37 57
 88 57
 40 58
 50 58
 54 57
 53 57
 92 57
 94 57
 57 56
 31 56
 94 57
 44 57
 91 55
 90 55
 94 57
 86 57
 38 58
 45 58
 94 57
 87 57
 90 59
 52 59
 93 56
 83 56
 39 57
 88 57
 94 57
 48 57
 91 56
 91 56
 40 57
 90 57
 88 56
 57 56
 85 57
 85 57
 31 57
 57 57
 40 58
 92 58
 88 56
 86 56
 90 57
 82 57
 49 57
 43 57
 42 58
 41 58
 90 55
 87 55
 46 56
 54 56
 92 57
 91 57
 38 57
 93 57
 31 58
 34 58
 50 57
 84 57
 38 56
 39 56
 40 57
 42 57
 42 56
 39 56
 49 56
 90 56
 32 57
 32 57
 90 57
 79 57
 37 58
 88 58
 90 58
 51 58
 56 56
 47 56
 92 58
 92 58
 87 58
 52 58
 93 56
 86 56
 91 56
 39 56
 92 56
 91 56
 89 58
 86 58
 44 58
 93 58
 38 58
 91 58
 80 58
 85 58
 87 56
 35 56
 89 57
 86 57
 91 59
 51 59
 38 55
 93 55
 88 57
 40 57
 94 56
 82 56
 91 58
 91 58
 40 56
 92 56
 89 57
 35 57
 95 56
 52 56
 90 56
 92 56
 41 59
 41 59
 89 58
 34 58
 90 58
 53 58
 37 56
 91 56
 84 57
 38 57
 86 55
 88 55
 85 59
 85 59
 91 55
 91 55
 83 57
 93 57
 40 56
 90 56
 82 57
 46 57
 55 57
 90 57
 92 57
 92 57
 86 56
 88 56
 94 58
 90 58
 40 57
 33 57
 42 58
 40 58
 85 57
 53 57
 92 55
 48 55
 51 57
 44 57
 37 58
 40 58
 88 57
 40 57
 80 57
 86 57
 41 58
 46 58
 93 56
 91 56
 89 56
 65 56
 93 57
 94 57
 58 57
 28 57
 92 55
 40 55
 53 58
 87 58
 50 57
 86 57
 91 56
 91 56
 81 57
 93 57
 48 57
 86 57
 85 58
 87 58
 92 57
 91 57
 41 55
 92 55
 88 58
 45 58
 95 56
 51 56
 54 56
 45 56
 94 57
 84 57
 54 58
 88 58
 92 59
 94 59
 48 58
 90 58
 91 56
 42 56
 64 58
 33 58
 87 57
 91 57
 92 57
 91 57
 37 56
 94 56
 59 58
 33 58
 88 56
 82 56
 33 55
 42 55
 92 58
 38 58
 90 56
 87 56
 46 55
 93 55
 47 57
 35 57
 38 56
 93 56
 35 55
 87 55
 49 57
 52 57
 92 57
 40 57
 83 56
 87 56
 50 58
 87 58
 86 59
 93 59
 45 57
 54 57
 91 58
 92 58
 64 56
 32 56
 56 59
 84 59
 91 56
 35 56
 90 58
 93 58
 54 58
 30 58
 93 57
 89 57
 51 58
 41 58
 90 56
 79 56
 88 58
 64 58
 47 56
 45 56
 91 58
 91 58
 86 57
 93 57
 55 57
 33 57
 87 56
 48 56
 31 57
 89 57
 86 57
 89 57
 34 55
 86 55
 47 58
 92 58
 54 57
 90 57
 89 58
 42 58
 41 58
 43 58
 93 55
 89 55
 90 58
 38 58
 84 55
 88 55
 85 58
 42 58
 49 58
 82 58
 90 58
 61 58
 39 56
 41 56
 86 58
 53 58
 83 57
 88 57
 58 56
 90 56
 42 58
 94 58
 31 58
 87 58
 84 56
 86 56
 91 58
 92 58
 40 58
 91 58
 34 55
 87 55
 87 58
 47 58
 57 58
 56 58
 39 58
 92 58
 52 56
 49 56
 55 57
 94 57
 91 58
 33 58
 39 57
 92 57
 60 58
 60 58
 47 56
 91 56
 91 57
 41 57
 38 57
 40 57
 89 57
 32 57
 85 58
 89 58
 92 55
 51 55
 93 59
 84 59
 32 57
 89 57
 51 57
 83 57
 92 58
 49 58
 91 56
 37 56
 88 56
 52 56
 94 57
 87 57
 53 56
 56 56
 86 58
 92 58
 33 57
 89 57
 54 57
 88 57
 92 58
 91 58
 79 56
 85 56
 86 58
 30 58
 51 58
 48 58
 45 57
 89 57
 92 55
 37 55
 34 58
 59 58
 91 56
 52 56
 30 57
 91 57
 94 57
 42 57
 40 56
 86 56
 86 58
 49 58
 57 57
 36 57
 90 58
 89 58
 86 56
 86 56
 54 57
 50 57
 90 57
 43 57
 94 56
 92 56
 87 57
 39 57
 49 58
 49 58
 33 55
 32 55
 42 58
 84 58
 32 57
 34 57
 46 57
 88 57
 41 59
 46 59
 43 57
 88 57
 88 56
 45 56
 92 58
 93 58
 39 55
 41 55
 38 57
 91 57
 36 57
 33 57
 85 57
 91 57
 48 56
 91 56
 41 56
 87 56
 39 56
 45 56
 94 57
 51 57
 34 57
 30 57
 83 56
 42 56
 39 57
 87 57
 94 57
 92 57
 58 57
 90 57
 42 55
 83 55
 48 57
 87 57
 90 56
 46 56
 51 57
 53 57
 93 58
 87 58
 86 57
 33 57
 87 57
 83 57
 36 57
 91 57
 42 58
 94 58
 87 56
 86 56
 81 56
 88 56
 91 57
 34 57
 90 58
 90 58
 87 56
 88 56
 48 56
 89 56
 44 57
 30 57
 93 57
 92 57
 32 57
 86 57
 49 57
 81 57
 91 56
 55 56
 93 56
 93 56
 31 57
 35 57
 81 57
 82 57
 33 57
 53 57
 92 55
 85 55
 87 57
 88 57
 47 59
 52 59
 30 58
 45 58
 40 57
 90 57
 88 55
 39 55
 48 58
 53 58
 90 55
 38 55
 94 56
 93 56
 86 58
 32 58
 93 58
 89 58
 91 55
 52 55
 84 56
 91 56
 89 57
 47 57
 92 57
 51 57
 35 57
 91 57
 41 57
 89 57
 39 56
 43 56
 86 59
 95 59
 91 57
 90 57
 81 57
 40 57
 30 57
 38 57
 90 56
 48 56
 58 57
 91 57
 80 56
 93 56
 88 58
 35 58
 53 58
 93 58
 91 57
 90 57
 92 57
 41 57
 89 57
 89 57
 88 55
 52 55
 36 58
 34 58
 41 57
 91 57
 86 57
 86 57
 53 58
 50 58
 50 56
 90 56
 81 56
 39 56
 86 56
 87 56
 53 57
 85 57
 92 57
 92 57
 93 58
 40 58
 87 55
 87 55
 52 58
 86 58
 51 59
 91 59
 39 56
 40 56
 35 58
 39 58
 93 58
 94 58
 34 55
 36 55
 94 56
 93 56
 44 59
 89 59
 47 58
 84 58
 52 56
 40 56
 93 57
 93 57
 85 58
 37 58
 92 56
 94 56
 57 58
 35 58
 40 58
 92 58
 34 57
 39 57
 49 57
 47 57
 51 58
 49 58
 80 58
 93 58
 87 55
 45 55
 93 59
 92 59
 46 56
 92 56
 93 57
 37 57
 35 56
 41 56
 84 55
 93 55
 33 58
 90 58
 83 57
 38 57
 86 56
 36 56
 93 60
 56 60
 49 56
 46 56
 39 56
 93 56
 37 57
 89 57
 85 57
 93 57
 90 57
 42 57
 93 58
 41 58
 37 56
 34 56
 52 58
 83 58
 91 55
 44 55
 41 57
 37 57
 56 58
 86 58
 86 56
 92 56
 48 55
 91 55
 40 59
 90 59
 42 58
 87 58
 51 55
 49 55
 52 56
 92 56
 42 57
 39 57
 33 56
 37 56
 43 58
 90 58
 92 56
 30 56
 84 57
 91 57
 40 56
 89 56
 86 57
 92 57
 46 59
 45 59
 82 55
 39 55
 34 55
 50 55
 44 59
 53 59
 52 56
 60 56
 90 59
 41 59
 41 57
 88 57
 84 58
 49 58
 91 56
 90 56
 40 56
 42 56
 62 58
 36 58
 83 56
 92 56
 34 55
 92 55
 82 57
 92 57
 40 58
 89 58
 45 56
 46 56
 91 58
 41 58
 80 57
 86 57
 86 57
 32 57
 87 58
 48 58
 91 56
 92 56
 92 58
 41 58
 52 56
 33 56
 84 57
 51 57
 91 57
 32 57
 40 56
 40 56
 34 56
 89 56
 50 57
 50 57
 91 57
 41 57
 38 58
 37 58
 35 57
 47 57
 85 57
 50 57
 36 57
 33 57
 92 57
 94 57
 36 57
 34 57
 44 57
 84 57
 39 57
 91 57
 43 56
 37 56
 52 57
 63 57
 92 57
 85 57
 91 56
 90 56
 40 58
 91 58
 56 56
 34 56
 88 58
 47 58
 91 57
 52 57
 41 56
 87 56
 38 57
 30 57
 49 58
 89 58
 36 56
 51 56
 90 56
 40 56
 85 57
 33 57
 84 57
 54 57
 45 56
 53 56
 81 57
 89 57
 35 56
 33 56
 83 58
 86 58
 35 56
 92 56
 92 59
 38 59
 52 58
 62 58
 93 57
 52 57
 90 58
 50 58
 90 57
 92 57
 34 57
 34 57
 94 59
 45 59
 50 56
 61 56
 80 59
 83 59
 88 57
 53 57
 87 56
 94 56
 59 58
 52 58
 84 57
 37 57
 88 59
 34 59
 89 56
 85 56
 91 56
 57 56
 93 57
 86 57
 31 58
 87 58
 91 56
 84 56
 92 57
 34 57
 38 57
 91 57
 90 58
 88 58
 89 57
 91 57
 37 57
 33 57
 93 58
 92 58
 63 57
 36 57
 48 57
 92 57
 43 58
 92 58
 38 58
 41 58
 86 55
 49 55
 88 58
 46 58
 91 58
 90 58
 84 58
 92 58
 33 55
 33 55
 88 56
 93 56
 91 56
 45 56
 37 58
 93 58
 31 58
 43 58
 81 57
 93 57
 35 57
 90 57
 36 57
 92 57
 35 58
 33 58
 56 56
 49 56
 56 56
 91 56
 41 57
 87 57
 85 56
 36 56
 83 56
 85 56
 39 57
 90 57
 40 57
 41 57
 87 55
 40 55
 94 58
 93 58
 53 58
 92 58
 82 57
 87 57
 59 56
 40 56
 91 56
 45 56
 92 60
 37 60
 40 54
 92 54
 86 58
 41 58
 52 57
 85 57
 31 57
 34 57
 93 56
 93 56
 87 58
 53 58
 91 56
 48 56
 47 58
 92 58
 91 56
 90 56
 61 57
 49 57
 88 56
 89 56
 36 57
 48 57
 46 55
 94 55
 87 57
 33 57
 51 57
 86 57
 36 57
 33 57
 93 57
 93 57
 90 57
 33 57
 87 56
 89 56
 43 57
 37 57
 92 58
 82 58
 44 56
 40 56
 87 57
 89 57
 40 56
 44 56
 87 58
 83 58
 89 58
 88 58
 94 56
 55 56
 92 57
 91 57
 92 58
 92 58
 42 58
 38 58
 85 56
 51 56
 92 57
 91 57
 40 57
 89 57
 89 57
 87 57
 86 56
 88 56
 39 59
 45 59
 90 57
 39 57
 44 57
 52 57
 47 57
 86 57
 91 56
 36 56
 38 57
 41 57
 87 56
 36 56
 83 57
 47 57
 47 57
 91 57
 40 57
 86 57
 34 56
 86 56
 86 57
 86 57
 91 57
 40 57
 89 56
 37 56
 52 56
 53 56
 46 55
 85 55
 54 57
 49 57
 42 59
 94 59
 89 57
 35 57
 88 57
 85 57
 38 58
 43 58
 40 56
 91 56
 33 57
 86 57
 92 57
 45 57
 92 56
 92 56
 40 56
 44 56
 43 58
 33 58
 94 58
 49 58
 52 57
 51 57
 93 56
 91 56
 65 59
 33 59
 91 56
 92 56
 90 56
 92 56
 89 57
 39 57
 30 57
 40 57
 52 58
 90 58
 56 57
 29 57
 91 57
 41 57
 86 56
 85 56
 89 56
 46 56
 91 56
 37 56
 92 58
 39 58
 60 56
 38 56
 86 57
 47 57
 92 58
 91 58
 92 56
 41 56
 33 56
 32 56
 48 57
 93 57
 90 58
 92 58
 92 57
 83 57
 87 57
 40 57
 87 57
 93 57
 58 58
 35 58
 93 56
 92 56
 38 57
 51 57
 85 57
 86 57
 91 56
 38 56
 39 56
 85 56
 87 57
 88 57
 49 58
 82 58
 46 59
 90 59
 91 55
 92 55
 37 58
 88 58
 51 56
 86 56
 92 57
 50 57
 93 57
 91 57
 41 58
 36 58
 91 56
 84 56
 49 56
 46 56
 93 59
 41 59
 41 57
 47 57
 51 56
 82 56
 52 57
 91 57
 91 57
 37 57
 56 57
 88 57
 91 58
 44 58
 33 55
 92 55
 36 56
 93 56
