 3 4
 3 4
 12 15
 12 15
 42 50
 41 50
 97 99
 95 99
 17 5
 16 5
 53 18
 51 18
 98 55
 98 55
 5 73
 9 73
 31 58
 15 58
 76 52
 82 52
 73 56
 93 56
 75 59
 73 59
 86 57
 90 57
 41 58
 89 58
 37 56
 50 56
 85 56
 92 56
 89 58
 54 58
 93 58
 92 58
 58 58
 90 58
 90 56
 41 56
 88 57
 36 57
 41 58
 86 58
 48 56
 87 56
 38 56
 40 56
 92 57
 57 57
 42 57
 88 57
 91 56
 57 56
 89 59
 88 59
 92 56
 57 56
 45 56
 82 56
 32 57
 91 57
 88 56
 42 56
 33 58
 42 58
 92 57
 84 57
 89 56
 53 56
 93 58
 92 58
 92 56
 46 56
 84 57
 41 57
 90 57
 34 57
 44 58
 91 58
 92 56
 89 56
 89 57
 91 57
 88 56
 90 56
 93 57
 86 57
 35 55
 92 55
 87 57
 92 57
 86 56
 88 56
 52 58
 51 58
 33 55
 90 55
 91 58
 82 58
 33 57
 87 57
 55 57
 43 57
 38 57
 91 57
 90 56
 92 56
 33 57
 35 57
 46 56
 47 56
 89 58
 34 58
 93 58
 36 58
 86 57
 86 57
 87 58
 93 58
 91 54
 91 54
 41 58
 41 58
 32 57
 85 57
 56 58
 86 58
 49 55
 53 55
 38 57
 42 57
 89 57
 57 57
 88 56
 45 56
 45 58
 89 58
 47 56
 37 56
 88 58
 44 58
 90 57
 92 57
 57 57
 39 57
 91 56
 43 56
 37 57
 35 57
 83 55
 90 55
 92 59
 50 59
 40 57
 91 57
 57 56
 43 56
 86 58
 94 58
 35 57
 49 57
 89 56
 43 56
 50 56
 91 56
 54 59
 91 59
 92 57
 91 57
 93 56
 41 56
 85 58
 87 58
 93 57
 44 57
 92 57
 35 57
 90 59
 89 59
 89 55
 88 55
 84 59
 84 59
 51 56
 53 56
 86 58
 86 58
 85 56
 85 56
 52 56
 47 56
 49 58
 31 58
 41 58
 84 58
 84 57
 87 57
 93 59
 83 59
 91 57
 33 57
 91 55
 93 55
 56 61
 56 61
 88 55
 54 55
 92 58
 45 58
 37 57
 37 57
 86 54
 44 54
 91 59
 47 59
 91 56
 36 56
 92 59
 91 59
 86 57
 32 57
 58 57
 94 57
 91 56
 33 56
 40 58
 37 58
 87 57
 35 57
 55 58
 49 58
 89 57
 51 57
 87 56
 83 56
 87 57
 88 57
 54 58
 50 58
 52 56
 46 56
 37 56
 93 56
 63 58
 52 58
 84 56
 48 56
 91 57
 37 57
 40 55
 39 55
 54 58
 36 58
 94 57
 56 57
 92 58
 44 58
 92 56
 89 56
 36 57
 35 57
 52 58
 91 58
 52 56
 37 56
 40 56
 40 56
 88 57
 87 57
 89 56
 89 56
 49 57
 41 57
 41 57
 87 57
 44 57
 37 57
 93 56
 93 56
 49 57
 92 57
 41 58
 87 58
 36 56
 36 56
 88 56
 50 56
 92 55
 91 55
 41 59
 92 59
 39 57
 40 57
 91 57
 88 57
 92 56
 92 56
 91 58
 41 58
 90 56
 34 56
 85 57
 85 57
 92 56
 33 56
 83 56
 84 56
 87 58
 51 58
 47 58
 93 58
 91 58
 34 58
 92 58
 84 58
 36 57
 86 57
 88 57
 46 57
 41 58
 35 58
 37 56
 92 56
 85 58
 35 58
 49 57
 53 57
 56 57
 92 57
 93 57
 39 57
 37 58
 46 58
 52 57
 87 57
 92 57
 32 57
 39 57
 36 57
 89 58
 88 58
 93 55
 56 55
 92 57
 50 57
 86 58
 39 58
 36 55
 54 55
 43 59
 88 59
 90 56
 93 56
 84 56
 36 56
 58 58
 58 58
 45 57
 89 57
 89 56
 32 56
 86 56
 92 56
 87 57
 39 57
 50 58
 90 58
 47 57
 92 57
 42 57
 39 57
 88 55
 36 55
 54 58
 50 58
 48 58
 91 58
 93 58
 84 58
 34 56
 84 56
 86 58
 88 58
 53 58
 58 58
 92 56
 35 56
 36 57
 43 57
 93 55
 51 55
 43 60
 53 60
 92 56
 91 56
 58 56
 87 56
 86 57
 53 57
 91 58
 47 58
 84 57
 92 57
 87 57
 86 57
 85 57
 93 57
 33 58
 93 58
 39 56
 36 56
 86 57
 49 57
 91 56
 85 56
 92 56
 92 56
 88 56
 35 56
 39 58
 88 58
 49 57
 59 57
 49 56
 44 56
 38 58
 90 58
 86 58
 37 58
 54 56
 53 56
 47 58
 52 58
 92 58
 87 58
 89 57
 86 57
 82 56
 94 56
 92 57
 91 57
 92 57
 90 57
 38 57
 40 57
 50 58
 88 58
 93 58
 91 58
 93 57
 92 57
 53 55
 34 55
 55 56
 46 56
 53 56
 91 56
 40 59
 92 59
 84 56
 36 56
 92 55
 54 55
 37 59
 92 59
 91 56
 40 56
 32 56
 88 56
 93 58
 85 58
 92 57
 92 57
 40 58
 42 58
 86 56
 32 56
 88 57
 51 57
 52 58
 46 58
 90 56
 91 56
 86 55
 33 55
 92 58
 94 58
 37 57
 33 57
 38 56
 41 56
 38 56
 56 56
 92 58
 53 58
 50 57
 91 57
 38 57
 92 57
 35 56
 48 56
 88 58
 93 58
 91 58
 39 58
 89 57
 35 57
 89 57
 88 57
 47 58
 50 58
 92 57
 92 57
 39 56
 38 56
 36 57
 34 57
 93 58
 51 58
 52 56
 38 56
 91 57
 90 57
 58 59
 59 59
 47 58
 87 58
 42 58
 58 58
 89 56
 38 56
 88 56
 37 56
 52 56
 46 56
 49 57
 90 57
 91 56
 80 56
 58 57
 84 57
 89 56
 91 56
 31 58
 92 58
 92 56
 90 56
 34 57
 43 57
 49 59
 90 59
 34 56
 57 56
 39 57
 40 57
 35 57
 88 57
 93 57
 86 57
 90 56
 47 56
 92 56
 93 56
 87 58
 50 58
 88 57
 94 57
 43 57
 92 57
 93 57
 39 57
 84 57
 36 57
 88 57
 83 57
 92 57
 91 57
 93 56
 83 56
 53 57
 32 57
 47 57
 86 57
 40 58
 91 58
 40 55
 93 55
 35 59
 49 59
 45 59
 88 59
 33 55
 31 55
 80 58
 89 58
 87 55
 86 55
 51 58
 91 58
 91 56
 50 56
 93 58
 89 58
 83 56
 62 56
 47 57
 49 57
 91 58
 50 58
 84 58
 92 58
 88 57
 87 57
 87 56
 49 56
 32 58
 92 58
 42 56
 83 56
 32 57
 34 57
 55 57
 49 57
 34 56
 54 56
 83 56
 90 56
 36 58
 88 58
 51 56
 94 56
 54 58
 91 58
 93 56
 92 56
 86 56
 88 56
 49 56
 91 56
 49 58
 91 58
 92 57
 41 57
 36 57
 86 57
 57 56
 49 56
 92 57
 91 57
 93 56
 35 56
 53 57
 38 57
 47 57
 91 57
 39 55
 43 55
 39 57
 92 57
 47 57
 83 57
 84 58
 87 58
 90 57
 31 57
 36 57
 93 57
 88 56
 60 56
 54 57
 91 57
 39 57
 92 57
 90 58
 39 58
 88 57
 40 57
 87 57
 89 57
 35 56
 92 56
 87 57
 36 57
 35 56
 36 56
 87 57
 56 57
 91 58
 91 58
 91 58
 86 58
 49 58
 85 58
 53 55
 89 55
 34 57
 92 57
 92 58
 91 58
 89 58
 36 58
 86 56
 54 56
 92 58
 52 58
 93 57
 91 57
 37 58
 36 58
 86 57
 91 57
 32 57
 46 57
 93 58
 42 58
 87 56
 54 56
 84 58
 87 58
 92 57
 91 57
 93 57
 38 57
 88 59
 36 59
 87 56
 51 56
 91 58
 93 58
 93 56
 90 56
 86 57
 88 57
 89 59
 84 59
 51 55
 51 55
 92 56
 38 56
 51 58
 35 58
 53 57
 90 57
 47 58
 45 58
 38 57
 37 57
 35 56
 87 56
 51 58
 85 58
 46 59
 48 59
 38 55
 84 55
 88 56
 37 56
 94 58
 48 58
 56 57
 90 57
 88 56
 36 56
 33 56
 37 56
 90 57
 49 57
 92 57
 50 57
 93 58
 35 58
 37 58
 35 58
 54 58
 56 58
 92 57
 53 57
 91 57
 35 57
 32 58
 32 58
 88 57
 85 57
 92 57
 92 57
 35 56
 93 56
 86 58
 44 58
 46 57
 49 57
 44 57
 57 57
 43 57
 92 57
 47 56
 35 56
 52 57
 94 57
 38 58
 48 58
 37 57
 39 57
 87 57
 44 57
 88 57
 87 57
 91 55
 33 55
 87 58
 92 58
 89 57
 46 57
 55 56
 87 56
 56 57
 92 57
 91 58
 84 58
 89 57
 39 57
 54 56
 51 56
 91 55
 92 55
 37 58
 84 58
 90 57
 39 57
 84 57
 90 57
 49 57
 91 57
 93 56
 36 56
 32 57
 51 57
 49 58
 93 58
 42 56
 43 56
 40 57
 39 57
 37 57
 34 57
 49 57
 51 57
 54 57
 92 57
 92 56
 38 56
 87 59
 42 59
 47 56
 50 56
 55 57
 44 57
 39 58
 91 58
 45 57
 32 57
 88 57
 85 57
 91 56
 91 56
 38 57
 36 57
 35 55
 89 55
 89 57
 88 57
 55 58
 54 58
 85 57
 93 57
 88 59
 85 59
 88 56
 89 56
 93 57
 92 57
 91 57
 44 57
 54 56
 38 56
 52 57
 91 57
 54 56
 52 56
 93 57
 39 57
 51 57
 85 57
 88 58
 45 58
 91 56
 91 56
 93 57
 36 57
 43 57
 35 57
 94 58
 85 58
 56 55
 47 55
 40 56
 89 56
 36 57
 88 57
 87 57
 91 57
 47 58
 57 58
 86 57
 92 57
 35 56
 64 56
 48 57
 53 57
 90 56
 40 56
 38 56
 90 56
 36 57
 35 57
 87 57
 47 57
 92 58
 92 58
 36 58
 39 58
 89 56
 87 56
 50 58
 88 58
 33 58
 90 58
 37 56
 92 56
 84 56
 54 56
 83 56
 88 56
 46 58
 92 58
 85 58
 35 58
 34 58
 56 58
 85 58
 51 58
 48 56
 92 56
 84 57
 91 57
 87 59
 36 59
 47 55
 84 55
 91 57
 92 57
 39 56
 40 56
 87 58
 34 58
 88 56
 87 56
 92 57
 92 57
 92 56
 92 56
 37 56
 38 56
 89 59
 93 59
 46 58
 52 58
 90 58
 79 58
 87 56
 84 56
 88 57
 87 57
 91 55
 52 55
 88 59
 86 59
 86 55
 84 55
 92 57
 87 57
 38 56
 91 56
 93 57
 91 57
 53 57
 57 57
 93 57
 88 57
 31 56
 90 56
 92 58
 86 58
 34 57
 86 57
 86 58
 50 58
 93 57
 54 57
 36 55
 41 55
 86 57
 49 57
 87 58
 91 58
 56 57
 91 57
 92 57
 93 57
 88 58
 34 58
 42 56
 51 56
 50 56
 46 56
 92 57
 39 57
 46 57
 34 57
 48 55
 87 55
 92 58
 91 58
 91 57
 36 57
 42 56
 87 56
 53 57
 94 57
 92 57
 92 57
 40 58
 40 58
 86 57
 58 57
 53 55
 89 55
 91 58
 89 58
 35 56
 40 56
 56 56
 38 56
 47 57
 84 57
 47 58
 58 58
 85 59
 38 59
 50 58
 32 58
 93 56
 49 56
 50 58
 55 58
 93 57
 40 57
 33 57
 88 57
 89 56
 53 56
 91 58
 92 58
 39 56
 92 56
 44 55
 84 55
 88 58
 88 58
 52 56
 47 56
 92 55
 89 55
 33 57
 54 57
 54 56
 55 56
 59 55
 39 55
 92 57
 93 57
 88 57
 86 57
 52 56
 49 56
 92 58
 44 58
 92 59
 35 59
 85 57
 55 57
 52 58
 51 58
 32 56
 92 56
 87 59
 93 59
 86 56
 33 56
 94 58
 50 58
 54 58
 42 58
 42 57
 40 57
 33 58
 36 58
 85 56
 90 56
 55 58
 92 58
 39 56
 36 56
 85 58
 36 58
 89 57
 46 57
 55 57
 91 57
 83 56
 92 56
 36 57
 38 57
 53 57
 91 57
 91 55
 41 55
 35 58
 45 58
 87 57
 35 57
 87 58
 87 58
 47 58
 54 58
 39 55
 86 55
 39 58
 85 58
 54 55
 88 55
 91 58
 91 58
 91 58
 39 58
 88 58
 32 58
 86 56
 49 56
 48 58
 91 58
 93 57
 36 57
 89 56
 86 56
 53 58
 94 58
 91 58
 37 58
 40 56
 87 56
 84 58
 34 58
 48 58
 94 58
 32 55
 91 55
 39 58
 80 58
 34 58
 88 58
 94 58
 44 58
 45 56
 43 56
 93 57
 90 57
 57 58
 54 58
 49 57
 53 57
 90 58
 92 58
 39 56
 92 56
 36 57
 37 57
 84 57
 41 57
 43 57
 57 57
 91 58
 84 58
 88 55
 35 55
 50 59
 85 59
 50 57
 34 57
 88 57
 83 57
 35 58
 46 58
 93 56
 83 56
 48 56
 92 56
 82 57
 40 57
 35 56
 89 56
 85 58
 91 58
 91 57
 91 57
 92 57
 37 57
 53 58
 85 58
 53 56
 87 56
 32 58
 92 58
 39 58
 36 58
 86 57
 88 57
 89 55
 85 55
 92 58
 35 58
 80 56
 85 56
 49 57
 32 57
 56 57
 47 57
 32 56
 34 56
 87 58
 38 58
 88 57
 32 57
 54 58
 84 58
 41 56
 33 56
 36 57
 40 57
 88 57
 43 57
 49 56
 91 56
 92 57
 46 57
 38 58
 84 58
 86 55
 51 55
 55 58
 53 58
 53 57
 43 57
 39 57
 92 57
 91 59
 84 59
 92 57
 48 57
 40 56
 31 56
 93 58
 85 58
 45 55
 33 55
 88 57
 89 57
 91 57
 91 57
 92 57
 90 57
 32 56
 40 56
 42 56
 49 56
 92 56
 42 56
 91 57
 93 57
 55 57
 41 57
 56 56
 40 56
 32 57
 91 57
 40 57
 38 57
 33 57
 54 57
 53 55
 84 55
 92 57
 41 57
 92 56
 84 56
 60 57
 86 57
 59 58
 91 58
 56 57
 37 57
 93 57
 38 57
 38 57
 84 57
 86 58
 87 58
 48 56
 43 56
 37 56
 38 56
 33 57
 86 57
 90 58
 85 58
 52 56
 42 56
 93 56
 83 56
 58 57
 88 57
 48 57
 50 57
 92 57
 91 57
 38 57
 86 57
 36 56
 34 56
 49 56
 89 56
 92 57
 50 57
 92 57
 92 57
 57 57
 52 57
 94 55
 48 55
 56 57
 49 57
 82 59
 92 59
 55 58
 61 58
 87 57
 90 57
 92 55
 90 55
 92 58
 40 58
 86 55
 36 55
 52 56
 89 56
 91 58
 92 58
 92 58
 92 58
 45 55
 59 55
 48 56
 49 56
 93 57
 90 57
 39 57
 36 57
 33 57
 35 57
 45 57
 47 57
 36 56
 57 56
 39 59
 90 59
 88 57
 87 57
 87 57
 86 57
 92 57
 91 57
 39 56
 38 56
 41 57
 53 57
 91 56
 84 56
 52 58
 92 58
 91 58
 38 58
 38 57
 88 57
 87 57
 84 57
 91 57
 47 57
 93 55
 40 55
 49 58
 85 58
 92 57
 84 57
 48 57
 36 57
 87 58
 91 58
 87 56
 89 56
 55 56
 54 56
 92 56
 91 56
 35 57
 39 57
 89 57
 34 57
 50 58
 90 58
 50 55
 36 55
 93 58
 87 58
 87 59
 41 59
 55 56
 91 56
 89 58
 39 58
 39 58
 89 58
 87 55
 41 55
 51 56
 84 56
 56 59
 92 59
 38 58
 37 58
 59 56
 34 56
 88 57
 91 57
 92 58
 90 58
 38 56
 39 56
 47 58
 88 58
 52 58
 93 58
 92 57
 52 57
 92 57
 85 57
 86 58
 49 58
 89 58
 49 58
 43 55
 38 55
 82 59
 93 59
 85 56
 52 56
 56 57
 84 57
 93 56
 91 56
 40 55
 93 55
 37 58
 37 58
 50 57
 51 57
 55 56
 92 56
 91 60
 39 60
 59 56
 46 56
 55 56
 88 56
 50 57
 91 57
 85 57
 91 57
 89 57
 90 57
 91 58
 84 58
 40 56
 35 56
 90 58
 38 58
 34 55
 33 55
 92 57
 88 57
 33 58
 93 58
 92 56
 37 56
 85 55
 36 55
 49 59
 94 59
 49 58
 32 58
 91 55
 93 55
 33 56
 37 56
 57 57
 53 57
 52 56
 42 56
 40 58
 40 58
 35 56
 85 56
 87 57
 43 57
 53 56
 92 56
 36 57
 41 57
 88 59
 35 59
 90 55
 93 55
 90 55
 53 55
 91 59
 85 59
 36 56
 35 56
 87 59
 45 59
 33 57
 91 57
 92 58
 91 58
 58 56
 35 56
 41 56
 92 56
 47 58
 49 58
 87 56
 36 56
 87 55
 34 55
 48 57
 88 57
 90 58
 92 58
 39 56
 93 56
 86 58
 89 58
 56 57
 94 57
 41 57
 44 57
 82 58
 93 58
 54 56
 36 56
 88 58
 94 58
 92 56
 42 56
 38 57
 38 57
 37 57
 42 57
 53 56
 86 56
 92 56
 92 56
 35 57
 43 57
 87 57
 88 57
 54 58
 93 58
 56 57
 91 57
 92 57
 92 57
 88 57
 88 57
 85 57
 53 57
 91 57
 32 57
 37 57
 88 57
 89 57
 84 57
 93 56
 92 56
 91 57
 91 57
 83 57
 44 57
 41 56
 59 56
 93 58
 94 58
 91 56
 35 56
 93 58
 38 58
 88 57
 86 57
 87 56
 52 56
 55 57
 32 57
 39 58
 37 58
 46 56
 88 56
 87 56
 52 56
 92 57
 44 57
 93 57
 38 57
 37 56
 88 56
 92 57
 86 57
 90 56
 44 56
 37 58
 87 58
 53 56
 90 56
 53 59
 53 59
 48 58
 38 58
 93 57
 40 57
 86 58
 90 58
 51 57
 85 57
 92 57
 51 57
 91 59
 92 59
 44 56
 54 56
 86 59
 88 59
 92 57
 91 57
 37 56
 93 56
 86 58
 56 58
 85 57
 52 57
 91 59
 91 59
 84 56
 38 56
 87 56
 47 56
 51 57
 88 57
 92 58
 32 58
 37 56
 82 56
 48 57
 38 57
 48 57
 54 57
 91 58
 91 58
 42 57
 92 57
 40 57
 40 57
 91 58
 85 58
 33 57
 92 57
 82 57
 89 57
 87 58
 35 58
 47 58
 87 58
 91 55
 42 55
 37 58
 43 58
 47 58
 33 58
 48 58
 84 58
 90 55
 91 55
 92 56
 92 56
 53 56
 40 56
 92 58
 86 58
 92 58
 93 58
 38 57
 38 57
 87 57
 86 57
 54 57
 93 57
 58 58
 91 58
 92 56
 91 56
 48 56
 87 56
 47 57
 48 57
 52 56
 31 56
 91 56
 40 56
 86 57
 89 57
 49 57
 52 57
 32 55
 48 55
 40 58
 88 58
 37 58
 53 58
 49 57
 55 57
 91 56
 52 56
 91 56
 39 56
 86 60
 85 60
 48 54
 92 54
 54 58
 54 58
 91 57
 91 57
 87 57
 36 57
 86 56
 94 56
 36 58
 92 58
 85 56
 39 56
 52 58
 43 58
 54 56
 50 56
 48 57
 32 57
 92 56
 93 56
 87 57
 87 57
 48 55
 51 55
 37 57
 92 57
 85 57
 91 57
 39 57
 89 57
 54 57
 94 57
 92 57
 91 57
 40 56
 41 56
 33 57
 52 57
 91 58
 57 58
 30 56
 92 56
 91 57
 89 57
 88 56
 33 56
 53 58
 90 58
 51 58
 91 58
 38 56
 40 56
 40 57
 85 57
 53 58
 94 58
 92 58
 91 58
 35 56
 91 56
 84 57
 35 57
 92 57
 88 57
 45 57
 39 57
 39 56
 93 56
 58 59
 56 59
 87 57
 54 57
 36 57
 91 57
 81 57
 40 57
 35 56
 33 56
 93 57
 83 57
 92 56
 50 56
 88 57
 93 57
 54 57
 32 57
 87 57
 94 57
 49 56
 39 56
 88 57
 84 57
 36 57
 85 57
 88 56
 48 56
 89 56
 54 56
 91 55
 40 55
 87 57
 55 57
 94 59
 50 59
 37 57
 49 57
 40 57
 92 57
 52 58
 86 58
 58 56
 90 56
 32 57
 92 57
 82 57
 93 57
 37 56
 88 56
 52 56
 47 56
 48 58
 93 58
 38 58
 80 58
 54 57
 85 57
 88 56
 86 56
 45 59
 92 59
 90 56
 91 56
 43 56
 86 56
 54 57
 52 57
 92 57
 43 57
 92 58
 35 58
 33 57
 35 57
 56 57
 88 57
 91 56
 47 56
 89 56
 92 56
 85 56
 55 56
 94 58
 86 58
 34 56
 92 56
 80 57
 85 57
 85 58
 85 58
 51 56
 85 56
 43 56
 91 56
 88 57
 92 57
 53 58
 51 58
 51 57
 47 57
 33 57
 49 57
 89 57
 38 57
 57 58
 61 58
 45 56
 84 56
 92 57
 42 57
 39 57
 90 57
 35 56
 35 56
 94 56
 49 56
 92 57
 32 57
 37 58
 91 58
 34 59
 33 59
 54 55
 92 55
 91 58
 92 58
 92 56
 39 56
 87 57
 48 57
 93 57
 52 57
 31 58
 49 58
 83 56
 90 56
 60 56
 33 56
 53 59
 49 59
 41 57
 34 57
 38 56
 38 56
 88 57
 47 57
 83 57
 92 57
 92 57
 36 57
 38 58
 91 58
 36 55
 48 55
 53 56
 48 56
