 4 3
 4 3
 15 12
 15 12
 50 41
 50 42
 99 95
 99 95
 5 15
 5 14
 18 49
 18 50
 55 98
 55 98
 73 8
 73 7
 58 15
 58 23
 52 87
 52 89
 56 77
 56 83
 59 57
 59 45
 57 32
 57 32
 58 88
 58 87
 56 84
 56 77
 56 36
 56 59
 58 33
 58 39
 58 87
 58 91
 58 53
 58 34
 56 92
 56 43
 57 57
 57 36
 58 46
 58 91
 56 91
 56 54
 56 36
 56 37
 57 40
 57 40
 57 85
 57 44
 56 52
 56 42
 59 48
 59 35
 56 61
 56 51
 56 35
 56 88
 57 54
 57 92
 56 36
 56 85
 58 87
 58 86
 57 91
 57 92
 56 39
 56 45
 58 86
 58 89
 56 86
 56 91
 57 39
 57 84
 57 89
 57 93
 58 43
 58 40
 56 87
 56 33
 57 93
 57 87
 56 91
 56 38
 57 91
 57 51
 55 47
 55 85
 57 47
 57 88
 56 33
 56 87
 58 85
 58 88
 55 87
 55 41
 58 83
 58 91
 57 39
 57 89
 57 92
 57 36
 57 54
 57 38
 56 54
 56 93
 57 92
 57 91
 56 38
 56 82
 58 51
 58 38
 58 93
 58 41
 57 34
 57 93
 58 86
 58 92
 54 37
 54 50
 58 87
 58 89
 57 92
 57 34
 58 93
 58 42
 55 92
 55 58
 57 89
 57 89
 57 93
 57 56
 56 86
 56 87
 58 92
 58 91
 56 89
 56 87
 58 90
 58 48
 57 92
 57 35
 57 87
 57 91
 56 40
 56 51
 57 36
 57 49
 55 89
 55 53
 59 89
 59 88
 57 41
 57 43
 56 42
 56 50
 58 38
 58 39
 57 48
 57 86
 56 54
 56 91
 56 92
 56 35
 59 82
 59 37
 57 36
 57 40
 56 38
 56 88
 58 88
 58 33
 57 86
 57 92
 57 36
 57 89
 59 91
 59 48
 55 35
 55 93
 59 36
 59 92
 56 45
 56 62
 58 51
 58 89
 56 36
 56 38
 56 82
 56 91
 58 38
 58 46
 58 89
 58 46
 57 92
 57 92
 59 46
 59 37
 57 48
 57 36
 55 47
 55 92
 61 91
 61 36
 55 92
 55 36
 58 88
 58 87
 57 89
 57 91
 54 92
 54 34
 59 38
 59 40
 56 88
 56 50
 59 91
 59 49
 57 86
 57 91
 57 38
 57 39
 56 87
 56 41
 58 47
 58 48
 57 92
 57 91
 58 40
 58 39
 57 39
 57 37
 56 88
 56 87
 57 33
 57 92
 58 52
 58 89
 56 87
 56 89
 56 41
 56 47
 58 37
 58 90
 56 38
 56 81
 57 88
 57 38
 55 88
 55 84
 58 92
 58 36
 57 83
 57 92
 58 59
 58 87
 56 86
 56 89
 57 36
 57 86
 58 91
 58 91
 56 91
 56 55
 56 93
 56 52
 57 88
 57 36
 56 46
 56 83
 57 36
 57 86
 57 87
 57 88
 57 46
 57 37
 56 84
 56 92
 57 89
 57 86
 58 93
 58 35
 56 87
 56 89
 56 56
 56 36
 55 44
 55 93
 59 92
 59 40
 57 33
 57 36
 57 37
 57 84
 56 88
 56 45
 58 84
 58 39
 56 89
 56 42
 57 93
 57 93
 56 91
 56 38
 56 42
 56 92
 58 38
 58 47
 58 38
 58 92
 58 37
 58 55
 58 87
 58 47
 57 50
 57 91
 57 84
 57 52
 58 39
 58 88
 56 89
 56 85
 58 33
 58 88
 57 84
 57 85
 57 88
 57 92
 57 40
 57 91
 58 88
 58 87
 57 92
 57 50
 57 55
 57 55
 57 93
 57 93
 58 49
 58 37
 55 38
 55 35
 57 33
 57 41
 58 92
 58 39
 55 92
 55 52
 59 91
 59 40
 56 49
 56 90
 56 39
 56 93
 58 34
 58 37
 57 56
 57 54
 56 52
 56 44
 56 89
 56 36
 57 36
 57 47
 58 89
 58 45
 57 46
 57 88
 57 39
 57 87
 55 91
 55 38
 58 40
 58 92
 58 35
 58 89
 58 88
 58 39
 56 46
 56 91
 58 84
 58 52
 58 39
 58 35
 56 88
 56 36
 57 47
 57 87
 55 92
 55 41
 60 92
 60 92
 56 93
 56 47
 56 37
 56 53
 57 86
 57 47
 58 46
 58 91
 57 92
 57 54
 57 32
 57 42
 57 37
 57 55
 58 88
 58 50
 56 36
 56 92
 57 55
 57 91
 56 50
 56 92
 56 91
 56 90
 56 85
 56 40
 58 39
 58 89
 57 86
 57 93
 56 48
 56 36
 58 89
 58 47
 58 48
 58 36
 56 83
 56 39
 58 88
 58 91
 58 93
 58 93
 57 54
 57 33
 56 43
 56 92
 57 91
 57 44
 57 91
 57 39
 57 92
 57 88
 58 53
 58 93
 58 36
 58 49
 57 88
 57 38
 55 36
 55 36
 56 36
 56 45
 56 89
 56 54
 59 42
 59 86
 56 37
 56 38
 55 88
 55 52
 59 38
 59 32
 56 91
 56 91
 56 37
 56 91
 58 85
 58 90
 57 86
 57 88
 58 44
 58 89
 56 89
 56 92
 57 40
 57 42
 58 43
 58 38
 56 51
 56 50
 55 89
 55 34
 58 37
 58 89
 57 33
 57 38
 56 86
 56 90
 56 54
 56 93
 58 89
 58 84
 57 88
 57 35
 57 37
 57 46
 56 34
 56 56
 58 44
 58 92
 58 86
 58 52
 57 49
 57 84
 57 36
 57 51
 58 85
 58 92
 57 52
 57 92
 56 90
 56 92
 57 89
 57 45
 58 52
 58 90
 56 45
 56 91
 57 92
 57 36
 59 88
 59 37
 58 87
 58 93
 58 92
 58 54
 56 83
 56 47
 56 46
 56 91
 56 93
 56 50
 57 90
 57 87
 56 38
 56 92
 57 86
 57 92
 56 38
 56 89
 58 35
 58 87
 56 49
 56 45
 57 89
 57 87
 59 92
 59 91
 56 91
 56 89
 57 92
 57 93
 57 90
 57 89
 57 86
 57 91
 56 35
 56 41
 56 91
 56 90
 58 49
 58 35
 57 90
 57 92
 57 85
 57 57
 57 51
 57 38
 57 34
 57 91
 57 90
 57 84
 57 88
 57 51
 56 39
 56 47
 57 92
 57 46
 57 41
 57 88
 58 36
 58 92
 55 91
 55 93
 59 92
 59 92
 59 92
 59 49
 55 88
 55 84
 58 86
 58 88
 55 54
 55 92
 58 83
 58 35
 56 86
 56 35
 58 92
 58 94
 56 50
 56 39
 57 47
 57 92
 58 36
 58 49
 58 90
 58 40
 57 33
 57 40
 56 84
 56 91
 58 91
 58 88
 56 44
 56 92
 57 50
 57 41
 57 93
 57 85
 56 44
 56 92
 56 38
 56 90
 58 37
 58 91
 56 36
 56 45
 58 55
 58 88
 56 39
 56 50
 56 37
 56 85
 56 88
 56 85
 58 50
 58 59
 57 52
 57 91
 57 46
 57 87
 56 39
 56 93
 57 91
 57 36
 56 48
 56 93
 57 86
 57 35
 57 38
 57 92
 55 88
 55 55
 57 91
 57 89
 57 34
 57 45
 58 93
 58 91
 57 90
 57 34
 57 89
 57 43
 56 48
 56 34
 57 87
 57 92
 57 49
 57 92
 58 89
 58 91
 57 34
 57 35
 57 88
 57 92
 56 36
 56 55
 57 39
 57 92
 56 38
 56 39
 57 91
 57 94
 58 93
 58 89
 58 46
 58 53
 58 90
 58 47
 55 40
 55 86
 57 40
 57 47
 58 48
 58 86
 58 53
 58 92
 56 85
 56 92
 58 89
 58 87
 57 43
 57 50
 58 92
 58 47
 57 91
 57 38
 57 33
 57 55
 58 40
 58 92
 56 86
 56 48
 58 40
 58 91
 57 91
 57 50
 57 92
 57 93
 59 59
 59 91
 56 90
 56 88
 58 87
 58 46
 56 47
 56 88
 57 93
 57 87
 59 85
 59 92
 55 92
 55 89
 56 84
 56 90
 58 87
 58 86
 57 53
 57 91
 58 35
 58 91
 57 47
 57 87
 56 34
 56 34
 58 52
 58 40
 59 36
 59 92
 55 93
 55 91
 56 34
 56 87
 58 50
 58 46
 57 91
 57 88
 56 36
 56 87
 56 92
 56 88
 57 40
 57 40
 57 90
 57 53
 58 86
 58 91
 58 42
 58 87
 58 92
 58 91
 57 47
 57 46
 57 87
 57 36
 58 92
 58 87
 57 44
 57 50
 57 34
 57 45
 56 92
 56 36
 58 56
 58 37
 57 93
 57 91
 57 35
 57 91
 57 83
 57 92
 56 89
 56 33
 57 87
 57 48
 58 87
 58 92
 57 93
 57 89
 57 87
 57 89
 57 93
 57 91
 55 92
 55 92
 58 47
 58 93
 57 54
 57 51
 56 92
 56 47
 57 49
 57 91
 58 91
 58 86
 57 51
 57 51
 56 87
 56 46
 55 46
 55 49
 58 93
 58 87
 57 51
 57 51
 57 93
 57 38
 57 93
 57 91
 56 37
 56 35
 57 92
 57 40
 58 86
 58 90
 56 91
 56 92
 57 92
 57 39
 57 91
 57 50
 57 51
 57 48
 57 86
 57 35
 56 92
 56 48
 59 38
 59 37
 56 92
 56 36
 57 51
 57 89
 58 39
 58 92
 57 49
 57 87
 57 49
 57 49
 56 36
 56 45
 57 90
 57 37
 55 91
 55 36
 57 36
 57 52
 58 39
 58 50
 57 92
 57 83
 59 42
 59 57
 56 85
 56 48
 57 50
 57 90
 57 42
 57 40
 56 54
 56 87
 57 48
 57 44
 56 42
 56 35
 57 87
 57 92
 57 88
 57 92
 58 91
 58 86
 56 87
 56 90
 57 92
 57 93
 57 91
 57 91
 58 50
 58 92
 55 52
 55 84
 56 93
 56 39
 57 91
 57 52
 57 48
 57 51
 58 58
 58 38
 57 84
 57 42
 56 37
 56 56
 57 41
 57 90
 56 47
 56 46
 56 40
 56 84
 57 89
 57 52
 57 93
 57 49
 58 91
 58 32
 58 35
 58 50
 56 57
 56 92
 58 36
 58 88
 58 88
 58 38
 56 49
 56 37
 56 91
 56 93
 56 40
 56 50
 58 88
 58 92
 58 87
 58 40
 58 91
 58 37
 58 87
 58 46
 56 91
 56 87
 57 91
 57 89
 59 37
 59 92
 55 37
 55 92
 57 86
 57 91
 56 83
 56 87
 58 92
 58 92
 56 90
 56 46
 57 41
 57 49
 56 92
 56 87
 56 93
 56 46
 59 36
 59 46
 58 50
 58 88
 58 86
 58 83
 56 45
 56 91
 57 91
 57 93
 55 32
 55 39
 59 87
 59 42
 55 41
 55 56
 57 91
 57 39
 56 37
 56 34
 57 92
 57 38
 57 48
 57 54
 57 48
 57 49
 56 91
 56 52
 58 35
 58 48
 57 35
 57 37
 58 86
 58 47
 57 87
 57 35
 55 87
 55 87
 57 91
 57 47
 58 51
 58 40
 57 37
 57 35
 57 92
 57 93
 58 47
 58 88
 56 91
 56 35
 56 53
 56 91
 57 90
 57 92
 57 47
 57 52
 55 51
 55 93
 58 91
 58 39
 57 93
 57 86
 56 35
 56 57
 57 92
 57 37
 57 58
 57 89
 58 85
 58 53
 57 49
 57 86
 55 90
 55 48
 58 92
 58 35
 56 47
 56 92
 56 50
 56 36
 57 36
 57 86
 58 37
 58 88
 59 48
 59 48
 58 35
 58 91
 56 39
 56 45
 58 92
 58 46
 57 44
 57 39
 57 47
 57 44
 56 93
 56 86
 58 42
 58 89
 56 55
 56 42
 55 41
 55 32
 58 91
 58 37
 56 85
 56 89
 55 88
 55 86
 57 92
 57 35
 56 50
 56 86
 55 37
 55 46
 57 89
 57 47
 57 48
 57 32
 56 51
 56 37
 58 37
 58 87
 59 37
 59 88
 57 92
 57 51
 58 44
 58 90
 56 45
 56 34
 59 91
 59 86
 56 88
 56 50
 58 86
 58 37
 58 37
 58 54
 57 40
 57 48
 58 41
 58 39
 56 92
 56 88
 58 37
 58 37
 56 48
 56 90
 58 47
 58 90
 57 92
 57 88
 57 54
 57 49
 56 41
 56 91
 57 33
 57 45
 57 48
 57 93
 55 34
 55 47
 58 91
 58 92
 57 93
 57 39
 58 91
 58 46
 58 34
 58 56
 55 93
 55 88
 58 92
 58 90
 55 39
 55 34
 58 37
 58 49
 58 49
 58 87
 58 50
 58 90
 56 40
 56 83
 58 88
 58 37
 57 90
 57 92
 56 90
 56 48
 58 92
 58 45
 58 41
 58 57
 56 87
 56 90
 58 91
 58 40
 58 42
 58 39
 55 55
 55 86
 58 92
 58 93
 58 40
 58 51
 58 92
 58 43
 56 56
 56 56
 57 47
 57 86
 58 44
 58 36
 57 42
 57 39
 58 86
 58 53
 56 92
 56 87
 57 89
 57 37
 57 45
 57 37
 57 48
 57 39
 58 49
 58 56
 55 88
 55 91
 59 39
 59 92
 57 86
 57 41
 57 84
 57 93
 58 38
 58 32
 56 92
 56 87
 56 49
 56 51
 57 52
 57 49
 56 50
 56 38
 58 83
 58 84
 57 85
 57 46
 57 89
 57 48
 58 45
 58 43
 56 93
 56 92
 58 91
 58 90
 58 88
 58 89
 57 42
 57 42
 55 36
 55 41
 58 87
 58 36
 56 93
 56 93
 57 53
 57 34
 57 38
 57 87
 56 89
 56 34
 58 86
 58 88
 57 92
 57 86
 58 92
 58 88
 56 86
 56 91
 57 39
 57 93
 57 92
 57 53
 56 93
 56 84
 57 46
 57 35
 58 86
 58 48
 55 35
 55 89
 58 38
 58 46
 57 60
 57 37
 57 37
 57 91
 59 38
 59 92
 57 84
 57 83
 56 49
 56 55
 58 93
 58 36
 55 89
 55 85
 57 92
 57 36
 57 91
 57 91
 57 91
 57 91
 56 88
 56 48
 56 39
 56 46
 56 57
 56 52
 57 50
 57 41
 57 91
 57 34
 56 49
 56 90
 57 91
 57 41
 57 50
 57 91
 57 37
 57 35
 55 91
 55 83
 57 51
 57 39
 56 91
 56 86
 57 39
 57 36
 58 87
 58 50
 57 91
 57 51
 57 86
 57 52
 57 44
 57 34
 58 92
 58 90
 56 35
 56 91
 56 36
 56 38
 57 38
 57 91
 58 92
 58 50
 56 93
 56 87
 56 92
 56 82
 57 38
 57 85
 57 88
 57 39
 57 36
 57 87
 57 90
 57 90
 56 36
 56 87
 56 93
 56 37
 57 35
 57 50
 57 91
 57 92
 57 49
 57 53
 55 93
 55 38
 57 87
 57 35
 59 92
 59 89
 58 88
 58 43
 57 89
 57 87
 55 40
 55 91
 58 34
 58 91
 55 86
 55 91
 56 85
 56 54
 58 39
 58 44
 58 88
 58 44
 55 37
 55 42
 56 93
 56 42
 57 90
 57 50
 57 53
 57 90
 57 86
 57 56
 57 93
 57 47
 56 37
 56 86
 59 91
 59 82
 57 89
 57 88
 57 48
 57 88
 57 92
 57 36
 56 87
 56 89
 57 37
 57 34
 56 88
 56 43
 58 91
 58 86
 58 49
 58 38
 57 59
 57 89
 57 40
 57 93
 57 91
 57 36
 55 48
 55 41
 58 91
 58 91
 57 93
 57 39
 57 92
 57 34
 58 42
 58 40
 56 88
 56 34
 56 46
 56 41
 56 52
 56 33
 57 91
 57 83
 57 91
 57 86
 58 50
 58 46
 55 54
 55 37
 58 92
 58 47
 59 57
 59 87
 56 43
 56 91
 58 92
 58 37
 58 52
 58 92
 55 91
 55 87
 56 47
 56 44
 59 46
 59 50
 58 91
 58 89
 56 36
 56 87
 57 88
 57 36
 58 33
 58 87
 56 89
 56 51
 58 92
 58 53
 58 92
 58 37
 57 38
 57 45
 57 88
 57 85
 58 88
 58 61
 58 41
 58 93
 55 91
 55 51
 59 50
 59 36
 56 87
 56 91
 57 92
 57 94
 56 91
 56 51
 55 90
 55 92
 58 86
 58 90
 57 85
 57 88
 56 37
 56 87
 60 38
 60 83
 56 43
 56 92
 56 51
 56 89
 57 91
 57 34
 57 44
 57 35
 57 34
 57 88
 58 93
 58 45
 56 53
 56 47
 58 92
 58 49
 55 43
 55 41
 57 45
 57 37
 58 92
 58 57
 56 90
 56 35
 55 86
 55 38
 59 51
 59 91
 58 36
 58 53
 55 55
 55 88
 56 48
 56 86
 57 92
 57 89
 56 91
 56 87
 58 93
 58 36
 56 89
 56 92
 57 88
 57 43
 56 83
 56 91
 57 43
 57 88
 59 88
 59 49
 55 90
 55 42
 55 37
 55 92
 59 82
 59 88
 56 87
 56 55
 59 53
 59 91
 57 39
 57 90
 58 45
 58 92
 56 49
 56 86
 56 91
 56 86
 58 90
 58 86
 56 83
 56 45
 55 35
 55 85
 57 91
 57 51
 58 90
 58 91
 56 88
 56 90
 58 88
 58 36
 57 91
 57 36
 57 56
 57 36
 58 86
 58 40
 56 91
 56 36
 58 92
 58 91
 56 91
 56 91
 57 87
 57 93
 57 35
 57 55
 56 36
 56 91
 56 55
 56 86
 57 44
 57 43
 57 36
 57 89
 58 92
 58 88
 57 85
 57 91
 57 38
 57 35
 57 38
 57 86
 57 93
 57 38
 57 34
 57 36
 57 87
 57 36
 57 89
 57 85
 56 89
 56 93
 57 89
 57 87
 57 83
 57 84
 56 34
 56 92
 58 87
 58 89
 56 41
 56 92
 58 92
 58 93
 57 84
 57 86
 56 84
 56 86
 57 88
 57 37
 58 36
 58 89
 56 87
 56 88
 56 92
 56 87
 57 92
 57 92
 57 43
 57 37
 56 87
 56 43
 57 39
 57 92
 56 88
 56 36
 58 44
 58 87
 56 35
 56 49
 59 86
 59 89
 58 86
 58 92
 57 35
 57 93
 58 50
 58 35
 57 50
 57 53
 57 85
 57 35
 59 84
 59 92
 56 56
 56 92
 59 45
 59 87
 57 88
 57 34
 56 83
 56 92
 58 53
 58 91
 57 43
 57 38
 59 39
 59 39
 56 87
 56 46
 56 36
 56 34
 57 92
 57 41
 58 49
 58 90
 56 92
 56 42
 57 89
 57 92
 57 37
 57 40
 58 40
 58 92
 57 35
 57 92
 57 51
 57 48
 58 92
 58 92
 57 91
 57 85
 57 48
 57 85
 58 92
 58 46
 58 46
 58 87
 55 91
 55 91
 58 51
 58 48
 58 43
 58 34
 58 92
 58 91
 55 38
 55 88
 56 85
 56 90
 56 34
 56 93
 58 90
 58 92
 58 41
 58 92
 57 39
 57 49
 57 41
 57 35
 57 91
 57 39
 58 46
 58 86
 56 84
 56 87
 56 87
 56 46
 57 92
 57 90
 56 36
 56 92
 56 92
 56 92
 57 35
 57 89
 57 93
 57 89
 55 43
 55 88
 58 85
 58 90
 58 90
 58 92
 57 45
 57 47
 56 41
 56 91
 56 92
 56 42
 60 90
 60 54
 54 43
 54 85
 58 33
 58 55
 57 35
 57 92
 57 93
 57 42
 56 48
 56 55
 58 52
 58 86
 56 49
 56 41
 58 34
 58 61
 56 87
 56 51
 57 38
 57 91
 56 86
 56 91
 57 87
 57 88
 55 47
 55 50
 57 49
 57 33
 57 84
 57 92
 57 85
 57 35
 57 50
 57 40
 57 50
 57 36
 56 88
 56 39
 57 90
 57 51
 58 87
 58 91
 56 45
 56 49
 57 91
 57 92
 56 89
 56 92
 58 84
 58 35
 58 51
 58 45
 56 90
 56 85
 57 47
 57 92
 58 52
 58 47
 58 92
 58 52
 56 85
 56 42
 57 87
 57 37
 57 44
 57 51
 57 44
 57 92
 56 40
 56 90
 59 88
 59 87
 57 85
 57 91
 57 89
 57 52
 57 52
 57 91
 56 87
 56 86
 57 51
 57 86
 56 91
 56 44
 57 93
 57 88
 57 39
 57 37
 57 93
 57 37
 56 91
 56 47
 57 92
 57 90
 57 91
 57 56
 56 87
 56 45
 56 43
 56 35
 55 83
 55 86
 57 87
 57 89
 59 49
 59 51
 57 36
 57 92
 57 88
 57 36
 58 36
 58 58
 56 54
 56 90
 57 44
 57 33
 57 90
 57 38
 56 56
 56 33
 56 89
 56 90
 58 36
 58 39
 58 82
 58 93
 57 39
 57 86
 56 35
 56 50
 59 86
 59 42
 56 81
 56 83
 56 39
 56 88
 57 50
 57 51
 57 92
 57 37
 58 91
 58 39
 57 89
 57 88
 57 90
 57 92
 56 53
 56 42
 56 88
 56 87
 56 52
 56 50
 58 93
 58 88
 56 42
 56 42
 57 86
 57 41
 58 37
 58 48
 56 43
 56 44
 56 42
 56 85
 57 43
 57 39
 58 85
 58 44
 57 92
 57 44
 57 40
 57 42
 57 89
 57 53
 58 91
 58 35
 56 86
 56 91
 57 49
 57 49
 57 43
 57 89
 56 91
 56 38
 56 92
 56 44
 57 87
 57 40
 58 86
 58 89
 59 44
 59 44
 55 92
 55 46
 58 92
 58 88
 56 93
 56 91
 57 87
 57 57
 57 88
 57 93
 58 91
 58 91
 56 47
 56 39
 56 37
 56 54
 59 39
 59 89
 57 54
 57 50
 56 93
 56 88
 57 88
 57 90
 57 92
 57 37
 57 39
 57 85
 58 55
 58 87
 55 56
 55 34
 56 50
 56 54
