 4 3
 4 3
 15 13
 15 13
 50 44
 50 44
 99 98
 99 97
 5 8
 5 11
 18 42
 18 29
 55 94
 55 88
 73 19
 73 38
 58 72
 58 84
 52 44
 52 79
 56 74
 56 89
 59 95
 59 41
 57 67
 57 55
 58 28
 58 89
 56 84
 56 93
 56 47
 56 80
 58 62
 58 94
 58 93
 58 93
 58 91
 58 83
 56 54
 56 31
 57 88
 57 67
 58 89
 58 89
 56 94
 56 50
 56 68
 56 93
 57 89
 57 92
 57 58
 57 94
 56 46
 56 81
 59 83
 59 34
 56 63
 56 56
 56 51
 56 81
 57 52
 57 61
 56 89
 56 95
 58 60
 58 63
 57 93
 57 84
 56 91
 56 34
 58 34
 58 51
 56 93
 56 83
 57 90
 57 35
 57 43
 57 91
 58 67
 58 93
 56 41
 56 90
 57 84
 57 89
 56 81
 56 36
 57 73
 57 88
 55 50
 55 92
 57 81
 57 55
 56 87
 56 84
 58 59
 58 84
 55 61
 55 33
 58 84
 58 81
 57 94
 57 92
 57 91
 57 48
 57 75
 57 59
 56 88
 56 81
 57 33
 57 94
 56 82
 56 32
 58 83
 58 27
 58 40
 58 94
 57 91
 57 59
 58 47
 58 92
 54 93
 54 38
 58 31
 58 87
 57 52
 57 69
 58 42
 58 44
 55 43
 55 69
 57 67
 57 38
 57 59
 57 64
 56 31
 56 32
 58 30
 58 82
 56 36
 56 88
 58 81
 58 30
 57 58
 57 88
 57 92
 57 36
 56 42
 56 87
 57 90
 57 84
 55 34
 55 32
 59 38
 59 33
 57 95
 57 78
 56 31
 56 86
 58 88
 58 84
 57 94
 57 86
 56 36
 56 57
 56 82
 56 91
 59 60
 59 36
 57 45
 57 42
 56 90
 56 33
 58 51
 58 29
 57 42
 57 93
 57 89
 57 84
 59 44
 59 94
 55 93
 55 78
 59 57
 59 63
 56 93
 56 84
 58 37
 58 52
 56 61
 56 69
 56 93
 56 33
 58 34
 58 76
 58 91
 58 92
 57 77
 57 84
 59 32
 59 47
 57 93
 57 72
 55 82
 55 90
 61 30
 61 93
 55 70
 55 67
 58 88
 58 88
 57 67
 57 66
 54 64
 54 27
 59 38
 59 43
 56 84
 56 94
 59 69
 59 37
 57 92
 57 52
 57 79
 57 32
 56 92
 56 85
 58 65
 58 62
 57 88
 57 28
 58 33
 58 26
 57 33
 57 55
 56 43
 56 63
 57 27
 57 57
 58 83
 58 88
 56 76
 56 66
 56 80
 56 31
 58 45
 58 87
 56 54
 56 93
 57 46
 57 80
 55 78
 55 83
 58 81
 58 87
 57 89
 57 33
 58 55
 58 94
 56 68
 56 85
 57 78
 57 29
 58 58
 58 86
 56 86
 56 66
 56 81
 56 30
 57 89
 57 92
 56 86
 56 29
 57 84
 57 63
 57 92
 57 89
 57 92
 57 51
 56 86
 56 81
 57 95
 57 28
 58 94
 58 91
 56 30
 56 93
 56 93
 56 78
 55 33
 55 86
 59 28
 59 93
 57 38
 57 46
 57 73
 57 93
 56 84
 56 90
 58 90
 58 52
 56 29
 56 62
 57 34
 57 91
 56 28
 56 51
 56 29
 56 60
 58 53
 58 44
 58 50
 58 41
 58 92
 58 93
 58 33
 58 80
 57 31
 57 82
 57 84
 57 79
 58 29
 58 52
 56 82
 56 90
 58 94
 58 95
 57 49
 57 94
 57 40
 57 38
 57 70
 57 90
 58 36
 58 32
 57 36
 57 59
 57 93
 57 36
 57 84
 57 89
 58 88
 58 82
 55 50
 55 44
 57 51
 57 83
 58 93
 58 81
 55 35
 55 80
 59 76
 59 91
 56 92
 56 56
 56 90
 56 31
 58 92
 58 51
 57 32
 57 84
 56 41
 56 85
 56 85
 56 44
 57 87
 57 31
 58 70
 58 30
 57 90
 57 83
 57 40
 57 57
 55 90
 55 82
 58 93
 58 92
 58 33
 58 94
 58 81
 58 43
 56 80
 56 94
 58 87
 58 70
 58 83
 58 33
 56 28
 56 73
 57 87
 57 30
 55 91
 55 87
 60 37
 60 30
 56 37
 56 85
 56 72
 56 60
 57 57
 57 35
 58 92
 58 91
 57 46
 57 78
 57 46
 57 47
 57 91
 57 92
 58 63
 58 91
 56 86
 56 94
 57 83
 57 36
 56 69
 56 89
 56 89
 56 40
 56 32
 56 56
 58 86
 58 84
 57 82
 57 53
 56 83
 56 91
 58 91
 58 53
 58 39
 58 57
 56 33
 56 32
 58 95
 58 32
 58 88
 58 82
 57 93
 57 94
 56 93
 56 91
 57 94
 57 94
 57 93
 57 50
 57 83
 57 37
 58 91
 58 36
 58 61
 58 93
 57 60
 57 91
 55 32
 55 94
 56 54
 56 61
 56 78
 56 93
 59 36
 59 94
 56 95
 56 81
 55 45
 55 94
 59 80
 59 93
 56 33
 56 88
 56 69
 56 94
 58 93
 58 85
 57 33
 57 51
 58 86
 58 84
 56 93
 56 88
 57 80
 57 35
 58 58
 58 55
 56 40
 56 91
 55 57
 55 94
 58 91
 58 49
 57 94
 57 86
 56 93
 56 29
 56 91
 56 83
 58 78
 58 28
 57 91
 57 93
 57 55
 57 37
 56 36
 56 41
 58 82
 58 51
 58 62
 58 48
 57 60
 57 93
 57 86
 57 93
 58 27
 58 94
 57 65
 57 81
 56 91
 56 79
 57 81
 57 31
 58 81
 58 85
 56 94
 56 61
 57 87
 57 41
 59 86
 59 51
 58 83
 58 64
 58 34
 58 86
 56 50
 56 32
 56 77
 56 69
 56 93
 56 91
 57 87
 57 32
 56 50
 56 79
 57 86
 57 94
 56 82
 56 31
 58 62
 58 52
 56 32
 56 31
 57 94
 57 88
 59 49
 59 47
 56 35
 56 90
 57 92
 57 61
 57 37
 57 89
 57 47
 57 52
 56 80
 56 27
 56 37
 56 75
 58 31
 58 91
 57 86
 57 77
 57 33
 57 37
 57 48
 57 91
 57 68
 57 33
 57 88
 57 67
 57 49
 57 52
 56 91
 56 94
 57 27
 57 52
 57 67
 57 87
 58 92
 58 88
 55 86
 55 87
 59 34
 59 42
 59 76
 59 69
 55 91
 55 76
 58 45
 58 93
 55 28
 55 31
 58 75
 58 93
 56 38
 56 64
 58 80
 58 94
 56 32
 56 29
 57 83
 57 82
 58 32
 58 40
 58 77
 58 87
 57 29
 57 92
 56 32
 56 81
 58 86
 58 86
 56 40
 56 93
 57 72
 57 77
 57 94
 57 94
 56 54
 56 92
 56 94
 56 93
 58 43
 58 94
 56 91
 56 85
 58 40
 58 34
 56 37
 56 93
 56 31
 56 80
 56 85
 56 48
 58 51
 58 37
 57 82
 57 82
 57 94
 57 84
 56 92
 56 73
 57 82
 57 30
 56 93
 56 32
 57 49
 57 83
 57 81
 57 66
 55 81
 55 34
 57 49
 57 41
 57 32
 57 83
 58 44
 58 78
 57 92
 57 54
 57 83
 57 94
 56 58
 56 88
 57 57
 57 94
 57 85
 57 91
 58 82
 58 88
 57 55
 57 32
 57 30
 57 84
 56 90
 56 80
 57 82
 57 80
 56 33
 56 93
 57 88
 57 46
 58 87
 58 86
 58 61
 58 91
 58 30
 58 83
 55 67
 55 44
 57 55
 57 94
 58 34
 58 91
 58 94
 58 40
 56 81
 56 29
 58 94
 58 80
 57 45
 57 93
 58 92
 58 94
 57 59
 57 88
 57 82
 57 31
 58 68
 58 55
 56 86
 56 63
 58 59
 58 37
 57 53
 57 71
 57 28
 57 37
 59 34
 59 88
 56 87
 56 87
 58 82
 58 33
 56 83
 56 34
 57 83
 57 90
 59 93
 59 87
 55 88
 55 94
 56 41
 56 56
 58 68
 58 61
 57 93
 57 49
 58 78
 58 92
 57 82
 57 91
 56 83
 56 28
 58 78
 58 82
 59 92
 59 87
 55 33
 55 86
 56 95
 56 31
 58 84
 58 74
 57 62
 57 95
 56 83
 56 87
 56 78
 56 64
 57 67
 57 56
 57 80
 57 41
 58 44
 58 59
 58 79
 58 50
 58 33
 58 43
 57 30
 57 52
 57 93
 57 31
 58 84
 58 33
 57 58
 57 45
 57 50
 57 81
 56 31
 56 94
 58 75
 58 84
 57 80
 57 74
 57 77
 57 60
 57 38
 57 64
 56 94
 56 94
 57 33
 57 54
 58 35
 58 31
 57 78
 57 40
 57 94
 57 92
 57 88
 57 59
 55 53
 55 90
 58 67
 58 61
 57 31
 57 84
 56 55
 56 30
 57 57
 57 46
 58 28
 58 88
 57 69
 57 30
 56 32
 56 90
 55 79
 55 31
 58 81
 58 81
 57 95
 57 83
 57 94
 57 46
 57 47
 57 94
 56 63
 56 70
 57 89
 57 53
 58 62
 58 41
 56 86
 56 90
 57 30
 57 91
 57 71
 57 33
 57 93
 57 94
 57 92
 57 94
 56 31
 56 35
 59 85
 59 73
 56 42
 56 78
 57 78
 57 92
 58 79
 58 83
 57 57
 57 91
 57 94
 57 89
 56 54
 56 30
 57 93
 57 91
 55 67
 55 82
 57 77
 57 37
 58 84
 58 33
 57 55
 57 76
 59 81
 59 33
 56 41
 56 38
 57 39
 57 70
 57 85
 57 32
 56 60
 56 37
 57 92
 57 93
 56 33
 56 84
 57 93
 57 91
 57 91
 57 80
 58 77
 58 68
 56 31
 56 89
 57 94
 57 30
 57 93
 57 93
 58 85
 58 88
 55 80
 55 37
 56 57
 56 29
 57 41
 57 88
 57 57
 57 95
 58 57
 58 91
 57 42
 57 88
 56 30
 56 82
 57 91
 57 84
 56 55
 56 86
 56 71
 56 28
 57 56
 57 94
 57 83
 57 40
 58 55
 58 62
 58 81
 58 67
 56 93
 56 67
 58 27
 58 81
 58 90
 58 78
 56 59
 56 89
 56 67
 56 65
 56 87
 56 93
 58 88
 58 45
 58 84
 58 37
 58 53
 58 36
 58 28
 58 26
 56 93
 56 45
 57 91
 57 63
 59 27
 59 48
 55 45
 55 62
 57 86
 57 30
 56 38
 56 79
 58 56
 58 79
 56 32
 56 84
 57 35
 57 89
 56 83
 56 86
 56 44
 56 64
 59 61
 59 38
 58 87
 58 53
 58 82
 58 79
 56 88
 56 93
 57 78
 57 84
 55 89
 55 82
 59 93
 59 94
 55 94
 55 29
 57 83
 57 83
 56 71
 56 85
 57 58
 57 61
 57 54
 57 29
 57 40
 57 90
 56 92
 56 65
 58 89
 58 37
 57 83
 57 63
 58 43
 58 93
 57 38
 57 41
 55 69
 55 84
 57 55
 57 89
 58 91
 58 34
 57 46
 57 64
 57 76
 57 91
 58 84
 58 94
 56 83
 56 50
 56 76
 56 41
 57 41
 57 44
 57 81
 57 95
 55 70
 55 93
 58 94
 58 56
 57 28
 57 93
 56 94
 56 91
 57 90
 57 91
 57 88
 57 92
 58 45
 58 84
 57 45
 57 94
 55 52
 55 87
 58 94
 58 87
 56 94
 56 90
 56 36
 56 56
 57 90
 57 91
 58 92
 58 67
 59 62
 59 35
 58 37
 58 86
 56 73
 56 87
 58 64
 58 36
 57 79
 57 93
 57 40
 57 40
 56 86
 56 93
 58 50
 58 90
 56 59
 56 87
 55 31
 55 85
 58 45
 58 89
 56 35
 56 92
 55 55
 55 59
 57 83
 57 82
 56 91
 56 90
 55 63
 55 36
 57 91
 57 33
 57 95
 57 59
 56 85
 56 63
 58 92
 58 50
 59 80
 59 77
 57 88
 57 84
 58 44
 58 56
 56 44
 56 35
 59 94
 59 56
 56 58
 56 78
 58 37
 58 42
 58 54
 58 76
 57 94
 57 31
 58 79
 58 39
 56 73
 56 92
 58 37
 58 38
 56 66
 56 87
 58 86
 58 91
 57 90
 57 42
 57 85
 57 94
 56 61
 56 67
 57 85
 57 93
 57 89
 57 37
 55 32
 55 89
 58 74
 58 68
 57 33
 57 43
 58 58
 58 93
 58 92
 58 93
 55 90
 55 94
 58 89
 58 33
 55 85
 55 53
 58 30
 58 57
 58 95
 58 49
 58 81
 58 55
 56 34
 56 56
 58 92
 58 54
 57 55
 57 93
 56 29
 56 82
 58 83
 58 87
 58 61
 58 56
 56 86
 56 60
 58 87
 58 91
 58 38
 58 93
 55 43
 55 46
 58 38
 58 86
 58 90
 58 45
 58 45
 58 41
 56 55
 56 85
 57 32
 57 68
 58 63
 58 28
 57 46
 57 81
 58 86
 58 28
 56 66
 56 93
 57 92
 57 84
 57 94
 57 82
 57 93
 57 87
 58 93
 58 53
 55 93
 55 84
 59 42
 59 76
 57 62
 57 28
 57 37
 57 26
 58 80
 58 37
 56 32
 56 93
 56 93
 56 82
 57 91
 57 89
 56 45
 56 87
 58 82
 58 93
 57 91
 57 91
 57 33
 57 68
 58 57
 58 35
 56 69
 56 81
 58 88
 58 44
 58 58
 58 92
 57 91
 57 47
 55 33
 55 37
 58 91
 58 41
 56 60
 56 91
 57 33
 57 66
 57 88
 57 54
 56 31
 56 54
 58 87
 58 89
 57 58
 57 55
 58 86
 58 50
 56 37
 56 40
 57 28
 57 94
 57 93
 57 86
 56 85
 56 93
 57 93
 57 73
 58 90
 58 59
 55 86
 55 64
 58 92
 58 93
 57 35
 57 45
 57 56
 57 90
 59 52
 59 87
 57 83
 57 58
 56 82
 56 93
 58 67
 58 81
 55 92
 55 80
 57 88
 57 79
 57 94
 57 54
 57 87
 57 39
 56 91
 56 37
 56 51
 56 90
 56 37
 56 38
 57 56
 57 89
 57 50
 57 60
 56 84
 56 83
 57 90
 57 33
 57 57
 57 57
 57 92
 57 86
 55 26
 55 54
 57 82
 57 90
 56 53
 56 84
 57 94
 57 85
 58 70
 58 40
 57 61
 57 40
 57 49
 57 32
 57 88
 57 94
 58 92
 58 89
 56 45
 56 91
 56 93
 56 82
 57 57
 57 85
 58 41
 58 34
 56 81
 56 31
 56 43
 56 76
 57 33
 57 93
 57 48
 57 94
 57 88
 57 39
 57 60
 57 93
 56 87
 56 89
 56 47
 56 95
 57 49
 57 78
 57 89
 57 80
 57 85
 57 82
 55 89
 55 34
 57 93
 57 94
 59 92
 59 65
 58 81
 58 75
 57 71
 57 87
 55 53
 55 32
 58 94
 58 85
 55 32
 55 43
 56 91
 56 94
 58 57
 58 49
 58 42
 58 72
 55 77
 55 64
 56 89
 56 59
 57 93
 57 76
 57 94
 57 36
 57 30
 57 92
 57 91
 57 57
 56 35
 56 53
 59 76
 59 92
 57 69
 57 89
 57 89
 57 83
 57 28
 57 93
 56 83
 56 40
 57 93
 57 80
 56 60
 56 68
 58 46
 58 32
 58 35
 58 32
 57 32
 57 92
 57 51
 57 58
 57 31
 57 94
 55 44
 55 29
 58 76
 58 42
 57 31
 57 34
 57 44
 57 93
 58 29
 58 39
 56 52
 56 87
 56 51
 56 70
 56 79
 56 31
 57 30
 57 94
 57 40
 57 55
 58 57
 58 90
 55 38
 55 80
 58 34
 58 80
 59 82
 59 30
 56 81
 56 63
 58 93
 58 46
 58 27
 58 93
 55 94
 55 93
 56 85
 56 33
 59 34
 59 46
 58 56
 58 75
 56 84
 56 31
 57 42
 57 60
 58 81
 58 63
 56 91
 56 29
 58 84
 58 90
 58 80
 58 49
 57 87
 57 81
 57 76
 57 85
 58 34
 58 94
 58 79
 58 33
 55 90
 55 94
 59 48
 59 90
 56 94
 56 38
 57 36
 57 48
 56 85
 56 80
 55 61
 55 90
 58 91
 58 28
 57 93
 57 86
 56 91
 56 33
 60 48
 60 40
 56 93
 56 89
 56 84
 56 58
 57 36
 57 88
 57 84
 57 90
 57 29
 57 33
 58 37
 58 57
 56 76
 56 94
 58 82
 58 39
 55 29
 55 90
 57 34
 57 87
 58 90
 58 36
 56 82
 56 65
 55 82
 55 35
 59 69
 59 92
 58 39
 58 80
 55 94
 55 56
 56 49
 56 40
 57 32
 57 90
 56 42
 56 60
 58 35
 58 53
 56 92
 56 67
 57 89
 57 78
 56 93
 56 80
 57 53
 57 94
 59 40
 59 80
 55 88
 55 45
 55 49
 55 80
 59 85
 59 57
 56 92
 56 93
 59 91
 59 45
 57 95
 57 82
 58 92
 58 67
 56 76
 56 84
 56 92
 56 39
 58 75
 58 29
 56 94
 56 60
 55 86
 55 46
 57 67
 57 42
 58 90
 58 69
 56 32
 56 91
 58 57
 58 86
 57 95
 57 88
 57 66
 57 32
 58 93
 58 31
 56 30
 56 65
 58 84
 58 35
 56 34
 56 94
 57 82
 57 35
 57 31
 57 59
 56 44
 56 68
 56 54
 56 84
 57 77
 57 39
 57 58
 57 43
 58 27
 58 80
 57 82
 57 94
 57 94
 57 54
 57 94
 57 33
 57 31
 57 44
 57 29
 57 28
 57 80
 57 84
 57 36
 57 36
 56 94
 56 85
 57 88
 57 81
 57 81
 57 63
 56 51
 56 70
 58 54
 58 33
 56 39
 56 65
 58 94
 58 30
 57 61
 57 91
 56 88
 56 83
 57 86
 57 55
 58 89
 58 28
 56 44
 56 87
 56 80
 56 30
 57 92
 57 86
 57 92
 57 84
 56 93
 56 34
 57 68
 57 38
 56 59
 56 81
 58 89
 58 81
 56 93
 56 29
 59 83
 59 91
 58 89
 58 53
 57 93
 57 89
 58 35
 58 32
 57 84
 57 44
 57 87
 57 32
 59 69
 59 84
 56 29
 56 87
 59 37
 59 30
 57 51
 57 87
 56 60
 56 35
 58 76
 58 83
 57 33
 57 94
 59 85
 59 87
 56 61
 56 87
 56 34
 56 88
 57 43
 57 80
 58 88
 58 40
 56 28
 56 80
 57 91
 57 90
 57 93
 57 27
 58 35
 58 58
 57 91
 57 57
 57 28
 57 59
 58 54
 58 68
 57 32
 57 77
 57 84
 57 95
 58 31
 58 31
 58 94
 58 84
 55 62
 55 86
 58 80
 58 41
 58 94
 58 87
 58 88
 58 94
 55 62
 55 88
 56 84
 56 48
 56 88
 56 82
 58 59
 58 57
 58 94
 58 31
 57 88
 57 84
 57 78
 57 84
 57 32
 57 31
 58 50
 58 83
 56 88
 56 85
 56 83
 56 37
 57 59
 57 74
 56 85
 56 38
 56 82
 56 91
 57 84
 57 77
 57 89
 57 87
 55 34
 55 94
 58 85
 58 31
 58 93
 58 47
 57 85
 57 77
 56 63
 56 44
 56 32
 56 93
 60 35
 60 67
 54 41
 54 32
 58 38
 58 46
 57 92
 57 81
 57 85
 57 75
 56 32
 56 67
 58 91
 58 50
 56 91
 56 40
 58 37
 58 93
 56 54
 56 39
 57 85
 57 93
 56 41
 56 54
 57 48
 57 92
 55 83
 55 70
 57 37
 57 41
 57 90
 57 34
 57 89
 57 39
 57 92
 57 30
 57 43
 57 32
 56 57
 56 94
 57 61
 57 37
 58 94
 58 92
 56 92
 56 75
 57 38
 57 89
 56 93
 56 93
 58 39
 58 35
 58 92
 58 73
 56 28
 56 86
 57 32
 57 84
 58 65
 58 35
 58 89
 58 93
 56 87
 56 94
 57 86
 57 80
 57 30
 57 91
 57 78
 57 75
 56 48
 56 40
 59 35
 59 43
 57 85
 57 89
 57 84
 57 64
 57 65
 57 42
 56 83
 56 59
 57 86
 57 31
 56 90
 56 39
 57 94
 57 83
 57 92
 57 61
 57 84
 57 85
 56 94
 56 84
 57 94
 57 34
 57 28
 57 31
 56 93
 56 89
 56 83
 56 91
 55 86
 55 49
 57 31
 57 84
 59 72
 59 55
 57 72
 57 54
 57 43
 57 31
 58 34
 58 33
 56 91
 56 93
 57 66
 57 51
 57 48
 57 93
 56 34
 56 92
 56 64
 56 37
 58 88
 58 74
 58 79
 58 26
 57 68
 57 84
 56 31
 56 58
 59 37
 59 61
 56 94
 56 47
 56 68
 56 86
 57 85
 57 92
 57 30
 57 93
 58 35
 58 65
 57 43
 57 90
 57 90
 57 93
 56 49
 56 92
 56 32
 56 83
 56 90
 56 36
 58 54
 58 89
 56 95
 56 66
 57 59
 57 90
 58 29
 58 92
 56 85
 56 82
 56 59
 56 68
 57 87
 57 33
 58 32
 58 92
 57 71
 57 92
 57 45
 57 56
 57 69
 57 40
 58 56
 58 83
 56 51
 56 93
 57 81
 57 79
 57 86
 57 31
 56 89
 56 80
 56 29
 56 64
 57 41
 57 68
 58 80
 58 48
 59 84
 59 82
 55 28
 55 95
 58 31
 58 45
 56 30
 56 64
 57 67
 57 80
 57 59
 57 88
 58 88
 58 39
 56 61
 56 91
 56 80
 56 59
 59 91
 59 93
 57 29
 57 95
 56 94
 56 54
 57 93
 57 41
 57 92
 57 67
 57 38
 57 85
 58 61
 58 64
 55 65
 55 86
 56 37
 56 92
