 3 4
 3 4
 13 15
 13 15
 45 50
 43 50
 98 99
 97 99
 8 5
 11 5
 39 18
 44 18
 85 55
 86 55
 26 73
 28 73
 48 58
 58 58
 82 52
 88 52
 79 56
 93 56
 79 59
 86 59
 30 57
 77 57
 79 58
 40 58
 30 56
 29 56
 68 56
 41 56
 60 58
 86 58
 94 58
 63 58
 72 58
 90 58
 82 56
 94 56
 80 57
 30 57
 81 58
 62 58
 28 56
 55 56
 53 56
 94 56
 36 57
 94 57
 57 57
 34 57
 92 56
 54 56
 92 59
 94 59
 91 56
 77 56
 87 56
 30 56
 91 57
 43 57
 90 56
 38 56
 85 58
 33 58
 49 57
 73 57
 49 56
 92 56
 61 58
 88 58
 94 56
 62 56
 34 57
 94 57
 82 57
 79 57
 79 58
 92 58
 28 56
 61 56
 88 57
 86 57
 66 56
 93 56
 91 57
 94 57
 70 55
 77 55
 80 57
 94 57
 55 56
 89 56
 49 58
 38 58
 60 55
 63 55
 71 58
 93 58
 84 57
 59 57
 37 57
 51 57
 58 57
 89 57
 61 56
 92 56
 48 57
 37 57
 33 56
 93 56
 26 58
 67 58
 48 58
 31 58
 93 57
 40 57
 93 58
 84 58
 82 54
 89 54
 76 58
 35 58
 88 57
 87 57
 58 58
 76 58
 36 55
 95 55
 35 57
 60 57
 94 57
 79 57
 77 56
 88 56
 33 58
 79 58
 57 56
 92 56
 85 58
 45 58
 50 57
 78 57
 80 57
 37 57
 55 56
 33 56
 88 57
 92 57
 57 55
 91 55
 94 59
 55 59
 82 57
 90 57
 50 56
 80 56
 31 58
 69 58
 51 57
 84 57
 80 56
 57 56
 38 56
 62 56
 53 59
 92 59
 76 57
 89 57
 39 56
 85 56
 87 58
 35 58
 81 57
 92 57
 84 57
 93 57
 34 59
 94 59
 86 55
 34 55
 94 59
 62 59
 32 56
 88 56
 83 58
 67 58
 81 56
 89 56
 87 56
 32 56
 61 58
 33 58
 52 58
 70 58
 71 57
 86 57
 62 59
 80 59
 63 57
 89 57
 64 55
 48 55
 94 61
 34 61
 85 55
 60 55
 29 58
 92 58
 35 57
 33 57
 89 54
 91 54
 79 59
 79 59
 92 56
 90 56
 48 59
 29 59
 62 57
 44 57
 75 57
 91 57
 90 56
 79 56
 94 58
 82 58
 94 57
 94 57
 52 58
 81 58
 61 57
 28 57
 85 56
 79 56
 88 57
 87 57
 91 58
 35 58
 64 56
 94 56
 93 56
 86 56
 91 58
 31 58
 31 56
 50 56
 40 57
 79 57
 86 55
 51 55
 59 58
 35 58
 82 57
 51 57
 88 58
 70 58
 32 56
 33 56
 29 57
 86 57
 83 58
 80 58
 84 56
 33 56
 45 56
 30 56
 53 57
 41 57
 32 56
 92 56
 91 57
 52 57
 33 57
 80 57
 31 57
 35 57
 40 56
 81 56
 43 57
 39 57
 52 58
 57 58
 94 56
 29 56
 35 56
 42 56
 93 55
 86 55
 48 59
 81 59
 86 57
 86 57
 81 57
 77 57
 87 56
 81 56
 77 58
 85 58
 93 56
 59 56
 89 57
 83 57
 36 56
 64 56
 94 56
 48 56
 81 58
 71 58
 93 58
 66 58
 54 58
 93 58
 80 58
 37 58
 92 57
 39 57
 35 57
 55 57
 38 58
 93 58
 39 56
 56 56
 88 58
 35 58
 40 57
 31 57
 33 57
 83 57
 86 57
 41 57
 90 58
 89 58
 36 57
 88 57
 85 57
 91 57
 64 57
 90 57
 65 58
 93 58
 81 55
 44 55
 81 57
 62 57
 89 58
 34 58
 55 55
 91 55
 92 59
 93 59
 91 56
 92 56
 41 56
 94 56
 89 58
 38 58
 30 57
 87 57
 83 56
 68 56
 80 56
 92 56
 59 57
 42 57
 87 58
 85 58
 35 57
 76 57
 92 57
 91 57
 52 55
 83 55
 87 58
 86 58
 91 58
 94 58
 50 58
 94 58
 46 56
 58 56
 28 58
 58 58
 58 58
 92 58
 65 56
 41 56
 32 57
 79 57
 88 55
 78 55
 38 60
 87 60
 59 56
 69 56
 86 56
 94 56
 91 57
 95 57
 27 58
 31 58
 42 57
 83 57
 91 57
 89 57
 34 57
 86 57
 37 58
 44 58
 75 56
 32 56
 93 57
 85 57
 53 56
 44 56
 83 56
 93 56
 93 56
 52 56
 27 58
 44 58
 77 57
 59 57
 64 56
 62 56
 69 58
 85 58
 29 58
 63 58
 77 56
 37 56
 94 58
 81 58
 60 58
 94 58
 91 57
 87 57
 31 56
 84 56
 94 57
 63 57
 32 57
 93 57
 76 57
 47 57
 93 58
 31 58
 80 58
 94 58
 52 57
 83 57
 76 55
 80 55
 83 56
 52 56
 92 56
 82 56
 79 59
 70 59
 49 56
 36 56
 81 55
 92 55
 89 59
 93 59
 94 56
 93 56
 79 56
 91 56
 87 58
 85 58
 61 57
 33 57
 30 58
 93 58
 29 56
 38 56
 46 57
 59 57
 29 58
 55 58
 93 56
 90 56
 83 55
 65 55
 89 58
 93 58
 85 57
 93 57
 38 56
 88 56
 52 56
 92 56
 92 58
 84 58
 82 57
 55 57
 92 57
 91 57
 91 56
 86 56
 38 58
 59 58
 93 58
 92 58
 43 57
 51 57
 94 57
 51 57
 84 58
 69 58
 68 57
 82 57
 33 56
 86 56
 42 57
 64 57
 37 58
 92 58
 31 56
 83 56
 27 57
 92 57
 34 59
 82 59
 42 58
 30 58
 45 58
 56 58
 94 56
 30 56
 83 56
 49 56
 85 56
 28 56
 85 57
 89 57
 93 56
 92 56
 33 57
 39 57
 41 56
 94 56
 56 58
 79 58
 63 56
 94 56
 43 57
 80 57
 90 59
 40 59
 38 56
 93 56
 85 57
 94 57
 90 57
 90 57
 63 57
 41 57
 37 56
 29 56
 92 56
 30 56
 92 58
 57 58
 41 57
 44 57
 91 57
 51 57
 62 57
 35 57
 89 57
 93 57
 34 57
 92 57
 83 57
 56 57
 55 56
 91 56
 93 57
 85 57
 36 57
 93 57
 87 58
 45 58
 90 55
 38 55
 32 59
 44 59
 94 59
 91 59
 92 55
 84 55
 34 58
 42 58
 82 55
 76 55
 83 58
 44 58
 88 56
 43 56
 65 58
 78 58
 86 56
 62 56
 80 57
 55 57
 63 58
 68 58
 94 58
 91 58
 92 57
 43 57
 54 56
 33 56
 82 58
 90 58
 76 56
 88 56
 78 57
 91 57
 30 57
 33 57
 79 56
 94 56
 90 56
 47 56
 92 58
 38 58
 83 56
 62 56
 82 58
 84 58
 89 56
 46 56
 75 56
 37 56
 76 56
 93 56
 29 58
 41 58
 83 57
 44 57
 92 57
 88 57
 40 56
 90 56
 90 57
 80 57
 93 56
 35 56
 93 57
 62 57
 87 57
 48 57
 69 55
 60 55
 80 57
 83 57
 49 57
 31 57
 86 58
 51 58
 44 57
 51 57
 30 57
 81 57
 82 56
 50 56
 94 57
 46 57
 45 57
 84 57
 36 58
 94 58
 94 57
 69 57
 58 57
 93 57
 80 56
 93 56
 91 57
 81 57
 94 56
 56 56
 87 57
 42 57
 89 58
 36 58
 62 58
 94 58
 92 58
 53 58
 47 55
 57 55
 87 57
 86 57
 91 58
 54 58
 40 58
 83 58
 85 56
 90 56
 26 58
 66 58
 86 57
 28 57
 85 58
 78 58
 38 57
 49 57
 80 57
 66 57
 88 58
 30 58
 46 56
 93 56
 88 58
 89 58
 27 57
 92 57
 70 57
 91 57
 80 59
 94 59
 87 56
 54 56
 78 58
 89 58
 87 56
 60 56
 79 57
 95 57
 90 59
 56 59
 92 55
 29 55
 87 56
 90 56
 91 58
 92 58
 75 57
 94 57
 65 58
 37 58
 43 57
 38 57
 88 56
 93 56
 67 58
 38 58
 91 59
 92 59
 32 55
 90 55
 94 56
 93 56
 90 58
 78 58
 90 57
 36 57
 90 56
 50 56
 93 56
 42 56
 78 57
 87 57
 81 57
 85 57
 34 58
 76 58
 90 58
 64 58
 93 58
 90 58
 32 57
 93 57
 48 57
 80 57
 91 58
 90 58
 34 57
 32 57
 87 57
 35 57
 51 56
 51 56
 36 58
 89 58
 89 57
 85 57
 82 57
 89 57
 90 57
 33 57
 80 56
 34 56
 63 57
 95 57
 80 58
 70 58
 90 57
 40 57
 53 57
 54 57
 94 57
 83 57
 27 55
 38 55
 86 58
 66 58
 46 57
 94 57
 57 56
 41 56
 88 57
 80 57
 81 58
 70 58
 56 57
 78 57
 35 56
 27 56
 90 55
 60 55
 77 58
 57 58
 41 57
 83 57
 93 57
 89 57
 36 57
 86 57
 93 56
 94 56
 32 57
 69 57
 59 58
 67 58
 94 56
 43 56
 37 57
 86 57
 34 57
 49 57
 87 57
 92 57
 91 57
 43 57
 85 56
 57 56
 86 59
 52 59
 45 56
 66 56
 86 57
 93 57
 32 58
 39 58
 92 57
 48 57
 89 57
 52 57
 53 56
 57 56
 94 57
 90 57
 63 55
 90 55
 32 57
 39 57
 44 58
 88 58
 90 57
 71 57
 56 59
 64 59
 76 56
 94 56
 76 57
 56 57
 94 57
 68 57
 94 56
 41 56
 95 57
 30 57
 86 56
 41 56
 46 57
 61 57
 81 57
 29 57
 81 58
 27 58
 45 56
 90 56
 28 57
 83 57
 85 57
 52 57
 32 58
 63 58
 30 55
 70 55
 51 56
 94 56
 39 57
 36 57
 88 57
 29 57
 59 58
 77 58
 64 57
 94 57
 66 56
 94 56
 88 57
 33 57
 80 56
 44 56
 31 56
 46 56
 57 57
 31 57
 81 57
 84 57
 57 58
 90 58
 93 58
 93 58
 31 56
 78 56
 94 58
 33 58
 43 58
 47 58
 76 56
 36 56
 94 56
 36 56
 34 56
 30 56
 82 58
 86 58
 89 58
 68 58
 65 58
 59 58
 85 58
 51 58
 30 56
 31 56
 94 57
 89 57
 70 59
 85 59
 55 55
 70 55
 82 57
 90 57
 83 56
 78 56
 61 58
 93 58
 93 56
 91 56
 79 57
 64 57
 84 56
 59 56
 80 56
 68 56
 56 59
 89 59
 27 58
 34 58
 34 58
 93 58
 67 56
 57 56
 48 57
 84 57
 34 55
 89 55
 93 59
 95 59
 40 55
 92 55
 52 57
 90 57
 59 56
 88 56
 94 57
 38 57
 92 57
 88 57
 94 57
 27 57
 89 56
 87 56
 84 58
 51 58
 90 57
 79 57
 50 58
 88 58
 85 57
 93 57
 90 55
 94 55
 85 57
 94 57
 84 58
 92 58
 94 57
 89 57
 81 57
 94 57
 58 58
 85 58
 29 56
 86 56
 42 56
 42 56
 42 57
 44 57
 40 57
 93 57
 83 55
 88 55
 46 58
 78 58
 86 57
 29 57
 89 56
 88 56
 32 57
 92 57
 34 57
 90 57
 28 58
 79 58
 30 57
 52 57
 32 55
 81 55
 93 58
 44 58
 92 56
 83 56
 91 56
 94 56
 94 57
 52 57
 93 58
 31 58
 39 59
 91 59
 77 58
 30 58
 81 56
 88 56
 32 58
 46 58
 80 57
 35 57
 93 57
 62 57
 78 56
 84 56
 67 58
 76 58
 30 56
 89 56
 94 55
 94 55
 31 58
 89 58
 92 56
 92 56
 89 55
 94 55
 91 57
 94 57
 32 56
 90 56
 27 55
 86 55
 82 57
 55 57
 28 57
 49 57
 91 56
 86 56
 93 58
 92 58
 56 59
 71 59
 53 57
 94 57
 92 58
 86 58
 80 56
 27 56
 91 59
 89 59
 81 56
 87 56
 81 58
 94 58
 43 58
 42 58
 34 57
 44 57
 36 58
 93 58
 79 56
 57 56
 35 58
 93 58
 87 56
 41 56
 94 58
 32 58
 80 57
 32 57
 94 57
 94 57
 78 56
 47 56
 36 57
 36 57
 35 57
 48 57
 92 55
 49 55
 93 58
 53 58
 46 57
 33 57
 93 58
 60 58
 74 58
 78 58
 92 55
 47 55
 88 58
 31 58
 88 55
 58 55
 92 58
 90 58
 37 58
 34 58
 67 58
 93 58
 88 56
 52 56
 94 58
 32 58
 34 57
 87 57
 31 56
 31 56
 79 58
 77 58
 52 58
 91 58
 31 56
 90 56
 31 58
 89 58
 61 58
 46 58
 92 55
 92 55
 94 58
 30 58
 89 58
 93 58
 93 58
 31 58
 83 56
 80 56
 90 57
 92 57
 53 58
 62 58
 92 57
 93 57
 33 58
 46 58
 64 56
 81 56
 44 57
 68 57
 33 57
 92 57
 32 57
 46 57
 90 58
 94 58
 35 55
 44 55
 82 59
 60 59
 93 57
 56 57
 81 57
 40 57
 36 58
 52 58
 40 56
 63 56
 43 56
 83 56
 38 57
 34 57
 59 56
 62 56
 70 58
 77 58
 89 57
 43 57
 53 57
 92 57
 61 58
 90 58
 57 56
 85 56
 55 58
 90 58
 55 58
 41 58
 46 57
 87 57
 86 55
 88 55
 33 58
 82 58
 48 56
 36 56
 90 57
 90 57
 93 57
 30 57
 85 56
 48 56
 59 58
 47 58
 47 57
 33 57
 55 58
 27 58
 87 56
 88 56
 87 57
 45 57
 91 57
 28 57
 85 56
 93 56
 29 57
 80 57
 85 58
 91 58
 90 55
 48 55
 48 58
 58 58
 47 57
 88 57
 68 57
 33 57
 50 59
 75 59
 29 57
 31 57
 84 56
 94 56
 46 58
 93 58
 37 55
 56 55
 47 57
 86 57
 29 57
 64 57
 81 57
 94 57
 63 56
 90 56
 50 56
 89 56
 31 56
 94 56
 68 57
 37 57
 30 57
 38 57
 95 56
 29 56
 30 57
 48 57
 34 57
 92 57
 80 57
 92 57
 83 55
 56 55
 88 57
 55 57
 92 56
 36 56
 94 57
 76 57
 87 58
 89 58
 78 57
 93 57
 33 57
 44 57
 87 57
 81 57
 31 58
 81 58
 86 56
 30 56
 83 56
 40 56
 94 57
 48 57
 84 58
 92 58
 91 56
 93 56
 83 56
 85 56
 92 57
 91 57
 77 57
 90 57
 33 57
 61 57
 87 57
 84 57
 87 56
 32 56
 40 56
 87 56
 85 57
 65 57
 56 57
 93 57
 42 57
 55 57
 26 55
 36 55
 79 57
 87 57
 94 59
 30 59
 33 58
 32 58
 81 57
 89 57
 64 55
 89 55
 91 58
 66 58
 58 55
 34 55
 63 56
 93 56
 94 58
 89 58
 62 58
 27 58
 91 55
 57 55
 93 56
 51 56
 40 57
 32 57
 27 57
 90 57
 86 57
 88 57
 83 57
 91 57
 43 56
 82 56
 66 59
 93 59
 52 57
 39 57
 31 57
 34 57
 86 57
 31 57
 56 56
 94 56
 93 57
 94 57
 31 56
 93 56
 49 58
 80 58
 76 58
 44 58
 89 57
 91 57
 89 57
 26 57
 30 57
 71 57
 67 55
 59 55
 29 58
 88 58
 89 57
 85 57
 34 57
 93 57
 49 58
 92 58
 82 56
 92 56
 90 56
 59 56
 29 56
 28 56
 81 57
 93 57
 83 57
 85 57
 95 58
 70 58
 46 55
 51 55
 90 58
 94 58
 84 59
 90 59
 31 56
 86 56
 30 58
 67 58
 86 58
 82 58
 52 55
 93 55
 46 56
 54 56
 42 59
 94 59
 93 58
 44 58
 55 56
 93 56
 34 57
 29 57
 95 58
 33 58
 47 56
 57 56
 93 58
 92 58
 83 58
 94 58
 31 57
 31 57
 41 57
 82 57
 91 58
 62 58
 93 58
 70 58
 92 55
 54 55
 88 59
 31 59
 67 56
 54 56
 89 57
 29 57
 85 56
 86 56
 32 55
 86 55
 63 58
 93 58
 55 57
 93 57
 90 56
 54 56
 84 60
 78 60
 40 56
 34 56
 37 56
 94 56
 37 57
 37 57
 79 57
 76 57
 84 57
 47 57
 89 58
 42 58
 63 56
 35 56
 87 58
 35 58
 77 55
 47 55
 86 57
 91 57
 91 58
 45 58
 34 56
 57 56
 91 55
 38 55
 36 59
 50 59
 73 58
 48 58
 80 55
 94 55
 94 56
 81 56
 42 57
 41 57
 35 56
 50 56
 58 58
 42 58
 84 56
 30 56
 59 57
 94 57
 93 56
 35 56
 38 57
 64 57
 93 59
 90 59
 52 55
 71 55
 91 55
 61 55
 90 59
 41 59
 65 56
 32 56
 37 59
 30 59
 86 57
 91 57
 92 58
 59 58
 93 56
 94 56
 93 56
 47 56
 93 58
 80 58
 82 56
 77 56
 83 55
 94 55
 82 57
 83 57
 41 58
 69 58
 91 56
 94 56
 82 58
 80 58
 48 57
 48 57
 29 57
 91 57
 68 58
 28 58
 91 56
 81 56
 35 58
 30 58
 42 56
 57 56
 88 57
 39 57
 46 57
 42 57
 33 56
 85 56
 48 56
 76 56
 94 57
 38 57
 67 57
 57 57
 29 58
 76 58
 48 57
 84 57
 80 57
 62 57
 64 57
 90 57
 87 57
 32 57
 93 57
 28 57
 54 57
 35 57
 93 57
 48 57
 43 56
 82 56
 30 57
 94 57
 81 57
 53 57
 92 56
 37 56
 26 58
 45 58
 90 56
 61 56
 38 58
 89 58
 44 57
 56 57
 95 56
 31 56
 88 57
 42 57
 79 58
 59 58
 93 56
 91 56
 56 56
 35 56
 37 57
 92 57
 94 57
 94 57
 68 56
 93 56
 63 57
 92 57
 89 56
 84 56
 50 58
 48 58
 36 56
 36 56
 94 59
 27 59
 31 58
 63 58
 84 57
 94 57
 60 58
 85 58
 31 57
 46 57
 43 57
 93 57
 70 59
 83 59
 43 56
 42 56
 43 59
 75 59
 44 57
 94 57
 95 56
 87 56
 93 58
 86 58
 79 57
 52 57
 90 59
 94 59
 91 56
 85 56
 84 56
 83 56
 94 57
 39 57
 93 58
 43 58
 52 56
 51 56
 31 57
 90 57
 60 57
 76 57
 27 58
 42 58
 91 57
 89 57
 94 57
 94 57
 88 58
 74 58
 78 57
 80 57
 29 57
 92 57
 34 58
 82 58
 57 58
 89 58
 93 55
 89 55
 94 58
 88 58
 84 58
 93 58
 94 58
 93 58
 84 55
 80 55
 90 56
 33 56
 66 56
 91 56
 32 58
 29 58
 92 58
 32 58
 44 57
 91 57
 28 57
 44 57
 30 57
 80 57
 42 58
 68 58
 64 56
 40 56
 91 56
 76 56
 93 57
 59 57
 34 56
 53 56
 87 56
 94 56
 94 57
 89 57
 84 57
 37 57
 85 55
 40 55
 51 58
 47 58
 44 58
 95 58
 60 57
 62 57
 75 56
 92 56
 41 56
 91 56
 69 60
 92 60
 83 54
 83 54
 92 58
 27 58
 56 57
 42 57
 92 57
 91 57
 77 56
 34 56
 87 58
 51 58
 61 56
 92 56
 43 58
 70 58
 79 56
 91 56
 78 57
 76 57
 81 56
 69 56
 35 57
 93 57
 37 55
 70 55
 31 57
 31 57
 91 57
 40 57
 94 57
 93 57
 82 57
 85 57
 75 57
 60 57
 55 56
 93 56
 29 57
 30 57
 76 58
 38 58
 81 56
 94 56
 89 57
 55 57
 94 56
 29 56
 60 58
 93 58
 91 58
 68 58
 89 56
 85 56
 94 57
 79 57
 84 58
 50 58
 30 58
 32 58
 83 56
 89 56
 27 57
 81 57
 93 57
 85 57
 91 57
 86 57
 85 56
 93 56
 88 59
 88 59
 80 57
 85 57
 35 57
 48 57
 40 57
 40 57
 80 56
 56 56
 33 57
 79 57
 86 56
 93 56
 82 57
 90 57
 58 57
 54 57
 65 57
 84 57
 89 56
 82 56
 29 57
 47 57
 58 57
 56 57
 35 56
 93 56
 71 56
 89 56
 28 55
 83 55
 43 57
 59 57
 42 59
 50 59
 29 57
 30 57
 33 57
 44 57
 93 58
 91 58
 61 56
 92 56
 93 57
 43 57
 89 57
 29 57
 81 56
 80 56
 55 56
 86 56
 28 58
 42 58
 34 58
 94 58
 80 57
 64 57
 93 56
 91 56
 94 59
 28 59
 43 56
 80 56
 40 56
 32 56
 56 57
 70 57
 46 57
 28 57
 27 58
 94 58
 94 57
 37 57
 43 57
 87 57
 80 56
 45 56
 85 56
 73 56
 40 56
 93 56
 84 58
 62 58
 93 56
 91 56
 94 57
 91 57
 84 58
 61 58
 85 56
 46 56
 57 56
 91 56
 34 57
 88 57
 94 58
 82 58
 30 57
 56 57
 32 57
 60 57
 77 57
 88 57
 31 58
 34 58
 93 56
 54 56
 58 57
 79 57
 77 57
 75 57
 71 56
 54 56
 64 56
 29 56
 51 57
 88 57
 44 58
 94 58
 65 59
 92 59
 27 55
 32 55
 92 58
 82 58
 56 56
 92 56
 59 57
 48 57
 37 57
 78 57
 85 58
 60 58
 81 56
 92 56
 41 56
 34 56
 34 59
 49 59
 92 57
 65 57
 90 56
 84 56
 81 57
 39 57
 91 57
 29 57
 60 57
 77 57
 49 58
 86 58
 42 55
 91 55
 92 56
 38 56
