 1 4
 1 4
 5 15
 5 15
 17 50
 17 50
 56 99
 56 99
 97 5
 97 5
 11 18
 11 18
 39 55
 39 55
 94 73
 94 73
 23 58
 23 58
 69 52
 69 52
 85 56
 85 56
 50 59
 50 59
 99 57
 98 57
 5 58
 5 58
 19 56
 19 56
 59 56
 60 56
 95 58
 95 58
 19 58
 18 58
 58 58
 58 58
 96 56
 96 56
 16 57
 16 57
 52 58
 52 58
 99 56
 99 56
 5 56
 6 56
 21 57
 21 57
 65 57
 65 57
 90 56
 90 56
 36 59
 36 59
 92 56
 91 56
 31 56
 31 56
 85 57
 85 57
 51 56
 51 56
 99 58
 99 58
 5 57
 5 57
 19 56
 19 56
 61 58
 61 58
 94 56
 94 56
 22 57
 22 57
 67 57
 67 57
 87 58
 87 58
 45 56
 45 56
 98 57
 98 57
 9 56
 9 56
 32 57
 32 57
 87 55
 87 55
 45 57
 45 57
 98 56
 98 56
 8 58
 8 58
 30 55
 30 55
 83 58
 83 58
 56 57
 56 57
 97 57
 97 57
 11 57
 10 57
 37 56
 37 56
 92 57
 92 57
 30 56
 30 56
 83 58
 83 58
 56 58
 56 58
 97 57
 97 57
 10 58
 10 58
 36 54
 37 54
 92 58
 91 58
 31 57
 31 57
 84 58
 84 58
 53 55
 53 55
 98 57
 98 57
 5 57
 6 57
 21 56
 22 56
 68 58
 68 58
 87 56
 87 56
 45 58
 45 58
 98 57
 98 57
 8 57
 9 57
 31 56
 30 56
 84 57
 84 57
 54 55
 54 55
 98 59
 98 59
 8 57
 8 57
 28 56
 28 56
 80 58
 79 58
 65 57
 65 57
 90 56
 91 56
 34 56
 34 56
 89 59
 88 59
 39 57
 40 57
 94 56
 95 56
 21 58
 21 58
 65 57
 65 57
 90 57
 90 57
 34 59
 34 59
 89 55
 89 55
 39 59
 39 59
 94 56
 94 56
 23 58
 23 58
 70 56
 70 56
 83 56
 83 56
 55 58
 55 58
 98 58
 98 58
 10 57
 9 57
 34 59
 35 59
 89 57
 89 57
 39 55
 39 55
 94 61
 94 61
 23 55
 23 55
 70 58
 70 58
 83 57
 83 57
 55 54
 55 54
 98 59
 98 59
 9 56
 9 56
 31 59
 31 59
 85 57
 86 57
 49 57
 50 57
 99 56
 99 56
 5 58
 5 58
 19 57
 19 57
 60 58
 60 58
 95 57
 95 57
 19 56
 19 56
 61 57
 61 57
 94 58
 95 58
 21 56
 21 56
 67 56
 67 56
 88 58
 88 58
 41 56
 42 56
 96 57
 96 57
 16 55
 15 55
 51 58
 52 58
 98 57
 98 57
 5 58
 5 58
 19 56
 20 56
 62 57
 62 57
 93 58
 93 58
 25 56
 25 56
 74 56
 75 56
 76 57
 75 57
 73 56
 73 56
 78 57
 77 57
 69 57
 69 57
 85 57
 85 57
 51 56
 51 56
 99 57
 99 57
 5 58
 5 58
 19 56
 19 56
 60 56
 60 56
 94 55
 95 55
 21 59
 21 59
 64 57
 64 57
 91 57
 92 57
 32 56
 32 56
 86 58
 86 58
 48 56
 48 56
 98 57
 99 57
 6 56
 5 56
 21 56
 21 56
 65 58
 65 58
 90 58
 90 58
 36 58
 36 58
 91 58
 91 58
 34 57
 34 57
 88 57
 88 57
 41 58
 42 58
 96 56
 96 56
 16 58
 16 58
 53 57
 53 57
 98 57
 98 57
 6 57
 6 57
 23 58
 23 58
 70 57
 71 57
 83 57
 82 57
 58 57
 57 57
 96 58
 96 58
 13 55
 13 55
 44 57
 44 57
 97 58
 97 58
 10 55
 10 55
 36 59
 36 59
 91 56
 91 56
 33 56
 32 56
 87 58
 87 58
 45 57
 44 57
 98 56
 97 56
 9 56
 10 56
 34 57
 34 57
 88 58
 88 58
 43 57
 43 57
 97 57
 97 57
 12 55
 12 55
 42 58
 42 58
 96 58
 96 58
 16 58
 16 58
 52 56
 52 56
 99 58
 98 58
 5 58
 6 58
 19 56
 20 56
 62 57
 62 57
 93 55
 93 55
 24 60
 25 60
 74 56
 74 56
 77 56
 77 56
 70 57
 70 57
 83 58
 82 58
 58 57
 58 57
 97 57
 96 57
 13 57
 13 57
 46 58
 46 58
 98 56
 98 56
 7 57
 7 57
 27 56
 26 56
 76 56
 77 56
 71 56
 71 56
 82 58
 81 58
 60 57
 60 57
 95 56
 95 56
 19 58
 19 58
 62 58
 62 58
 93 56
 93 56
 25 58
 25 58
 75 58
 75 58
 75 57
 75 57
 75 56
 75 56
 74 57
 73 57
 76 57
 76 57
 71 57
 71 57
 81 58
 81 58
 61 58
 61 58
 94 57
 94 57
 23 55
 23 55
 69 56
 69 56
 84 56
 84 56
 53 59
 53 59
 98 56
 98 56
 6 55
 6 55
 22 59
 22 59
 69 56
 69 56
 85 56
 85 56
 50 58
 51 58
 99 57
 99 57
 5 58
 5 58
 19 56
 19 56
 60 57
 60 57
 95 58
 95 58
 19 56
 20 56
 61 55
 61 55
 93 58
 93 58
 25 57
 25 57
 73 56
 73 56
 78 56
 78 56
 69 58
 69 58
 85 57
 85 57
 50 57
 50 57
 99 56
 99 56
 4 58
 5 58
 19 58
 19 58
 59 57
 59 57
 95 57
 96 57
 18 58
 17 58
 56 57
 56 57
 97 56
 97 56
 10 57
 10 57
 37 58
 37 58
 92 56
 92 56
 29 57
 30 57
 82 59
 82 59
 58 58
 58 58
 96 58
 96 58
 15 56
 16 56
 52 56
 51 56
 98 56
 99 56
 6 57
 5 57
 20 56
 20 56
 63 57
 63 57
 92 56
 92 56
 29 58
 30 58
 82 56
 82 56
 58 57
 58 57
 97 59
 96 59
 14 56
 13 56
 48 57
 47 57
 99 57
 99 57
 6 57
 7 57
 23 56
 23 56
 70 56
 70 56
 83 58
 83 58
 56 57
 56 57
 97 57
 97 57
 10 57
 11 57
 37 57
 38 57
 92 57
 93 57
 27 57
 27 57
 77 56
 77 56
 70 57
 70 57
 83 57
 84 57
 54 58
 55 58
 98 55
 98 55
 8 59
 8 59
 30 59
 30 59
 83 55
 82 55
 57 58
 57 58
 97 55
 97 55
 12 58
 12 58
 42 56
 42 56
 96 58
 96 58
 14 56
 14 56
 48 57
 48 57
 98 58
 99 58
 5 58
 6 58
 20 57
 20 57
 63 56
 63 56
 92 58
 92 58
 29 56
 29 56
 81 57
 81 57
 61 57
 61 57
 94 56
 94 56
 23 56
 23 56
 70 58
 69 58
 84 56
 84 56
 54 58
 55 58
 98 56
 98 56
 7 56
 7 56
 27 56
 27 56
 79 58
 78 58
 67 57
 67 57
 88 57
 88 57
 43 56
 44 56
 97 57
 97 57
 11 56
 12 56
 40 57
 39 57
 95 57
 95 57
 20 55
 20 55
 63 57
 63 57
 92 57
 92 57
 30 58
 30 58
 82 57
 82 57
 58 57
 58 57
 96 56
 96 56
 14 57
 14 57
 48 57
 47 57
 98 58
 98 58
 6 57
 5 57
 21 57
 21 57
 67 56
 67 56
 88 57
 88 57
 43 56
 43 56
 96 57
 97 57
 12 58
 12 58
 43 58
 43 58
 97 58
 97 58
 12 55
 12 55
 43 57
 43 57
 97 58
 97 58
 13 58
 12 58
 43 56
 44 56
 97 58
 97 58
 11 57
 11 57
 38 58
 38 58
 93 57
 93 57
 26 57
 26 57
 76 58
 75 58
 73 56
 73 56
 78 58
 78 58
 69 57
 69 57
 85 57
 85 57
 51 59
 51 59
 98 56
 98 56
 5 58
 5 58
 19 56
 19 56
 61 57
 61 57
 94 59
 94 59
 22 55
 22 55
 69 56
 68 56
 85 58
 85 58
 50 57
 51 57
 98 58
 99 58
 5 57
 5 57
 19 56
 18 56
 60 58
 59 58
 95 59
 94 59
 19 55
 20 55
 61 56
 62 56
 94 58
 94 58
 25 57
 25 57
 73 56
 73 56
 77 56
 78 56
 69 57
 69 57
 85 57
 85 57
 51 58
 50 58
 99 58
 99 58
 5 58
 5 58
 18 57
 18 57
 59 57
 60 57
 95 58
 95 58
 19 57
 18 57
 59 57
 60 57
 95 56
 95 56
 18 58
 18 58
 58 57
 58 57
 96 57
 97 57
 13 57
 13 57
 45 56
 45 56
 98 57
 98 57
 8 58
 8 58
 29 57
 29 57
 82 57
 82 57
 58 57
 58 57
 96 55
 96 55
 15 58
 15 58
 51 57
 51 57
 99 56
 99 56
 5 57
 5 57
 19 58
 19 58
 59 57
 60 57
 95 56
 95 56
 19 55
 19 55
 61 58
 61 58
 94 57
 94 57
 22 57
 22 57
 68 57
 68 57
 86 56
 86 56
 47 57
 47 57
 98 58
 99 58
 6 56
 6 56
 23 57
 23 57
 70 57
 70 57
 83 57
 83 57
 55 57
 55 57
 98 56
 97 56
 9 59
 9 59
 33 56
 33 56
 87 57
 87 57
 44 58
 45 58
 97 57
 98 57
 10 57
 10 57
 35 56
 34 56
 89 57
 89 57
 38 55
 38 55
 93 57
 94 57
 25 58
 25 58
 74 57
 74 57
 75 59
 76 59
 73 56
 73 56
 77 57
 77 57
 69 57
 68 57
 85 56
 85 56
 50 57
 50 57
 99 56
 99 56
 5 57
 5 57
 19 57
 18 57
 59 58
 60 58
 95 56
 95 56
 18 57
 18 57
 58 57
 59 57
 96 58
 96 58
 15 55
 15 55
 51 56
 50 56
 98 57
 99 57
 5 57
 5 57
 19 58
 19 58
 60 57
 59 57
 95 56
 95 56
 18 57
 18 57
 59 56
 58 56
 96 56
 95 56
 16 57
 16 57
 52 57
 52 57
 98 58
 99 58
 6 58
 6 58
 21 56
 21 56
 65 58
 65 58
 89 58
 89 58
 38 56
 38 56
 93 56
 93 56
 27 56
 27 56
 77 58
 77 58
 70 58
 70 58
 83 58
 84 58
 55 58
 55 58
 98 56
 98 56
 8 57
 9 57
 31 59
 30 59
 84 55
 83 55
 54 57
 54 57
 98 56
 98 56
 8 58
 8 58
 28 56
 28 56
 79 57
 80 57
 65 56
 64 56
 91 56
 90 56
 35 59
 34 59
 89 58
 89 58
 39 58
 39 58
 94 56
 94 56
 23 57
 23 57
 69 55
 69 55
 84 59
 84 59
 52 55
 53 55
 98 57
 98 57
 6 56
 6 56
 21 57
 21 57
 67 57
 67 57
 87 57
 87 57
 43 56
 44 56
 97 58
 97 58
 12 57
 12 57
 40 58
 40 58
 96 57
 95 57
 17 55
 17 55
 57 57
 58 57
 97 58
 96 58
 12 57
 13 57
 43 57
 43 57
 97 58
 96 58
 13 56
 13 56
 43 56
 43 56
 97 57
 97 57
 12 57
 12 57
 41 55
 41 55
 96 58
 95 58
 16 57
 16 57
 54 56
 53 56
 98 57
 98 57
 7 57
 7 57
 26 58
 26 58
 75 57
 75 57
 73 55
 73 55
 78 58
 78 58
 68 56
 68 56
 86 56
 85 56
 49 57
 50 57
 99 58
 98 58
 5 59
 5 59
 19 58
 19 58
 60 56
 59 56
 95 58
 95 58
 18 57
 18 57
 58 57
 58 57
 96 56
 96 56
 14 58
 14 58
 48 56
 48 56
 98 55
 99 55
 6 58
 6 58
 21 56
 22 56
 66 55
 66 55
 88 57
 89 57
 41 56
 40 56
 95 55
 95 55
 18 57
 18 57
 58 57
 59 57
 96 56
 96 56
 15 58
 14 58
 49 59
 49 59
 99 57
 99 57
 5 58
 5 58
 19 56
 19 56
 60 59
 60 59
 95 56
 95 56
 19 58
 19 58
 62 58
 62 58
 93 57
 93 57
 26 58
 25 58
 75 56
 75 56
 75 58
 74 58
 75 56
 75 56
 74 58
 74 58
 77 57
 76 57
 71 57
 71 57
 82 56
 82 56
 58 57
 58 57
 96 57
 96 57
 15 55
 16 55
 52 58
 52 58
 98 57
 99 57
 6 58
 6 58
 20 58
 20 58
 63 55
 64 55
 92 58
 92 58
 31 55
 31 55
 84 58
 84 58
 53 58
 52 58
 99 58
 98 58
 6 56
 6 56
 22 58
 22 58
 67 57
 67 57
 87 56
 87 56
 44 58
 44 58
 97 58
 97 58
 10 56
 10 56
 36 58
 36 58
 91 58
 91 58
 32 55
 32 55
 86 58
 86 58
 47 58
 47 58
 99 58
 98 58
 6 56
 6 56
 22 57
 22 57
 68 58
 68 58
 86 57
 85 57
 49 58
 49 58
 99 56
 99 56
 5 57
 6 57
 20 57
 20 57
 62 57
 62 57
 93 58
 93 58
 26 55
 26 55
 77 59
 76 59
 71 57
 71 57
 81 57
 82 57
 60 58
 60 58
 95 56
 95 56
 19 56
 19 56
 60 57
 61 57
 95 56
 94 56
 21 58
 21 58
 65 57
 65 57
 90 57
 90 57
 35 58
 35 58
 89 56
 89 56
 36 58
 36 58
 92 58
 92 58
 31 57
 31 57
 85 55
 85 55
 51 58
 51 58
 98 56
 99 56
 5 57
 5 57
 19 57
 18 57
 60 56
 60 56
 95 58
 95 58
 20 57
 20 57
 63 58
 63 58
 92 56
 92 56
 29 57
 28 57
 80 57
 81 57
 62 56
 62 56
 93 57
 93 57
 25 58
 25 58
 74 55
 74 55
 75 58
 76 58
 73 57
 73 57
 78 57
 77 57
 69 59
 69 59
 84 57
 84 57
 53 56
 53 56
 98 58
 98 58
 6 55
 6 55
 23 57
 23 57
 69 57
 69 57
 85 57
 85 57
 51 56
 50 56
 99 56
 98 56
 5 56
 5 56
 18 57
 19 57
 60 57
 60 57
 95 56
 95 56
 19 57
 19 57
 61 57
 60 57
 94 57
 94 57
 22 55
 22 55
 66 57
 67 57
 88 56
 88 56
 42 57
 42 57
 96 58
 96 58
 15 57
 15 57
 50 57
 49 57
 99 57
 99 57
 5 58
 5 58
 18 56
 18 56
 58 56
 58 56
 96 57
 96 57
 15 58
 15 58
 51 56
 51 56
 98 56
 98 56
 5 57
 5 57
 20 57
 19 57
 61 57
 61 57
 94 57
 93 57
 24 56
 24 56
 72 56
 72 56
 80 57
 80 57
 64 57
 64 57
 91 57
 91 57
 31 55
 31 55
 85 57
 85 57
 51 59
 51 59
 99 58
 99 58
 5 57
 5 57
 19 55
 19 55
 62 58
 62 58
 93 55
 94 55
 24 56
 24 56
 73 58
 73 58
 78 58
 78 58
 68 55
 68 55
 86 56
 86 56
 47 57
 47 57
 98 57
 99 57
 6 57
 6 57
 23 57
 23 57
 69 56
 69 56
 84 59
 84 59
 53 57
 53 57
 98 57
 98 57
 6 57
 6 57
 24 56
 24 56
 72 57
 72 57
 80 56
 79 56
 65 58
 65 58
 90 58
 90 58
 35 57
 35 57
 90 57
 89 57
 37 57
 37 57
 92 55
 92 55
 30 58
 30 58
 83 57
 83 57
 56 57
 56 57
 97 58
 97 58
 11 56
 11 56
 39 56
 39 56
 94 56
 94 56
 23 57
 23 57
 70 57
 69 57
 83 58
 83 58
 55 55
 55 55
 98 58
 98 58
 8 59
 8 59
 31 56
 30 56
 84 58
 84 58
 54 58
 53 58
 98 55
 98 55
 6 56
 7 56
 25 59
 25 59
 74 58
 74 58
 76 56
 76 56
 73 57
 73 57
 78 58
 78 58
 68 56
 68 56
 86 58
 87 58
 46 58
 46 58
 99 57
 98 57
 7 57
 7 57
 26 58
 26 58
 76 58
 76 58
 72 55
 72 55
 79 59
 79 59
 66 56
 66 56
 88 57
 88 57
 40 56
 40 56
 95 55
 95 55
 19 58
 18 58
 60 57
 59 57
 95 56
 95 56
 18 60
 18 60
 59 56
 59 56
 95 56
 95 56
 17 57
 17 57
 55 57
 55 57
 98 57
 98 57
 10 58
 10 58
 35 56
 35 56
 90 58
 90 58
 37 55
 38 55
 93 57
 93 57
 26 58
 26 58
 76 56
 76 56
 72 55
 72 55
 79 59
 79 59
 64 58
 65 58
 90 55
 90 55
 35 56
 35 56
 90 57
 90 57
 37 56
 36 56
 92 58
 92 58
 29 56
 29 56
 82 57
 82 57
 59 56
 59 56
 96 57
 96 57
 15 59
 15 59
 52 55
 52 55
 99 55
 99 55
 6 59
 6 59
 21 56
 21 56
 67 59
 66 59
 88 57
 88 57
 42 58
 42 58
 96 56
 96 56
 15 56
 15 56
 50 58
 50 58
 99 56
 99 56
 5 55
 5 55
 19 57
 18 57
 60 58
 59 58
 95 56
 95 56
 18 58
 18 58
 59 57
 59 57
 95 57
 95 57
 17 58
 17 58
 55 56
 55 56
 98 58
 98 58
 9 56
 9 56
 31 57
 31 57
 84 57
 84 57
 52 56
 52 56
 99 56
 99 56
 5 57
 5 57
 20 57
 19 57
 62 58
 62 58
 93 57
 93 57
 26 57
 27 57
 77 57
 77 57
 70 57
 71 57
 82 57
 83 57
 57 57
 57 57
 97 57
 97 57
 13 56
 13 56
 44 57
 44 57
 98 57
 97 57
 10 56
 11 56
 36 58
 36 58
 92 56
 91 56
 32 58
 32 58
 85 57
 85 57
 50 56
 51 56
 99 57
 98 57
 5 58
 5 58
 19 56
 19 56
 60 56
 60 56
 95 57
 95 57
 19 57
 19 57
 62 56
 61 56
 93 57
 93 57
 25 56
 24 56
 73 58
 73 58
 77 56
 78 56
 69 59
 69 59
 85 58
 85 58
 51 57
 51 57
 99 58
 99 58
 5 57
 5 57
 19 57
 19 57
 61 59
 61 59
 94 56
 94 56
 21 59
 21 59
 65 57
 65 57
 90 56
 89 56
 37 58
 38 58
 92 57
 93 57
 27 59
 27 59
 79 56
 78 56
 66 56
 67 56
 88 57
 88 57
 42 58
 42 58
 96 56
 96 56
 14 57
 14 57
 47 57
 47 57
 98 58
 98 58
 6 57
 6 57
 22 57
 23 57
 68 58
 68 58
 85 57
 86 57
 48 57
 48 57
 99 58
 99 58
 6 58
 5 58
 20 55
 20 55
 63 58
 62 58
 92 58
 92 58
 28 58
 27 58
 78 55
 78 55
 68 56
 68 56
 86 56
 87 56
 47 58
 47 58
 99 58
 98 58
 6 57
 7 57
 25 57
 24 57
 73 57
 72 57
 78 58
 78 58
 67 56
 67 56
 86 56
 87 56
 45 57
 46 57
 98 56
 98 56
 8 56
 8 56
 29 57
 29 57
 81 57
 81 57
 61 55
 61 55
 94 58
 94 58
 22 58
 22 58
 68 57
 68 57
 86 56
 86 56
 47 56
 47 56
 99 60
 99 60
 6 54
 6 54
 23 58
 23 58
 68 57
 68 57
 86 57
 85 57
 49 56
 49 56
 99 58
 99 58
 5 56
 5 56
 19 58
 19 58
 60 56
 61 56
 94 57
 94 57
 22 56
 21 56
 67 57
 67 57
 88 55
 88 55
 42 57
 42 57
 96 57
 96 57
 15 57
 15 57
 50 57
 50 57
 99 57
 99 57
 4 56
 5 56
 18 57
 18 57
 59 58
 59 58
 96 56
 96 56
 16 57
 16 57
 53 56
 54 56
 98 58
 98 58
 7 58
 7 58
 25 56
 25 56
 73 57
 74 57
 77 58
 77 58
 70 58
 70 58
 83 56
 83 56
 56 57
 57 57
 97 57
 97 57
 11 57
 11 57
 39 56
 39 56
 94 59
 94 59
 21 57
 21 57
 66 57
 65 57
 89 57
 89 57
 38 56
 38 56
 93 57
 93 57
 26 56
 26 56
 76 57
 76 57
 73 57
 74 57
 77 57
 77 57
 69 56
 69 56
 84 57
 85 57
 51 57
 51 57
 99 56
 98 56
 5 56
 5 56
 20 55
 20 55
 62 57
 62 57
 93 59
 92 59
 27 57
 28 57
 78 57
 79 57
 67 58
 67 58
 87 56
 87 56
 45 57
 45 57
 98 57
 98 57
 8 56
 8 56
 29 56
 29 56
 81 58
 82 58
 59 58
 59 58
 96 57
 95 57
 16 56
 16 56
 54 59
 54 59
 98 56
 98 56
 7 56
 7 56
 26 57
 26 57
 75 57
 75 57
 74 58
 74 58
 76 57
 76 57
 72 57
 71 57
 81 56
 80 56
 62 56
 62 56
 93 56
 93 56
 25 58
 26 58
 75 56
 75 56
 74 57
 74 57
 76 58
 76 58
 72 56
 72 56
 80 56
 80 56
 64 57
 64 57
 91 58
 91 58
 32 57
 32 57
 86 57
 86 57
 47 57
 47 57
 98 58
 98 58
 6 56
 7 56
 24 57
 24 57
 72 57
 72 57
 80 56
 80 56
 63 56
 63 56
 92 57
 92 57
 28 58
 28 58
 81 59
 80 59
 61 55
 62 55
 94 58
 93 58
 24 56
 25 56
 73 57
 73 57
 77 57
 77 57
 69 58
 69 58
 84 56
 84 56
 51 56
 51 56
 99 59
 99 59
 5 57
 5 57
 19 56
 19 56
 62 57
 61 57
 94 57
 93 57
 24 57
 24 57
 72 58
 72 58
 79 55
 79 55
 64 56
 65 56
